4294633764
4289584851
4289251485
4286785318
4281477366
4281292783
4279390249
4279107949
4278890520
4276511955
4276415458
4274789027
4274375751
4272732308
4268627626
4268455047
4268291529
4268217675
4264545243
4259373632
4258515475
4257421106
4250865433
4250782026
4250610012
4248293158
4248028294
4246849500
4245826476
4243639035
4242026006
4239973026
4237057954
4236464459
4235509784
4232075001
4230823815
4229875613
4222055372
4219287623
4217321285
4216462482
4212267455
4210307105
4205979247
4203973631
4203971962
4202786422
4200852704
4199552103
4199305576
4198191705
4198107095
4197518633
4195035216
4194651591
4194444653
4189724172
4187867664
4185100262
4183913792
4180184975
4176600883
4173546528
4170369293
4167893298
4167695545
4163465250
4162841211
4162358121
4160567906
4158270884
4157786239
4156180663
4149816364
4146309475
4136833058
4135736746
4134973678
4134494510
4131576995
4128672301
4128383257
4126846719
4124733324
4124636009
4124256151
4120208125
4118547304
4117744808
4113109770
4112674491
4110743997
4110670267
4107606517
4106409196
4106402668
4105157315
4099485600
4098352650
4096954538
4096091533
4095734172
4090371870
4088725989
4084856119
4084329236
4084039405
4081676346
4071859011
4071668759
4070605543
4068666093
4067584950
4067011056
4064960331
4063723683
4058611671
4053174665
4049148598
4046477171
4045330342
4045123945
4042337843
4041758222
4038553867
4034469102
4028802697
4024456517
4016968005
4013911615
4013538469
4013155121
4007646929
4004567950
4003901081
4003316597
4001471577
3999723452
3998359675
3995684933
3986897698
3985232584
3979790656
3979324659
3979289551
3976499631
3976443906
3976006962
3969112218
3967329299
3965685677
3963292397
3959857485
3958763154
3957537054
3954403047
3953916280
3952323772
3946324703
3944702465
3944016923
3938770141
3931428207
3927490080
3927220806
3925086413
3919570417
3919449905
3918670137
3916117914
3915608398
3911703903
3897238128
3895254505
3892222363
3890834051
3890350969
3889876809
3888370530
3887931838
3885433396
3883436476
3882940134
3879921068
3879293294
3875414108
3872663828
3870864103
3868827923
3867097152
3865447051
3862626689
3861825452
3861813578
3860888406
3860048888
3858302100
3856958608
3856020799
3855897657
3854274659
3853845828
3853572369
3850064516
3849053022
3846852441
3846628115
3843671918
3841635269
3839834907
3839612877
3839601128
3837460546
3836761601
3836379948
3836151950
3835795241
3833822974
3832776584
3831338903
3831293780
3829922845
3824537037
3824025853
3819015026
3818908453
3816019129
3809665266
3809193417
3808617351
3808073344
3808071217
3803159777
3799457285
3795345026
3793207982
3787994572
3785165211
3784788885
3781652787
3778700509
3777048911
3776801554
3776774877
3773849802
3772894172
3766844433
3764831237
3762516599
3760474645
3758993483
3756023020
3751540967
3751469255
3750210322
3741430504
3737944217
3735331272
3732087492
3728135361
3726029475
3724937894
3724242120
3717214998
3712313147
3708968457
3707857561
3704969125
3703699251
3703034634
3702845725
3694690674
3692840601
3685866086
3683787829
3678360266
3677879746
3677604696
3677511447
3676733280
3676100390
3673010964
3670482995
3668999583
3667452684
3666595203
3662014241
3660838160
3658510459
3657464846
3655921193
3649134682
3648822092
3648503531
3647923879
3643479094
3640131953
3635600129
3634840496
3630950430
3630406855
3629838753
3624221877
3624068257
3620114517
3618124385
3616269181
3615118309
3612563929
3611030271
3610122082
3609527846
3604923533
3604774567
3599326068
3598895688
3595193146
3593897269
3589729921
3588965243
3585514415
3584568068
3582440879
3581460284
3577313852
3576951151
3576584221
3576462130
3575598990
3570914862
3569064242
3565549796
3563279483
3557891295
3553949242
3552580258
3552205141
3551123937
3550698944
3547853040
3547455658
3545691756
3544345750
3537120209
3535267402
3534296179
3534037077
3527556508
3525575430
3522066797
3516457649
3515319645
3514412441
3513618360
3513364363
3512224126
3510164412
3506798205
3506327297
3505071007
3503310267
3501358097
3500413054
3497893144
3494750746
3494085361
3492916258
3491688053
3490682578
3490400976
3488198979
3484525412
3483092767
3482574627
3481925863
3475106388
3474681337
3473321947
3472202633
3468033082
3466864989
3466302974
3462304253
3461174405
3460671396
3460651448
3459963133
3457080151
3456354782
3445995747
3440715784
3439980762
3437728128
3437124996
3435219187
3433956399
3433389971
3431801523
3431134399
3429815366
3426430997
3424583155
3423924347
3422247931
3422190360
3419187110
3416830673
3416815350
3416778015
3415335730
3415165314
3414681700
3414261886
3414141907
3411822521
3410977649
3409325514
3409232080
3406772438
3402229617
3397773959
3394367069
3393440438
3392633234
3392626043
3392045714
3389088006
3388900189
3387406865
3383468370
3383221896
3376362023
3375507639
3374788449
3373697086
3373605037
3364759246
3364501666
3364372842
3363138409
3362251230
3361850062
3361335844
3360244368
3357460044
3357384729
3356838021
3356166620
3353606729
3353290708
3352555718
3349647648
3346243649
3345317993
3340776181
3340628586
3335214442
3334058719
3333693480
3333248379
3331037410
3330673262
3330569001
3329456012
3328726295
3319116672
3317829924
3316534314
3315396434
3315192572
3314924462
3313875212
3312521683
3311238922
3310761559
3308892027
3306743523
3304504540
3301566839
3299997821
3299076345
3298929823
3298882847
3298759220
3289272915
3288133796
3286742363
3285232471
3284195875
3276220628
3271820523
3266791237
3263732399
3263175367
3261184934
3256908668
3256556222
3255478917
3247937460
3245154953
3243651167
3241466148
3241097490
3240722356
3237566560
3235738633
3235616109
3235577847
3232575465
3230594128
3230295418
3228570659
3227709249
3222332725
3221298807
3220593862
3220349568
3218573241
3218206120
3216857056
3216387410
3214108480
3211639793
3211472206
3210887218
3209666101
3209427554
3208895603
3204915202
3201458089
3197094823
3194441316
3192879508
3192055830
3191141755
3188789437
3187205665
3186973965
3183814100
3180893967
3175650865
3174082910
3169486757
3161734434
3161321875
3159020838
3157573913
3156825392
3155879671
3155845416
3155617177
3155002778
3153099771
3151031099
3149682739
3147871614
3141505163
3140971218
3137129371
3130115013
3129995277
3128193754
3125718584
3124310205
3122507935
3119223990
3117819531
3117296178
3114816807
3114634486
3114124814
3112803361
3112780241
3112658020
3112603830
3104347257
3102935212
3102913690
3100674930
3094598786
3089620250
3087947670
3086810377
3086343698
3085412673
3076559084
3068220937
3064785038
3061681966
3058990313
3054570266
3052971633
3042049057
3040111749
3037971224
3035306693
3034872495
3033180026
3029776039
3027146963
3023574195
3022670413
3022299614
3018083742
3013916149
3009139806
3005639117
3004975834
3004925123
3004771538
3002219888
3000982039
2999001618
2996876698
2996242566
2993719510
2988511032
2987015389
2987015287
2986520789
2984882076
2979934859
2978722825
2977527614
2976816042
2974414935
2974392320
2967653636
2964353188
2962457237
2960911153
2959608134
2953453318
2946071778
2945019929
2944824760
2943592357
2941614977
2938696940
2934354141
2928676079
2928557777
2921797754
2921603911
2921092546
2920484359
2920108626
2915315566
2912949965
2909582976
2908567009
2900937975
2894280410
2893627600
2891218720
2887951998
2882169859
2880229700
2876381426
2866838875
2866085693
2864064314
2863986196
2862892666
2862214771
2861199409
2860798045
2860528183
2860388282
2860174860
2856999681
2855549044
2853270527
2852891121
2852350091
2849841716
2846286936
2845937710
2845148330
2842952529
2841570855
2839328180
2835759950
2835073496
2833595015
2833555218
2833000795
2829653283
2825397141
2824748707
2818360169
2818236601
2817687002
2814502033
2811265537
2810844680
2809869167
2809114193
2808357883
2807434489
2801781802
2801212675
2799371569
2798423478
2797381239
2794712983
2789745945
2788845458
2788106067
2787941388
2786570560
2786098710
2785098814
2772828231
2771655389
2769599470
2767065506
2766642460
2765263074
2762576078
2762207365
2761727720
2758718218
2756826108
2755637290
2751037071
2749834567
2749609320
2747017789
2746513299
2746188298
2744228533
2738155650
2736462493
2733761740
2729585970
2728508136
2728007928
2727871127
2726022939
2725877394
2722325563
2721141253
2721016210
2719601823
2716019608
2711428925
2706562505
2705879659
2705650085
2705200388
2704019056
2700116309
2699410324
2696996309
2696439732
2696383837
2695479652
2693635263
2690154685
2688350214
2686401891
2686227448
2673210495
2671614271
2668665589
2664057044
2659936904
2659428661
2658304281
2657873076
2653527656
2652693736
2649941064
2649429991
2647618105
2645565317
2645343076
2644639136
2644157004
2643821277
2640081703
2638884190
2638839557
2636535011
2635961058
2635806666
2629010656
2622379742
2621574856
2618826203
2614563694
2614525248
2614040694
2613828969
2613394816
2611995892
2611069698
2609304548
2608765418
2604778827
2597519994
2594598221
2592854015
2584810427
2583192809
2581812067
2580066443
2578180490
2577893415
2576268003
2575539448
2573339864
2572924133
2569776315
2565943779
2565692066
2564107535
2563530439
2561570994
2560843358
2558908042
2558121274
2556820389
2554810042
2553528262
2553197630
2552365172
2551866442
2551497891
2548614487
2547071758
2546281635
2545363937
2543241748
2538396938
2535817890
2533024807
2529900869
2525523737
2521161626
2520209739
2519885631
2518926108
2513305923
2511395682
2510299209
2509257520
2505974029
2503581943
2502648732
2500491647
2500092247
2499196952
2497434479
2494102751
2490438869
2488630003
2485379590
2484589696
2482604140
2467355503
2465132505
2464309896
2463558192
2463199016
2462850479
2457769492
2457327455
2450871972
2449426070
2447893970
2445098339
2444548273
2444022892
2443240561
2442527341
2434765513
2432725607
2432581738
2431707116
2429679116
2429098096
2424218335
2424086138
2418007561
2417480382
2417474169
2413195909
2413088059
2411733238
2410568277
2410293299
2409134846
2407664244
2406411446
2404687849
2403465388
2401665307
2398104576
2397880335
2396014954
2391495201
2391346078
2386255980
2385710616
2378828094
2378351987
2377472833
2376079152
2369820917
2369331681
2367870229
2367461352
2362336726
2359789605
2357549334
2355254222
2353184054
2352497097
2352083672
2351147425
2348847085
2342594710
2341699357
2335943715
2335500413
2334123498
2330383902
2328188241
2327041621
2325134573
2324829497
2323901874
2321699609
2320430150
2319150767
2316537048
2313735720
2313723337
2303541957
2299217850
2298518953
2295748455
2294681869
2294016884
2290564177
2288612712
2285432870
2284081678
2281447268
2281367475
2280348407
2277333208
2272776094
2272414822
2267737717
2267020988
2266182985
2264224622
2263729293
2262211324
2256758329
2254742631
2254697437
2254222501
2253532614
2253366476
2252369671
2251042135
2249190950
2241701828
2241661577
2240928675
2238897924
2238403679
2233972948
2230851605
2226666698
2222068340
2221594618
2217738443
2215568055
2214460032
2210829066
2209412354
2207546334
2204591080
2201575836
2201234879
2200109704
2198327064
2198272615
2196366950
2187518180
2187382177
2182177753
2178933197
2178763847
2177169890
2174857150
2173275394
2168781762
2168748715
2165568033
2165500200
2164605623
2163490137
2162771267
2161393477
2160917048
2157923784
2156115200
2155920476
2155823330
2155245111
2151063056
2151032664
2150274040
2147103003
2140847342
2133239712
2132635101
2131603164
2125617087
2122991523
2120940951
2120074188
2117031577
2114993579
2114360306
2111489856
2110179842
2108773061
2108704872
2107197188
2106648938
2106442289
2104388708
2102662579
2101942371
2101631518
2097229298
2091762292
2089025543
2087342162
2082103158
2080662313
2072389561
2072314839
2072251293
2071070513
2070361328
2068762170
2056230013
2054803114
2054554418
2053246022
2052610183
2049374344
2049092803
2047128260
2046647154
2046214961
2045872715
2044634482
2036218834
2035807339
2035738580
2035563658
2035180595
2033412303
2032093096
2032090691
2031401014
2031109530
2027028278
2019603784
2015585926
2013646045
2012867622
2004691303
1997574311
1996017233
1994211053
1994054829
1993935376
1991514478
1991038950
1988394416
1985548133
1984585236
1983114591
1976127800
1975468927
1974391042
1970904308
1959680373
1959072055
1957217168
1955376937
1953450459
1951782200
1949527064
1949409733
1948925047
1942890945
1942726318
1941237556
1939810566
1935033069
1934079439
1934036798
1934000209
1932650270
1930670587
1928339095
1928164048
1926434663
1925720023
1924796749
1922961848
1920990429
1918556168
1917774778
1917462315
1912937552
1905862161
1905564693
1905038160
1904176046
1902288414
1900986386
1899093541
1897848269
1894820324
1893981758
1893035820
1890669056
1889997827
1887453237
1884496174
1883795502
1879172371
1879098394
1877797774
1875597670
1875196901
1874095887
1870145787
1866780221
1865837666
1862161886
1861042459
1854958569
1852316999
1851202993
1849970324
1849855491
1849662797
1845984511
1833001178
1832791167
1827785110
1824061525
1822916142
1821503052
1818471252
1817406282
1805263512
1805250313
1805194754
1804990305
1803618849
1803320713
1803153883
1795732600
1792254035
1790388199
1789151294
1788737613
1783610896
1783141732
1782288047
1775065775
1774628932
1773638190
1772382008
1772337277
1769853227
1765905105
1762683871
1758913583
1758713708
1756615304
1753047480
1749802367
1748191729
1746354949
1744532107
1734930697
1730378754
1727305562
1726926830
1722861149
1722352434
1721890377
1720836739
1719964386
1716642074
1716545401
1716162541
1712910539
1700885238
1699585933
1697813562
1696805586
1695635590
1691448474
1688465938
1686151610
1685755785
1684053555
1683069627
1677553853
1676587971
1672044302
1667744885
1666997699
1656660893
1656261229
1649531515
1648572978
1647642201
1643808483
1642129373
1639852079
1637574652
1632677892
1631356904
1630917493
1630374039
1629306451
1627588723
1627272552
1626567420
1623988582
1623718524
1622536930
1620195220
1615463847
1612488303
1612461588
1611593861
1610914093
1610628570
1609956042
1608932983
1608643487
1608237890
1607047148
1606640166
1603903103
1601332821
1599905154
1599294862
1596793630
1596233897
1593264285
1592963737
1592411505
1591623386
1585925843
1583857725
1583522524
1581392640
1579762850
1578968273
1578940745
1578440719
1577198408
1575397949
1570308640
1557065140
1556631485
1555472221
1552131726
1551386954
1549256797
1548740758
1548418123
1541959221
1539529318
1537264382
1535830780
1535739769
1533668102
1533077935
1529475316
1528422350
1527787518
1524743055
1523444313
1513723804
1513555805
1510316060
1509691943
1506984933
1506562794
1506036889
1502390695
1502270919
1499488230
1491854449
1487581746
1486189382
1483531027
1483432417
1482766059
1481089305
1479053315
1474024297
1473392124
1466277422
1465987441
1463611145
1462123030
1461394285
1460897209
1460416413
1458370381
1458290074
1456841892
1452581181
1449340801
1448343149
1447637373
1446795640
1445357096
1444219206
1438938983
1436920952
1434776703
1431495978
1429157600
1428100606
1422992950
1422471946
1421357185
1417307126
1416927728
1416675268
1413236605
1412902358
1411747719
1411707830
1411590798
1411559032
1411099094
1406247717
1403155655
1400564892
1399823036
1399362865
1399283409
1398957274
1398677780
1398081643
1393284282
1390497494
1390067422
1389478612
1386549596
1385564177
1385523557
1385306799
1381369748
1379947480
1377441707
1376230180
1372280587
1370649256
1370063443
1368591153
1367764889
1367647057
1365527908
1365283725
1364861328
1364183117
1362330942
1359552126
1358755034
1358299582
1356264391
1356220915
1349136856
1348028449
1345449241
1342674371
1342394485
1342344950
1338871904
1338589754
1338311147
1336996400
1331209563
1330892160
1330542233
1329563986
1328545630
1326939764
1325873493
1325563001
1325063984
1320387746
1312300744
1307996427
1307292897
1307175819
1305593860
1304974211
1298531433
1297711665
1297394014
1297073170
1296015618
1292613250
1288332041
1288088615
1287829027
1286292625
1277365996
1275580873
1270265179
1269671947
1269437571
1269333216
1268950739
1268310486
1264368492
1264072928
1259801373
1259409925
1258905849
1258174395
1254564759
1254365258
1252405714
1251352643
1249869961
1249299841
1244169297
1240007990
1237912376
1236939537
1234774477
1234405445
1232843215
1231934057
1229044975
1223474465
1219718212
1219340961
1217148794
1216683219
1213057977
1212242939
1210141366
1210081891
1208577867
1207707361
1204763868
1199774805
1198543487
1198101794
1196750234
1193942034
1193066967
1189168289
1187868153
1187622018
1181789560
1181744394
1179754603
1176939002
1175890775
1171751964
1170351504
1169714477
1168718206
1166898733
1165477756
1159437713
1158259759
1155751564
1154244153
1151042737
1150815060
1150426401
1143169588
1142353669
1140817303
1137863508
1136772251
1135651078
1135309179
1134743936
1134635001
1133221336
1130532660
1130408979
1127194473
1121849608
1121055074
1119574082
1118663570
1114255450
1112966855
1109492378
1106517262
1104898031
1104376254
1104117693
1102386622
1098953333
1097047804
1093312196
1093009139
1091584724
1091579855
1091154726
1090684196
1090415356
1086170966
1083692401
1082997225
1080591106
1080336382
1077757965
1077304641
1076695794
1076027289
1073678897
1072705733
1071525278
1070473657
1070428373
1069171553
1061432555
1059663640
1052735271
1052312618
1047874573
1042393862
1041641608
1031330783
1026229789
1021470080
1018658773
1016182986
1014721776
1013266280
1004902241
1002753803
1000934733
999793764
999307000
997276967
997178591
995249061
994896480
989035905
987291041
986361326
985338359
985274104
984744596
983467611
982963506
980000728
979162553
978865052
967842266
967185850
966815699
966625584
965165741
964984497
960254124
953761178
947988729
946841551
944253176
941660091
941318037
940260291
938928732
930676141
927331614
924806023
924188073
922867739
921609083
915002442
912213996
911691912
910681700
907910277
905443479
900850133
897730038
896138143
893633918
893089500
891437344
887285675
886367319
885582036
883842480
883377113
883116958
881736654
878417004
875432280
874293085
873899221
873427154
871042360
869161955
858906412
857568112
855651169
854786285
847936391
842180869
836393956
836170272
835574590
834492995
832440230
832036043
826194333
824345266
824318196
821459463
819768271
818248091
817895187
817722547
810653385
810481865
807695432
806581085
802913192
802613578
799539393
798453455
797844722
795125806
793926585
793291871
791291023
790574811
784029625
782436337
780874032
776863618
776509613
771731651
766095312
763239458
760721667
750544855
747442960
745232466
741785029
740958115
740564238
740348341
739498295
738201245
730441823
727961061
727500035
722919990
719027750
716507369
714689870
709709058
707553346
707097549
705148783
704457050
704043020
703073146
700378970
699165235
697370415
696758934
696697642
696428192
689325827
686949877
682321418
682017848
678028231
675451780
667278350
664459929
661749455
661006341
653326230
647078583
646068908
643464169
641407435
641162279
638144871
638036190
637619010
636733218
636116345
636020756
635131281
633728558
632184331
630500117
629275389
626405270
626377115
626158254
625477524
624433192
623361323
623225770
621841494
617461062
614372435
610677243
608016271
605538507
605188946
598579443
598337215
595481206
591502273
588331405
587104432
586857455
586176343
578696855
573860792
573588112
572955577
572264238
570400157
569075424
566772052
565332190
562637783
557711621
556873917
556389288
551813043
550574178
550381076
549987923
546360968
544708809
543602692
541074781
540547889
540115191
537671127
535279427
533197605
532399834
532084399
529831209
528268592
527064148
522627803
512078594
505646317
505194526
503405401
501384438
500097043
487479963
484569390
484507860
483311287
482159575
481930212
481711124
480926831
480771251
479380968
478598831
477964055
477755525
477122544
476212486
475808127
472763173
471920846
471572001
470948982
467974861
467800700
464573433
463196412
460676275
457890336
456817993
455255235
454767888
450412123
449827227
447843708
444174855
441436638
438445219
432965029
431201625
430476917
429541753
429021269
419299113
417183949
416633387
416545194
415916100
414316626
413310452
408794333
408149733
404627502
400199836
399176111
397713189
393521056
392989073
390060232
380505401
378916324
365691034
365035510
357419777
356415123
351251401
350225528
349207019
344655997
337543009
335113187
332182305
331825073
331759180
325272741
324934774
322439853
320951947
320787518
318561927
317643481
317067160
315787196
315572929
315529289
314844835
307378065
306960312
301629147
296484500
294479722
290833458
289759126
289586133
288683961
288126226
287619170
286483126
285483416
281417960
280869557
280460821
279294123
275400077
272713067
267626154
263810665
259301160
252970623
252676985
252176154
251838970
249482785
243007020
235464397
234702261
233117953
232513446
229613668
226597876
226437114
218008493
208468759
207403497
206766252
206416203
203916288
203107854
202136085
194625918
193512608
190152224
189987863
188283686
187674733
184747569
181173225
178789918
177488494
176805196
175647244
174923845
174063523
173554191
172500534
171053059
156421807
155882839
150446893
150237940
149331138
148518800
148403557
145135840
142842431
139831508
139736397
138031765
137995651
134591731
130363393
127386675
127323635
122099614
120063099
118821940
115655610
114668989
105943753
104775073
104669641
102706274
99297814
98037261
93536771
92799643
90686638
89462028
89144525
88207013
85380193
84434361
84293869
84130577
77623199
74615999
67655664
67255040
63601381
60507272
58624896
53485588
52479676
48518870
46947251
46397897
37841948
34743391
29682695
27602136
27409387
27189251
24757861
21717382
21491727
16709322
13554535
11719517
11264780
10322977
8557040
6842915
3780843
2092952
2866480
5149225
6355620
7147772
7581963
8455383
9732297
11840854
12939268
18229571
22744493
24612625
29885917
31082445
35129609
35177309
36376234
42896944
47179619
48233097
53000358
53205423
60357441
60630078
63332002
63616334
70815368
70986948
75409231
77135706
78832310
78899538
79083625
81083397
82321865
84571366
85253162
86683748
87941842
91782238
93020197
93717980
95210446
97608525
101077260
105076452
111520721
112014583
115833529
116530714
117467922
117586500
121472726
122765257
123182280
123397356
124699993
128346455
130093111
137332439
138534798
139875641
141769261
141779210
142665881
143317140
143558598
149425525
150670566
158666155
160491995
161983230
161984184
164205182
166821318
167924260
168085225
171004842
172775236
178117628
179098532
185750236
188128848
188801140
195155428
198295046
206943020
210632037
210690207
214068966
214932464
215205654
215701070
217868111
218729911
219421282
220001801
221771967
223271993
223819167
227475852
235140027
235571436
235600985
240487206
241865010
244250853
251720840
252517433
254365927
254446219
254475753
263034248
264979354
266682850
268130787
268858935
269228657
272750322
276114425
276128235
276979396
278332923
279085778
280637864
281146135
282928551
283145931
292115515
294177022
300980483
302610684
307203962
307214304
309113115
310518249
312875996
315086242
315139996
316240931
323100204
325243397
327023621
327616681
327784697
329906113
329962421
332995946
334681962
336748250
342055775
342509941
342975991
348542297
350654930
351238182
353125978
356466225
360262154
360379714
362909660
363850301
365536539
367602599
368165674
369434980
372468749
374321540
375882171
381548372
383895574
383987834
385087005
387889421
389298970
389377482
392795310
393368193
396245367
402200271
407037836
409161091
409787401
410036945
414740021
414949873
420829739
423504258
424184803
424488506
424526344
427636294
430792895
431424207
432506044
433557791
435832034
436108622
437515097
439556798
441921861
444724700
446158766
448044151
448290915
450909063
451671172
452009901
456591979
458092863
458486160
459142595
462691421
470029336
470372087
474128403
477786346
479286775
481547024
489778093
489995679
491378993
499448254
504654127
506187112
507474640
510568532
520123581
522305870
523836323
525237397
526364194
526641803
529405938
529427111
529532734
540309493
541378098
543380250
543533698
548753281
553422305
554298870
554517431
558960267
562121943
569184644
572306871
576365431
576750333
581004114
582189040
583451577
584651420
585274156
586494347
588828841
589659700
594271923
596662719
596830828
603036617
603616743
606543094
606952365
607082300
607827499
609297381
610324130
610587048
611717287
612449997
613033147
614791190
614889406
617474105
621832541
622587623
623676559
628702408
631037512
631928108
633689955
634756369
640820788
644573335
647111478
648710089
649765023
650444199
660963748
664750608
664951498
668718339
671132458
673252804
675080011
677758956
681087012
682729220
685429616
685699498
687520641
689047413
691972008
694518602
697932784
699896550
700119778
701512985
702544571
704694290
705516049
705682903
710212352
719018877
722082191
725794251
734374387
738143151
739037919
740623169
740993648
744490374
749478906
750185643
753405543
756576829
759460631
763063738
763816718
764676603
770798540
771369499
773001239
780314096
783529804
786883006
788567955
794208551
795164140
795783716
797699955
797976460
800270508
802254246
805655847
806345634
809904409
810252429
810461554
811321589
812956855
813193461
814524308
815284846
817187904
817762997
819822207
821431707
821692306
821759540
823039410
823501411
824230619
825220633
826413633
828146504
828302866
830597187
832570340
834050459
834385513
839767300
842252058
843732148
845629307
848065787
848656239
849141362
849748791
851404073
855404177
856141919
859780597
861193755
861487479
868216231
869371311
870219082
873342169
878661887
880814105
883621056
885788934
885918940
887021014
887207320
893477144
893709653
894188534
894207563
896640616
897056132
898778527
900596654
903315637
904447561
908821896
911295981
914040686
914321429
915878984
915912452
920236646
921090954
925318507
928787369
929256166
929594273
931030489
931324935
933453483
934087482
935887193
935908997
936079164
946498471
947153324
947460152
948841188
952793374
954294845
958524905
958948180
961222684
965814790
969432329
969704423
970281263
972039566
976808841
976867257
980386706
981772102
983235552
985622215
986528711
986743554
986926502
987241649
987661648
990266412
994200149
994253853
996311763
997551141
1000487367
1000615542
1003480456
1005426070
1006544102
1008015143
1011111517
1011914910
1020677586
1031297819
1031958639
1032313459
1032964716
1042881958
1045538732
1046383299
1052759748
1057304210
1058289709
1061539069
1063152391
1064108944
1066254640
1066293131
1067010221
1068124619
1069173928
1069268153
1069420585
1072737469
1073515650
1076281444
1078463111
1081663491
1082353775
1082650058
1084375212
1086096456
1087004005
1088194287
1089418455
1105706394
1111530483
1113737536
1113773830
1114472396
1116570121
1117054128
1118234367
1118330475
1123209039
1123876939
1124208628
1124443853
1124486123
1124756311
1127331254
1140094982
1143000411
1146780373
1147641840
1149045736
1149210645
1149408432
1156259452
1156648439
1161338715
1161620703
1163539777
1166674678
1168746929
1171241447
1172588554
1172628596
1173039283
1174117425
1174240857
1184326858
1186719533
1186739277
1190202850
1192715352
1194045678
1196016202
1196463969
1196618349
1197973484
1198660005
1200278192
1202036461
1205098829
1212877658
1222988003
1228195451
1230454718
1231431690
1232862748
1232981754
1235756592
1236958400
1238005272
1243668989
1245608297
1247895625
1251749821
1253041891
1255909856
1259310305
1262177620
1264223817
1269102408
1269430876
1271437966
1271527834
1276936451
1281940231
1282923504
1284836323
1285930130
1286864651
1290534801
1291580862
1292550058
1292800975
1293841701
1301124806
1302023232
1302383776
1309566249
1310384847
1312829048
1315135147
1315396820
1317243041
1317275351
1320432078
1325314378
1326802014
1329409466
1334451693
1338302993
1339242369
1343504427
1346573899
1352979445
1356581030
1361440964
1367886676
1376375348
1377742255
1379161585
1384872587
1387195465
1387445612
1387707463
1389406361
1391317385
1391957585
1393321337
1393582244
1399806734
1402404745
1403065418
1405417220
1405627627
1407033736
1407987759
1411581269
1412181763
1413721189
1413803396
1418789254
1419572492
1421390616
1422117319
1426896394
1428891908
1429447718
1432082735
1432381779
1438793044
1439885551
1442153991
1443438405
1443661348
1445043550
1446552201
1449452435
1453881798
1458064111
1460593707
1461000218
1465710738
1469915223
1472151829
1472919013
1474560683
1475552199
1480804401
1481780907
1486079989
1488907974
1490429257
1492520031
1493237980
1494333504
1496907341
1498111255
1505010201
1505727394
1508022346
1508126782
1511119484
1511928500
1516807693
1520633130
1522416373
1524905407
1526248247
1538995727
1542548688
1548058463
1553929629
1554572852
1555436554
1555724103
1556114147
1559893228
1561671020
1562621686
1563509761
1567022483
1568426568
1569433937
1570728990
1570929328
1570950533
1570955713
1573203237
1577678271
1581582914
1582616022
1583598287
1592546179
1593240882
1594756213
1596359315
1597301667
1599368117
1599769094
1601734744
1605464097
1606961340
1611546434
1611958612
1616291962
1618361350
1619982771
1620018122
1623310564
1623740942
1630958311
1632473289
1632649256
1632662951
1632798144
1636790007
1641036818
1645945587
1646343489
1646375812
1652235100
1653261002
1654670652
1657036246
1658770190
1659044446
1660510889
1663013988
1665053422
1668113433
1668253128
1669330089
1669772984
1669809780
1672685695
1679287698
1682251899
1683471953
1684285328
1686085710
1686200434
1691799413
1701841217
1707461914
1710894223
1712017873
1712600655
1714376472
1714415105
1714617783
1715614272
1717110991
1717880767
1723080527
1724767151
1735216512
1735217393
1735409251
1737482370
1737945414
1743178198
1744542985
1744846328
1748911265
1751985977
1752384677
1753076765
1755002796
1755999799
1757497099
1757826014
1758096603
1764442011
1764625911
1766043557
1770207982
1770861904
1772854676
1773034139
1774493658
1780053083
1782204701
1782659177
1782725102
1783771905
1789874096
1796933663
1803426106
1803809566
1804762040
1805058365
1806803961
1809117485
1809265626
1809691678
1810761170
1822127227
1822160585
1822879632
1822888195
1828958454
1830019146
1833681915
1834593039
1834801342
1837939380
1838294642
1839956231
1841431391
1842376134
1842665088
1845248581
1847428243
1850526942
1851500485
1852192155
1856653388
1857599628
1863621428
1867393292
1871667664
1879981031
1880338818
1882794509
1886682992
1887297018
1887919267
1888469163
1895870792
1897540628
1897682477
1898186683
1899851268
1903694812
1905790027
1906299050
1906558443
1908955581
1909905225
1913023255
1916476880
1918767089
1920843358
1920906950
1921835234
1923834797
1925822644
1930556741
1930759954
1931125196
1932181790
1933411453
1933430588
1938520876
1945902389
1946651166
1946823020
1948497626
1948569585
1950338042
1950962601
1952389820
1957941980
1962587711
1962971537
1963675260
1966812120
1968085959
1969900171
1974031074
1976784503
1979832020
1983392703
1987659612
1994430358
1994664990
1998741532
1999394450
2004855293
2006597271
2011369428
2011442397
2016073801
2016999330
2017628640
2020861524
2022880625
2024569397
2024960476
2026025958
2026034400
2026489692
2028014770
2028302709
2030383176
2030419312
2035842094
2040221427
2040998822
2041016100
2041249538
2042688671
2048952177
2050111416
2057503097
2058846098
2059944471
2063186418
2065081488
2065852386
2065941780
2066057703
2066078987
2066832029
2066943456
2067544827
2067598365
2067757466
2069645005
2074692321
2074980951
2074989759
2077496080
2077595688
2080649955
2081541724
2083138375
2090044948
2091027256
2093034120
2094515444
2095519928
2096041171
2097295378
2099979307
2101447893
2101782269
2102740363
2105974626
2106879655
2108122567
2112112435
2112725773
2117006190
2123004805
2124144745
2126971997
2127135068
2127425133
2129908295
2135926216
2139128125
2142423723
2143280718
2150561824
2152618202
2152879568
2154155647
2154574227
2155679827
2156061453
2157062892
2157404487
2159018184
2164703294
2165547008
2165664624
2166562687
2169362544
2173798762
2175801721
2177700395
2179914756
2180404327
2183118381
2183161064
2184555733
2187349904
2188584597
2188645894
2190154570
2191441070
2191765155
2192360259
2192560772
2192681257
2193469934
2193509669
2194527844
2194965446
2196648411
2198969800
2199305959
2201079876
2202600701
2203373498
2203967484
2204952071
2206334187
2209270219
2209890062
2214310938
2214869422
2217871811
2218560071
2219926999
2220588065
2221766231
2222761024
2227582786
2228363088
2229295845
2237398039
2238104658
2238642785
2238981403
2239885299
2247596882
2252002669
2253192789
2254076277
2256122448
2256573092
2256661842
2258504928
2258784055
2267010489
2269655212
2269929684
2276999989
2282388556
2283987350
2287965803
2288256011
2288711290
2292986947
2293125411
2294989779
2297098001
2298121747
2299382531
2300054318
2300926689
2303372675
2304970449
2308444861
2308996044
2309187188
2316878648
2317358375
2317644295
2318497023
2322103883
2323075697
2324836223
2328228691
2328453088
2330918028
2331928802
2334683076
2336909058
2337727180
2341266456
2342430377
2342881107
2343594854
2345850036
2348598186
2349121521
2352986587
2353050051
2355296234
2357044992
2358802583
2358883318
2359768678
2360357254
2360887975
2362234567
2365309341
2368766352
2374750600
2380201485
2382034621
2382331998
2382879148
2383862078
2386010824
2387561092
2387763459
2388408808
2391986945
2396016099
2397112988
2399219402
2399511361
2404205525
2404274278
2404522250
2405357143
2405634333
2405773860
2406731971
2409893185
2411710303
2411925136
2413319727
2417157844
2420562333
2420871298
2421407776
2423014252
2424452012
2427269016
2430225267
2433679530
2440206552
2441728002
2442425719
2445767887
2446875483
2448451499
2453300932
2455655891
2459629865
2462423259
2464278827
2469157285
2477763565
2479579768
2480755917
2482025734
2485726654
2487452951
2487716222
2490063299
2491491090
2492337512
2499776278
2500409504
2501252373
2501927310
2504191686
2506480895
2507292878
2507587732
2516666766
2522132541
2523611447
2524747615
2524979491
2525907004
2527633686
2528887657
2530816349
2534905204
2535613717
2536963152
2542505989
2545764831
2547727001
2548742392
2550069048
2550436575
2554289313
2559479383
2560420539
2567346497
2568727096
2570043886
2572238692
2573893501
2575891725
2581482673
2582554596
2582861481
2584403733
2585555417
2588730172
2591213393
2594167705
2595419349
2596380064
2597454145
2599376157
2600397418
2604291725
2606565697
2608437489
2608456108
2609011129
2609805827
2610539522
2612691946
2613439786
2615394937
2615996247
2617721410
2619673434
2620338395
2621894623
2624167338
2631458300
2640930392
2641913070
2642698630
2644015616
2645891744
2646214921
2653420182
2653730240
2654918388
2656062836
2658187879
2658440718
2658621621
2660329364
2660612490
2667981116
2669183032
2673781316
2678008527
2679817860
2680479765
2686515052
2686871415
2688417645
2691455421
2692016674
2694695931
2695121477
2695869322
2696571738
2696783248
2698640247
2699421027
2701692672
2706380132
2709044399
2710488471
2711507127
2721205853
2722396954
2724267959
2730866071
2732505017
2736166583
2739340051
2744186355
2744274312
2744669746
2744989470
2747419909
2747989276
2752707145
2752870082
2755187039
2757351577
2757460797
2757465451
2757720196
2758413563
2761267752
2762687123
2764388255
2764716982
2767359802
2768719494
2778885193
2779156561
2780438421
2781881860
2785317654
2785518501
2786720826
2787105120
2787677038
2787893725
2788577471
2789855529
2790034781
2791981482
2792158505
2794153961
2795714326
2797164307
2797417127
2798323403
2800822848
2810516471
2813025415
2813508256
2816244427
2816733588
2820276894
2820353913
2823179166
2826629912
2826694053
2829049337
2831904528
2834463702
2834818192
2837201335
2839478777
2839719111
2841783417
2842052520
2842796591
2844245158
2845243498
2845430604
2845835046
2850887614
2854130837
2856345256
2857547301
2859309266
2859598888
2865527428
2866124561
2866882133
2867432219
2877392357
2880580819
2881549676
2885262709
2885346927
2889977861
2891857556
2891928910
2892159140
2893882522
2894655588
2897679611
2899658514
2901911459
2902344435
2903615452
2907338666
2907441854
2910779637
2912080491
2915800515
2919962212
2920490171
2922537403
2923604298
2928851429
2929072236
2932061965
2932402614
2932521620
2934951666
2939202757
2939914137
2940722648
2942686685
2945407985
2945435713
2946842507
2950076015
2954391971
2958828909
2959347504
2960477692
2961763695
2962350884
2966438703
2968236082
2972266625
2972303397
2972896914
2973212468
2974748665
2975403713
2976385358
2980136812
2980754788
2981517571
2984362027
2986746087
2989578421
2990185260
2991286643
2995085713
2995220828
2996716694
2999651569
3001175353
3002356539
3004322505
3009843930
3010046467
3010526712
3013949924
3014174415
3014919028
3015525235
3017812997
3019140976
3023864912
3023932583
3025296948
3026499147
3029043917
3029933863
3030155906
3030191900
3031631629
3032179560
3032554767
3037165510
3041378691
3044480484
3044649518
3045155435
3046804573
3047143445
3049139478
3051177192
3051367214
3053824639
3055825537
3056093502
3058613720
3062031458
3062417494
3069447157
3070037295
3070166184
3070874901
3077956716
3078151953
3078815709
3085143849
3087805496
3089300720
3089535056
3091455076
3092403051
3094965578
3100217606
3102119900
3102653287
3103454423
3103769995
3106818310
3112928699
3114643767
3117496072
3120450532
3120654733
3122012632
3122091258
3122761969
3132887507
3138938193
3140115768
3143925297
3146042791
3155253588
3156106185
3159020285
3160387353
3162230419
3163210823
3164069910
3165949035
3168329152
3173247568
3176389968
3176491814
3177036577
3180432903
3180721189
3180799151
3182617073
3183056595
3184183208
3186615806
3186777653
3187344781
3190463396
3193518544
3198295158
3202903874
3206974785
3207778833
3207819045
3209395241
3211123712
3214696559
3216908120
3219371886
3219960506
3220072114
3221956615
3222007203
3222380726
3222439892
3222874077
3225100213
3225430745
3226677552
3230392852
3231368178
3235982259
3240838283
3245064652
3246957270
3248030586
3249504547
3249743014
3254479595
3257258228
3258010897
3262430038
3266133326
3267302117
3268288427
3271173390
3273161482
3277642412
3281945561
3282141179
3282312479
3283074921
3283875278
3285459649
3291332649
3296632037
3296824630
3299470311
3301474899
3302337323
3305136479
3308856469
3309208959
3310803350
3311154365
3314774735
3316352154
3316731942
3319887720
3320006584
3320793230
3323115303
3326026329
3326553182
3328179601
3328739825
3329581770
3330985894
3333355144
3334010479
3335136024
3335765254
3337710206
3340866755
3342082543
3342178298
3347531051
3350747732
3351716862
3352196122
3354431126
3357368923
3365946784
3366605379
3370509359
3370636886
3378360797
3380229591
3380594887
3380930001
3384962569
3388595975
3389117878
3389412609
3389843418
3392696978
3402687413
3402753771
3402791963
3411736719
3412109691
3415440189
3415851268
3416658374
3417466838
3420206271
3421699570
3421769707
3423409886
3423671937
3425219118
3425676790
3426954861
3429330301
3433300368
3438067537
3439467247
3440142146
3440241600
3441641181
3444145724
3444236237
3444425508
3445583398
3446910903
3448230714
3453803846
3454485823
3454711299
3455661740
3458559693
3459898438
3462105222
3462824041
3465421486
3465706172
3467019287
3467986116
3469253323
3471508534
3474015256
3475226672
3477463756
3477774179
3483692171
3492683734
3494812602
3496747002
3499946921
3504081636
3509577759
3513455585
3514566757
3518900750
3520570199
3521124650
3523755057
3524798409
3525485018
3527236260
3527574367
3529603834
3530952226
3534154065
3534778596
3534824930
3539910990
3540283480
3540304066
3541929493
3544078157
3544463443
3548151828
3548976532
3549651983
3550042340
3551205651
3551325639
3558383126
3558824882
3565174640
3567977599
3570016341
3570636776
3572673244
3576305268
3577125526
3579292021
3579941281
3588936287
3589671665
3590720452
3592918993
3595264614
3595332609
3596561931
3596743122
3597686600
3599575829
3601087338
3602230396
3603206130
3603217819
3605372852
3605788388
3609372436
3611594134
3616160680
3617290355
3617671176
3618953824
3622721365
3630161007
3637663750
3637999933
3638144623
3643213064
3651128635
3652507763
3657302048
3658964349
3659158603
3659881186
3659983227
3664470990
3665799151
3667471863
3669574585
3669651594
3670233584
3671500941
3673596609
3675668757
3681365619
3685877278
3686115613
3686490837
3687355975
3695354853
3697429215
3699151194
3701613063
3702145502
3702465256
3703345749
3704818183
3705164002
3709015452
3715476065
3716181577
3718391793
3719396344
3720528216
3723079950
3727244954
3727928406
3729451211
3737592537
3738122135
3742094434
3744564422
3751227620
3754649822
3755862969
3763600154
3767974156
3777951261
3781103076
3783708194
3784237086
3785288713
3785872520
3786514631
3791480056
3795797809
3796443364
3799278430
3799680095
3800305932
3800669556
3803472624
3803940462
3807643694
3809781668
3812630757
3813584424
3814940333
3816953619
3821350780
3822166036
3822348160
3823366749
3823442898
3824741611
3825868061
3827750101
3828101658
3828929463
3830794665
3834957475
3837390867
3837716195
3837994691
3840234445
3843106352
3848304988
3849460884
3849925834
3852014131
3853585663
3854173772
3856539936
3861349778
3864487453
3868421785
3872951379
3874254011
3876047602
3876726954
3881810902
3882536907
3886668098
3888036666
3888815681
3893397089
3896338468
3899016552
3902335578
3903501684
3906038460
3907358648
3913434474
3914109443
3920043404
3924327628
3925064713
3929659052
3930312193
3935760271
3936540918
3938121535
3938277508
3938596910
3942051399
3942411839
3943704062
3943734190
3945072799
3948114777
3949523205
3950895252
3953494732
3956358300
3958987406
3959036372
3960482563
3962072828
3962711608
3962863150
3965567353
3968390221
3970045573
3970586597
3974058428
3974462117
3976234967
3978673357
3980895213
3981659243
3982412273
3983528423
3983692647
3986706660
3986823313
3987044042
3999704384
4000150635
4001463237
4003494039
4013174883
4016251407
4026544715
4029290977
4031566503
4032785870
4038412518
4041283564
4044635889
4054694532
4057621433
4060402495
4062893745
4063235649
4065832437
4066887895
4069244745
4069430650
4075802513
4076221274
4076706801
4077928356
4082363523
4084448203
4084714442
4085645537
4096188969
4098142297
4100128963
4102037613
4102306295
4102420330
4106095644
4106216352
4106841347
4111160853
4112304009
4114453720
4118104243
4118581275
4119071445
4119176121
4124097723
4124750940
4124764317
4134374077
4139280638
4141416887
4148543034
4148553726
4154070824
4155480590
4161401988
4162756925
4168809684
4169550380
4170239266
4171078055
4173357520
4173714408
4174181071
4176330955
4176952004
4178673583
4178700726
4179896733
4186035272
4186797790
4187810127
4188562964
4195166643
4198510205
4198586917
4201303473
4204001768
4206234085
4208301337
4208763244
4208784391
4209716223
4211399846
4212565560
4213536769
4214527479
4218811999
4222681224
4224822995
4224917542
4230492057
4232284712
4232663198
4233035170
4234895371
4237986141
4238053436
4239164976
4243319100
4244103278
4246214404
4247731377
4248896135
4249886420
4250189799
4252080154
4257226868
4257594983
4257795553
4258893854
4258896493
4259734309
4259912918
4262673465
4262922127
4265882399
4267537899
4268998666
4269128146
4270392948
4271827562
4273413879
4281852426
4282094380
4282303480
4284255881
4285960544
4290136885
