2378828094
1925720023
1934079439
1155751564
3676100390
1575397949
1984585236
2887951998
2417480382
4162358121
1601332821
480771251
1656261229
2746513299
349207019
1926434663
3415165314
130363393
2729585970
2833555218
3868827923
63601381
235464397
3861825452
1897848269
3911703903
3112658020
3419187110
3547853040
4157786239
1411707830
226437114
3363138409
3155879671
3856958608
344655997
1159437713
605188946
27189251
924188073
2294016884
2132635101
1090684196
621841494
365691034
122099614
3897238128
1232843215
3724242120
832440230
624433192
1879098394
940260291
1912937552
2726022939
105943753
3648503531
1506984933
3503310267
836393956
3266791237
2488630003
2482604140
4063723683
3618124385
3308892027
2996242566
142842431
3610122082
3317829924
2608765418
3406772438
243007020
280460821
2860174860
2573339864
2725877394
782436337
3002219888
1481089305
540115191
2974414935
810481865
1356264391
3237566560
2207546334
2233972948
641162279
623361323
3151031099
3466302974
2860388282
3846628115
3034872495
324934774
3102913690
84293869
2592854015
2576268003
661006341
3630950430
3392045714
4110743997
2348847085
3392626043
625477524
58624896
2556820389
4230823815
2814502033
1444219206
3927490080
3918670137
2659428661
3585514415
3553949242
2818236601
997276967
546360968
3037971224
3750210322
3188789437
3068220937
2431707116
380505401
2413088059
2700116309
3855897657
1581392640
2758718218
3527556508
4170369293
2546281635
3035306693
1615463847
3416778015
1934036798
3858302100
2046647154
591502273
3137129371
675451780
2424086138
1390497494
4268455047
3969112218
3125718584
2721016210
3112603830
1765905105
3352555718
252970623
3760474645
1648572978
203107854
2833595015
404627502
3658510459
3004771538
4106409196
1349136856
2756826108
883377113
1513555805
795125806
233117953
886367319
173554191
2946071778
1047874573
1988394416
2690154685
878417004
3147871614
4058611671
1996017233
3535267402
1158259759
3565549796
478598831
3856020799
2254222501
3306743523
2635806666
1609956042
1297711665
780874032
2117031577
3209427554
1305593860
3130115013
1000934733
2114993579
4278890520
2807434489
2673210495
2558908042
1219340961
3677604696
2693635263
887285675
2012867622
3954403047
203916288
661749455
798453455
2686227448
4167695545
207403497
1091154726
193512608
1884496174
2032093096
985338359
3959857485
3953916280
1436920952
4041758222
2353184054
1364861328
2341699357
2644639136
2810844680
979162553
4200852704
1137863508
1900986386
2882169859
2450871972
2267020988
3376362023
587104432
3388900189
626158254
2921603911
3076559084
847936391
3837460546
2938696940
2046214961
2921092546
3494085361
2162771267
633728558
415916100
678028231
967185850
2035180595
3346243649
21717382
2744228533
2535817890
1899093541
2417474169
1071525278
832036043
1207707361
1639852079
1726926830
927331614
1783610896
641407435
1114255450
3460651448
4126846719
2987015287
2706562505
1533668102
2987015389
187674733
557711621
760721667
1411747719
1422992950
314844835
2503581943
2367461352
2328188241
2325134573
2494102751
3356166620
697370415
3240722356
1549256797
1193066967
1187622018
1217148794
2993719510
2249190950
2614563694
315572929
1136772251
2378351987
766095312
115655610
4289584851
2547071758
156421807
3122507935
4258515475
1997574311
2161393477
120063099
2182177753
3552580258
3795345026
3717214998
2611069698
1298531433
2962457237
605538507
2553197630
1756615304
2716019608
2165568033
2695479652
3319116672
3004975834
2658304281
741785029
3525575430
3315396434
365035510
3915608398
275400077
3843671918
4242026006
2342594710
807695432
1052312618
1329563986
24757861
819768271
2321699609
1523444313
2855549044
1456841892
1210141366
3027146963
2525523737
145135840
483311287
1338871904
287619170
1845984511
2251042135
1930670587
3836151950
1307292897
1805194754
980000728
1342344950
4294633764
2900937975
3995684933
1398957274
3235738633
1328545630
2928676079
2880229700
4194444653
3005639117
3433956399
2401665307
910681700
3490400976
2217738443
3330569001
484569390
16709322
2355254222
1465987441
1212242939
1993935376
1072705733
325272741
1607047148
1775065775
2256758329
2409134846
226597876
3210887218
3860048888
2209412354
2238403679
1403155655
1817406282
1151042737
2290564177
2226666698
3429815366
2052610183
3666595203
821459463
1630374039
3772894172
1121055074
2445098339
1854958569
3411822521
1312300744
646068908
3094598786
2033412303
2111489856
3033180026
4134973678
280869557
3169486757
3609527846
1175890775
3256908668
3356838021
1649531515
3119223990
1551386954
3102935212
477964055
2543241748
1462123030
2513305923
3777048911
2221594618
46947251
623225770
1583857725
4135736746
467974861
2894280410
1445357096
967842266
1849662797
413310452
1685755785
3204915202
1097047804
2640081703
1509691943
4187867664
1254564759
540547889
2215568055
2324829497
2809114193
2449426070
2406411446
2187382177
3299997821
3766844433
4205979247
1918556168
960254124
1818471252
4099485600
2649429991
2664057044
2772828231
4013911615
4096091533
1696805586
1474024297
1773638190
1666997699
924806023
53485588
3862626689
3183814100
905443479
1643808483
1154244153
2960911153
331825073
3375507639
2799371569
3865447051
2920108626
2238897924
682321418
3328726295
2053246022
2110179842
2986520789
2705200388
4198107095
229613668
2811265537
2106442289
3724937894
696428192
1264368492
999793764
2252369671
148403557
1672044302
1458290074
3431134399
3514412441
1722861149
2563530439
1244169297
3708968457
1258905849
3870864103
1041641608
1196750234
2313735720
399176111
3836761601
2798423478
3616269181
1277365996
1229044975
263810665
3141505163
1935033069
208468759
2728007928
1234405445
2979934859
3979289551
3345317993
2794712983
1889997827
2160917048
2335943715
824345266
505194526
487479963
3673010964
1499488230
1026229789
1367647057
2313723337
1506036889
2351147425
1021470080
3472202633
6842915
2377472833
824318196
790574811
2497434479
1656660893
1090415356
714689870
331759180
1541959221
2411733238
3819015026
1176939002
2316537048
307378065
1431495978
4222055372
2908567009
1922961848
2572924133
3670482995
4173546528
3808071217
98037261
1134635001
2140847342
3459963133
1510316060
4028802697
2999001618
3415335730
2277333208
3153099771
4250782026
3649134682
983467611
987291041
3387406865
2649941064
1583522524
3545691756
4013538469
234702261
2977527614
4176600883
2108704872
4199552103
2035563658
322439853
3861813578
2538396938
1269437571
3247937460
1070473657
2835759950
3875414108
1362330942
911691912
2705879659
1286292625
431201625
1957217168
3683787829
74615999
4045330342
3140971218
1421357185
2072389561
3892222363
1193942034
1389478612
2785098814
722919990
1592963737
1473392124
3513618360
1688465938
707553346
1959680373
922867739
190152224
4134494510
3735331272
4250865433
3737944217
2114360306
1824061525
3916117914
551813043
3211639793
2463199016
1016182986
874293085
2978722825
1851202993
288683961
1130408979
588331405
3643479094
2749609320
3397773959
696697642
802613578
1413236605
3383468370
1596233897
745232466
3952323772
964984497
1487581746
704457050
2853270527
3353290708
3657464846
2391346078
1127194473
3776801554
1231934057
4070605543
429541753
1234774477
3040111749
4246849500
2920484359
3612563929
4084039405
2288612712
3547455658
77623199
3468033082
3201458089
4235509784
3773849802
1502390695
3313875212
272713067
1548740758
3402229617
315787196
3149682739
2457769492
1258174395
3919449905
900850133
3957537054
480926831
2131603164
1416927728
3218206120
1399823036
1135651078
2835073496
1118663570
2801781802
3599326068
2432581738
1269333216
707097549
3364759246
67255040
2457327455
90686638
3919570417
2013646045
2155920476
3335214442
1370649256
88207013
3888370530
703073146
1748191729
512078594
1593264285
4088725989
2447893970
2107197188
148518800
3157573913
629275389
719027750
1102386622
1893981758
3426430997
378916324
1985548133
1734930697
834492995
1578940745
3506798205
3882940134
3256556222
1320387746
1684053555
2263729293
2241661577
3678360266
4003316597
3944016923
2101631518
2699410324
1591623386
1783141732
2200109704
1292613250
1620195220
586176343
1592411505
1949409733
915002442
1119574082
2629010656
1018658773
3850064516
1104898031
2852350091
3349647648
595481206
776509613
1452581181
1169714477
1623988582
537671127
2072251293
1631356904
3409325514
4038553867
2087342162
1325873493
1991038950
2604778827
4117744808
3944702465
3676733280
2266182985
4084856119
2613394816
171053059
3220349568
2281447268
1535830780
3456354782
3946324703
3491688053
2072314839
727961061
194625918
3461174405
2294681869
1461394285
285483416
1647642201
610677243
2500092247
4162841211
2464309896
3311238922
3624221877
3588965243
29682695
2254697437
2031401014
4136833058
1428100606
252676985
3895254505
3086343698
1852316999
3925086413
1412902358
4268627626
921609083
3466864989
2638839557
2155245111
1376230180
3286742363
2696996309
1934000209
1390067422
2303541957
3373697086
1393284282
3835795241
2319150767
636733218
4107606517
4248028294
449827227
4071859011
1336996400
2704019056
897730038
176805196
1803320713
2671614271
317643481
3437124996
1955376937
3394367069
1716162541
3490682578
3373605037
1069171553
797844722
1556631485
2019603784
1483432417
1577198408
189987863
1208577867
2866838875
1744532107
3781652787
4112674491
2862214771
1774628932
3887931838
3576584221
4274375751
2825397141
2580066443
1667744885
4167893298
3440715784
4189724172
705148783
3703699251
174923845
3222332725
2839328180
2509257520
549987923
438445219
2578180490
1612488303
1411559032
1204763868
2397880335
2323901874
3114124814
2765263074
13554535
3976443906
1446795640
3662014241
3712313147
2280348407
2104388708
3216857056
3117819531
296484500
1795732600
2036218834
335113187
3340776181
4064960331
175647244
3357384729
2866085693
460676275
771731651
3824537037
3569064242
858906412
4212267455
704043020
1052735271
3316534314
3890834051
3298882847
1599294862
2545363937
2801212675
1939810566
99297814
471572001
630500117
281417960
3563279483
2091762292
1133221336
1894820324
2120940951
1140817303
1106517262
2845937710
2272776094
1348028449
3648822092
1168718206
1004902241
3161321875
2429098096
3314924462
696758934
1789151294
1832791167
174063523
4098352650
3333248379
3647923879
4046477171
1059663640
1013266280
139736397
985274104
455255235
2984882076
3965685677
2499196952
3230295418
3261184934
2049092803
2045872715
1875196901
3052971633
450412123
1502270919
1537264382
1603903103
608016271
249482785
3410977649
3263175367
1632677892
1449340801
1626567420
1237912376
1974391042
1578440719
4131576995
2054554418
2150274040
578696855
1612461588
3640131953
1249299841
896138143
34743391
3593897269
3424583155
1862161886
1905038160
1905862161
1358755034
3156825392
3704969125
2196366950
1700885238
3089620250
4268217675
441436638
3029776039
2657873076
337543009
3667452684
817722547
4217321285
3550698944
1902288414
3785165211
2163490137
505646317
2398104576
1579762850
3537120209
818248091
2749834567
2054803114
4183913792
3809193417
3000982039
1077757965
1031330783
4239973026
4110670267
2551497891
3422190360
1098953333
3100674930
1686151610
4219287623
2771655389
1788737613
2418007561
2941614977
1676587971
3833822974
799539393
11264780
1539529318
2210829066
3174082910
390060232
2320430150
2467355503
1189168289
1179754603
4248293158
2253532614
456817993
1406247717
893089500
3474681337
4279107949
4071668759
3979324659
1917774778
430476917
137995651
251838970
2049374344
1080591106
3986897698
826194333
2267737717
1398677780
4067584950
873427154
1890669056
3353606729
432965029
3692840601
835574590
2529900869
4049148598
134591731
1422471946
4264545243
3732087492
965165741
52479676
3762516599
1762683871
3383221896
2614525248
1219718212
2747017789
1920990429
1805263512
4120208125
3694690674
3515319645
730441823
21491727
3867097152
2934354141
3409232080
85380193
1623718524
3611030271
1165477756
2584810427
533197605
1697813562
3778700509
1331209563
3330673262
978865052
3534037077
2178933197
2943592357
2201575836
3497893144
2369331681
139831508
1411099094
1606640166
3809665266
2561570994
1548418123
481930212
320787518
1130532660
573860792
1252405714
1552131726
1730378754
2108773061
2407664244
475808127
3501358097
1758713708
763239458
3064785038
1865837666
891437344
3685866086
3885433396
3829922845
3114634486
3488198979
3728135361
3584568068
1434776703
2357549334
3054570266
1372280587
4128383257
3389088006
2281367475
1381369748
482159575
2788845458
873899221
4096954538
1463611145
2262211324
3551123937
3361335844
4185100262
3963292397
3668999583
2912949965
3808617351
306960312
1883795502
1712910539
3677511447
1338311147
2842952529
1135309179
802913192
637619010
3836379948
3018083742
2122991523
636020756
1083692401
3505071007
3604774567
1385306799
2928557777
4286785318
1386549596
4257421106
429021269
4001471577
184747569
2198272615
84434361
252176154
1790388199
27409387
1399283409
2330383902
4237057954
37841948
3241097490
2462850479
1529475316
470948982
738201245
1932650270
1304974211
2761727720
1803153883
999307000
1077304641
1699585933
2295748455
614372435
854786285
2157923784
3423924347
635131281
267626154
2510299209
2789745945
290833458
3435219187
3927220806
2362336726
3707857561
3155845416
632184331
3793207982
1345449241
2581812067
3360244368
3155002778
626405270
1150815060
2659936904
1181744394
572955577
3522066797
1893035820
1874095887
4180184975
1637574652
716507369
3630406855
3241466148
2106648938
1104117693
667278350
1877797774
1557065140
4016968005
2721141253
638036190
617461062
2560843358
3361850062
1330892160
2102662579
1368591153
1942726318
89144525
2849841716
2809869167
3439980762
626377115
2151032664
1259409925
1585925843
1073678897
2443240561
1269671947
2386255980
1716642074
1198101794
855651169
11719517
3192055830
3364372842
3879921068
1506562794
984744596
178789918
3235577847
3374788449
2327041621
2518926108
3271820523
3255478917
3009139806
3227709249
2410293299
2644157004
1875597670
1611593861
1170351504
3022670413
1400564892
3890350969
3979790656
3301566839
4013155121
3194441316
3312521683
1941237556
2863986196
3582440879
417183949
1199774805
2852891121
2769599470
1887453237
2733761740
3298759220
2070361328
8557040
709709058
3462304253
1359552126
289586133
1928164048
2953453318
1091584724
2240928675
2786570560
3315192572
938928732
598579443
3799457285
3263732399
1608643487
3284195875
1727305562
2068762170
2031109530
1749802367
2618826203
3058990313
3004925123
1429157600
989035905
4243639035
2424218335
1527787518
1288332041
3764831237
2767065506
177488494
2856999681
2352083672
527064148
2298518953
3155617177
3422247931
875432280
3460671396
2089025543
3849053022
3872663828
1491854449
1251352643
883116958
2688350214
2653527656
1683069627
3589729921
586857455
4007646929
3660838160
3124310205
871042360
3340628586
2551866442
572264238
986361326
1629306451
2502648732
1642129373
3854274659
4272732308
1330542233
3677879746
3703034634
1928339095
1325563001
3803159777
3357460044
1014721776
4128672301
3473321947
2490438869
3161734434
3879293294
4118547304
501384438
2808357883
686949877
3483092767
1959072055
3576951151
3042049057
2736462493
3741430504
1821503052
2614040694
2151063056
350225528
286483126
48518870
2500491647
104775073
842180869
3175650865
941318037
3938770141
393521056
2755637290
3235616109
3758993483
3304504540
2241701828
2876381426
3197094823
1976127800
791291023
1627272552
3500413054
569075424
2915315566
1610628570
2434765513
2463558192
3298929823
3726029475
532399834
1479053315
747442960
4232075001
2841570855
471920846
1297394014
1171751964
2101942371
27602136
2177169890
1259801373
2746188298
3112803361
1080336382
1630917493
4124733324
3114816807
4210307105
836170272
1385564177
550574178
2201234879
953761178
727500035
1086170966
941660091
3431801523
2369820917
4113109770
3620114517
1187868153
149331138
3839834907
2533024807
893633918
2862892666
3457080151
2635961058
740348341
1370063443
4084329236
2391495201
3289272915
2155823330
699165235
4202786422
4160567906
3392633234
1849970324
1870145787
3117296178
2082103158
1143169588
2174857150
1994211053
664459929
3976006962
3510164412
2035807339
472763173
522627803
357419777
3831338903
392989073
4199305576
1417307126
1599905154
1721890377
1112966855
2696439732
638144871
2577893415
3191141755
1287829027
2352497097
1804990305
4203971962
3445995747
4274789027
150237940
3209666101
2385710616
982963506
2613828969
3437728128
4163465250
2818360169
2787941388
1307996427
4281292783
4158270884
1150426401
1716545401
2511395682
1627588723
1198543487
503405401
3129995277
1093009139
689325827
1070428373
3416830673
4250610012
2548614487
1695635590
457890336
3513364363
529831209
2705650085
3187205665
1296015618
4124256151
2861199409
1268310486
2686401891
4042337843
2168748715
484507860
416545194
3285232471
1447637373
700378970
3364501666
2198327064
1399362865
1438938983
1578968273
2164605623
1364183117
2621574856
481711124
1254365258
3634840496
67655664
1746354949
2165500200
740958115
682017848
3999723452
1379947480
2647618105
2403465388
2891218720
570400157
2056230013
3186973965
883842480
2047128260
2272414822
447843708
3492916258
1342674371
2564107535
3818908453
1608932983
2643821277
3299076345
2565692066
1555472221
4197518633
2222068340
3839601128
2214460032
1416675268
155882839
477122544
3576462130
2860528183
565332190
1719964386
1326939764
3288133796
2719601823
1307175819
1924796749
2788106067
2766642460
2944824760
3221298807
3860888406
1608237890
3310761559
127386675
1833001178
997178591
2035738580
739498295
810653385
2253366476
2974392320
535279427
2751037071
289759126
2727871127
3276220628
1994054829
3958763154
3218573241
806581085
946841551
4279390249
2404687849
3604923533
1297073170
2921797754
2334123498
3780843
1720836739
1622536930
2976816042
2299217850
3575598990
2376079152
2846286936
181173225
3331037410
3889876809
944253176
4149816364
3208895603
2609304548
2173275394
2996876698
1535739769
1483531027
315529289
2945019929
2413195909
3087947670
2597519994
1949527064
3967329299
2125617087
4045123945
218008493
2027028278
2864064314
2575539448
3104347257
3998359675
3832776584
3329456012
4105157315
1970904308
1142353669
532084399
1486189382
3985232584
1249869961
3883436476
1288088615
1570308640
1803618849
127323635
2824748707
1093312196
1275580873
4146309475
2797381239
1268950739
885582036
89462028
2711428925
2187518180
1002753803
2080662313
4106402668
4259373632
2558121274
3853572369
750544855
2959608134
2554810042
2553528262
2444548273
2284081678
740564238
1104376254
2860798045
138031765
994896480
150446893
1134743936
400199836
3245154953
1524743055
3544345750
1377441707
1076027289
2668665589
1482766059
279294123
2285432870
1866780221
544708809
1769853227
1975468927
3655921193
1365527908
3481925863
3333693480
556873917
2367870229
550381076
3534296179
3232575465
4067011056
4276415458
3159020838
4003901081
1983114591
2817687002
1528422350
232513446
653326230
793291871
573588112
566772052
2044634482
1827785110
1917462315
2893627600
3228570659
647078583
2594598221
1385523557
4195035216
172500534
636116345
2254742631
1942890945
1082997225
2696383837
2652693736
259301160
3061681966
3751540967
46397897
3414261886
912213996
2638884190
3629838753
995249061
541074781
3475106388
2964353188
784029625
1904176046
2645343076
416633387
2611995892
444174855
1365283725
4203973631
467800700
3512224126
1458370381
1358299582
4156180663
2264224622
3839612877
408149733
114668989
2359789605
3702845725
2156115200
60507272
500097043
3022299614
4276511955
408794333
3756023020
3112780241
2728508136
1109492378
2015585926
397713189
1398081643
1091579855
2622379742
1448343149
1991514478
3230594128
2569776315
1270265179
2230851605
2485379590
881736654
3216387410
4024456517
84130577
1356220915
2636535011
4124636009
1342394485
2335500413
463196412
1236939537
3516457649
3784788885
1181789560
4268291529
356415123
3013916149
3787994572
1753047480
4194651591
1610914093
3751469255
3414681700
817895187
3846852441
2505974029
1782288047
206766252
3211472206
2147103003
2432725607
2178763847
556389288
351251401
479380968
1533077935
1805250313
2465132505
3976499631
4198191705
966625584
1792254035
3243651167
2909582976
3414141907
4281477366
2722325563
320951947
2829653283
3128193754
2565943779
2762207365
10322977
3581460284
3220593862
1411590798
1596793630
3577313852
454767888
1951782200
318561927
1905564693
1822916142
3831293780
2442527341
1953450459
3598895688
1677553853
4004567950
598337215
104669641
1460416413
2552365172
1691448474
1861042459
1216683219
3635600129
2521161626
3557891295
869161955
3624068257
1948925047
793926585
4236464459
4229875613
3808073344
2762576078
294479722
102706274
332182305
3776774877
3214108480
4245826476
643464169
476212486
2738155650
2444022892
188283686
3615118309
543602692
1042393862
1466277422
776863618
930676141
1338589754
3482574627
3484525412
3816019129
301629147
2484589696
966815699
562637783
1722352434
1210081891
1758913583
3334058719
528268592
2396014954
2967653636
3494750746
2583192809
1240007990
414316626
3841635269
206416203
2097229298
1849855491
1223474465
4053174665
1166898733
2845148330
2071070513
1121849608
464573433
2168781762
1772337277
2988511032
2032090691
3552205141
3570914862
1264072928
477755525
3931428207
2833000795
3824025853
317067160
1367764889
2520209739
3192879508
4216462482
3433389971
2786098710
1460897209
1772382008
4034469102
2410568277
2133239712
202136085
1325063984
857568112
1213057977
92799643
1061432555
2429679116
1879172371
3853845828
907910277
3180893967
2645565317
3393440438
3085412673
947988729
4081676346
4289251485
4090371870
1513723804
2004691303
2519885631
3086810377
3506327297
419299113
118821940
4095734172
3595193146
3416815350
3362251230
3023574195
4068666093
2204591080
2120074188
288126226
1076695794
93536771
1166674678
63616334
1315135147
3231368178
276128235
4124750940
3273161482
4084448203
2411925136
1913023255
2795714326
3454485823
3257258228
2644015616
1542548688
691972008
2912080491
2572238692
3155253588
3899016552
3440142146
2976385358
3856539936
825220633
3328179601
272750322
2608437489
722082191
3467019287
4076706801
2336909058
2035842094
4233035170
2024960476
753405543
2588730172
3617671176
689047413
2256661842
2397112988
3589671665
423504258
1957941980
3070166184
2506480895
4062893745
3527574367
2990185260
327616681
1735217393
35129609
3010526712
383895574
3602230396
4038412518
3549651983
4057621433
738143151
8455383
294177022
7147772
2050111416
1764442011
489995679
819822207
1087004005
2317358375
3888815681
2744274312
3114643767
1567022483
3122012632
2595419349
2867432219
2545764831
433557791
584651420
1594756213
3446910903
1686085710
3444425508
2619673434
2757465451
137332439
1652235100
1271527834
3548976532
648710089
2175801721
764676603
4214527479
2006597271
510568532
873342169
3053824639
1111530483
3876047602
2829049337
3193518544
900596654
3827750101
2866882133
2581482673
369434980
48233097
3165949035
3426954861
1593240882
4174181071
479286775
2080649955
3609372436
4031566503
2711507127
986528711
3302337323
2139128125
540309493
2606565697
4124764317
589659700
885918940
2341266456
823039410
3965567353
2101447893
3283875278
3830794665
710212352
3738122135
3974462117
3686115613
725794251
861487479
3100217606
2859598888
2011442397
611717287
1147641840
3699151194
4069430650
84571366
1511119484
3462105222
1490429257
3198295158
4257594983
4065832437
3010046467
2798323403
1887919267
2396016099
2030383176
2757720196
2932402614
448044151
2420871298
2256122448
812956855
3520570199
1443661348
771369499
3299470311
1124756311
4268998666
3551325639
1962587711
1453881798
1842376134
4179896733
1089418455
2673781316
2183118381
2204952071
3864487453
2297098001
848065787
883621056
206943020
1561671020
3249743014
1714617783
1931125196
334681962
458486160
681087012
2198969800
1764625911
2065081488
188801140
2934951666
1069173928
1524905407
1171241447
3180721189
95210446
3301474899
2382879148
60357441
797976460
3986706660
3664470990
2752870082
2837201335
3032554767
1320432078
1426896394
4208301337
2881549676
3853585663
78899538
282928551
217868111
526641803
2096041171
3380930001
2349121521
3558824882
3455661740
2065941780
424184803
2206334187
3715476065
929594273
1672685695
2747989276
1665053422
3176491814
111520721
2903615452
2292986947
2409893185
2067544827
3813584424
3146042791
2891857556
3925064713
3316352154
1474560683
1066254640
2660329364
178117628
3357368923
2823179166
1833681915
2058846098
3720528216
1930759954
2480755917
1302023232
2380201485
2156061453
2440206552
3525485018
2192560772
3896338468
1326802014
1505010201
1403065418
649765023
685429616
1343504427
1898186683
1522416373
2958828909
1834593039
3638144623
2227582786
2658621621
1334451693
3309208959
143558598
2609805827
3030155906
898778527
623676559
2640930392
3262430038
2124144745
1230454718
150670566
3881810902
1582616022
2097295378
885788934
2194527844
2701692672
3291332649
2610539522
2446875483
1669330089
1443438405
1339242369
3091455076
93717980
360262154
887207320
1782659177
976808841
215701070
3816953619
2612691946
3120450532
915912452
2165547008
280637864
235571436
1393582244
1301124806
2066057703
3785872520
2293125411
2469157285
215205654
3803940462
2192681257
3448230714
389298970
1061539069
3320006584
1235756592
1000487367
1899851268
2778885193
2752707145
2258784055
1202036461
1632473289
1011111517
1851500485
2442425719
3938596910
3225430745
1282923504
3122091258
5149225
3474015256
3433300368
4106095644
972039566
310518249
2101782269
3366605379
842252058
1508126782
2304970449
3454711299
2191441070
2789855529
2889977861
1156259452
2423014252
42896944
1031297819
1057304210
586494347
2300054318
3378360797
788567955
2011369428
1856653388
198295046
1774493658
3009843930
3935760271
1384872587
719018877
3978673357
4244103278
2501252373
3903501684
4273413879
3282141179
470029336
2946842507
1508022346
2839478777
2485726654
3809781668
3112928699
1338302993
739037919
375882171
263034248
965814790
1081663491
1063152391
2065852386
2534905204
4198586917
1116570121
1809117485
3160387353
2722396954
325243397
2238104658
1008015143
1683471953
594271923
4148553726
3558383126
1822160585
2790034781
1968085959
3044480484
3230392852
929256166
4176952004
278332923
2112725773
4106216352
1663013988
805655847
2939202757
283145931
2355296234
1161338715
1082650058
4201303473
3429330301
4118581275
2834818192
2309187188
2135926216
360379714
1834801342
3335136024
2698640247
4258896493
1606961340
424526344
3962863150
2239885299
459142595
3023864912
1127331254
1830019146
1286864651
3886668098
2155679827
75409231
2841783417
522305870
576365431
2308996044
3970045573
309113115
218729911
4102306295
969432329
436108622
439556798
2680479765
1714376472
402200271
3340866755
4271827562
2169362544
705682903
572306871
2026489692
3651128635
1963675260
2269655212
994200149
276114425
2459629865
3697429215
2252002669
3924327628
3402687413
1407987759
235600985
2785317654
1921835234
2695869322
53205423
4041283564
3671500941
813193461
3754649822
367602599
2522132541
3046804573
2575891725
613033147
3579292021
4257226868
168085225
2857547301
2781881860
9732297
2594167705
2330918028
2127425133
3055825537
1838294642
3723079950
365536539
2972303397
2524747615
420829739
393368193
2164703294
210632037
1950962601
3026499147
350654930
903315637
407037836
3974058428
4265882399
3828929463
4013174883
3902335578
2747419909
4262673465
3936540918
1998741532
2220588065
36376234
606543094
2077496080
896640616
70986948
1402404745
3412109691
3800669556
1117054128
947153324
1186719533
2658440718
3190463396
3044649518
4284255881
2413319727
2995085713
1822888195
4060402495
2368766352
2030419312
410036945
1493237980
1619982771
4188562964
3459898438
3342178298
1196016202
817762997
897056132
1712600655
4290136885
362909660
348542297
2816733588
2854130837
640820788
2152618202
990266412
3337710206
920236646
1259310305
1526248247
1293841701
327784697
3544463443
2820353913
368165674
3570016341
3521124650
2074989759
2500409504
622587623
821431707
363850301
60630078
2800822848
1938520876
983235552
526364194
1149210645
1679287698
770798540
3843106352
185750236
1046383299
1284836323
3565174640
1494333504
4208763244
2348598186
2057503097
987661648
2932521620
2479579768
2106879655
1271437966
2696783248
374321540
3458559693
2477763565
3681365619
161984184
3475226672
562121943
3907358648
31082445
3785288713
504654127
1184326858
477786346
3527236260
933453483
446158766
3037165510
1920906950
2570043886
2387763459
2303372675
1346573899
2482025734
2188645894
3420206271
1292550058
3874254011
612449997
569184644
3828101658
958524905
1031958639
3705164002
276979396
2237398039
3622721365
3837994691
558960267
91782238
554517431
3942051399
2972896914
2358802583
3222439892
1198660005
3605788388
3001175353
329906113
2267010489
4176330955
3837716195
1620018122
3814940333
3702465256
1636790007
2063186418
2899658514
3601087338
894207563
3821350780
2856345256
3248030586
1262177620
2939914137
3703345749
1205098829
1596359315
1429447718
3796443364
780314096
2382331998
2282388556
2323075697
2527633686
800270508
3049139478
3800305932
4259912918
3314774735
3938277508
3352196122
4077928356
47179619
1962971537
2915800515
4250189799
3389412609
3980895213
3014174415
1068124619
2360357254
1969900171
2996716694
856141919
2331928802
3737592537
3078815709
3219960506
3687355975
2066832029
3823442898
3888036666
2797164307
3596743122
252517433
2656062836
1735216512
2582554596
3342082543
4282303480
1592546179
1657036246
2404274278
3799680095
2142423723
3019140976
893709653
1405417220
3471508534
2040221427
832570340
1058289709
2694695931
3652507763
3310803350
2797417127
1376375348
3283074921
1472151829
3795797809
2324836223
806345634
3716181577
2922537403
4238053436
112014583
3987044042
268130787
1766043557
3834957475
1805058365
1418789254
2464278827
609297381
2074980951
2462423259
336748250
677758956
2631458300
3320793230
2877392357
2157404487
3637999933
2548742392
880814105
4069244745
3202903874
1809265626
2959347504
2980754788
3783708194
2620338395
631928108
702544571
548753281
3603206130
139875641
2761267752
342055775
1987659612
3235982259
783529804
4119176121
1897682477
4186797790
149425525
3781103076
2732505017
4212565560
3616160680
3597686600
2322103883
3659881186
302610684
582189040
2604291725
4111160853
3872951379
614889406
1149045736
1950338042
2813508256
4098142297
3823366749
3047143445
2337727180
1236958400
1032313459
3425676790
329962421
3132887507
3176389968
3168329152
210690207
2448451499
911295981
3319887720
3786514631
2105974626
3177036577
3162230419
617474105
1554572852
2020861524
3744564422
870219082
2218560071
2026034400
3015525235
2744186355
470372087
2453300932
3983528423
773001239
1003480456
227475852
3267302117
3411736719
3380229591
2308444861
1669809780
143317140
935908997
583451577
1712017873
834050459
3791480056
1196618349
2099979307
740623169
1837939380
315139996
1174240857
1773034139
2028302709
2525907004
2238981403
2591213393
894188534
1419572492
3462824041
2491491090
2641913070
3143925297
4139280638
2897679611
11840854
2999651569
3893397089
3354431126
1445043550
1005426070
1895870792
2530816349
3296632037
1570950533
2695121477
1653261002
2839719111
1715614272
3333355144
141779210
1974031074
3417466838
3070874901
1758096603
1611958612
1032964716
1976784503
828146504
2193469934
3221956615
2816244427
3958987406
3444145724
1744846328
389377482
332995946
734374387
3041378691
2615394937
914040686
2507587732
6355620
2199305959
2487716222
3960482563
2660612490
3334010479
3254479595
2859309266
2328228691
3370636886
3222380726
3929659052
2183161064
2780438421
1067010221
2127135068
2159018184
1806803961
1556114147
2940722648
2353050051
2582861481
1045538732
4258893854
1516807693
4204001768
1577678271
2196648411
2654918388
219421282
2842796591
86683748
481547024
128346455
1654670652
2920490171
4168809684
2095519928
70815368
4232284712
2755187039
1309566249
1772854676
3467986116
1194045678
4218811999
3089300720
2108122567
2550436575
2794153961
685699498
2411710303
141769261
1212877658
160491995
2744669746
3544078157
2042688671
441921861
1173039283
4252080154
1124443853
2123004805
117467922
3017812997
2560420539
2117006190
172775236
279085778
3258010897
2686515052
3477463756
3534824930
3596561931
3742094434
458092863
2430225267
3117496072
1315396820
4114453720
292115515
1925822644
3415440189
4173714408
3058613720
675080011
167924260
3812630757
2950076015
2845243498
3579941281
1983392703
811321589
1407033736
4246214404
3415851268
931324935
2679817860
2891928910
3207778833
664750608
3030191900
1930556741
2258504928
1755002796
1724767151
596830828
2686871415
2706380132
3453803846
2219926999
697932784
115833529
1281940231
2573893501
2730866071
1168746929
1465710738
935887193
4148543034
3849460884
4267537899
3962711608
878661887
1646375812
63332002
3595332609
3440241600
3311154365
610587048
3920043404
3576305268
2300926689
4096188969
1952389820
2981517571
1174117425
2567346497
4187810127
1124208628
2166562687
214068966
634756369
554298870
1238005272
2193509669
3085143849
3180432903
87941842
3718391793
3305136479
4016251407
529532734
1867393292
756576829
2842052520
2984362027
1882794509
3630161007
1553929629
1422117319
2276999989
4232663198
1757826014
2093034120
4119071445
4213536769
763816718
2787105120
351238182
2568727096
797699955
2201079876
3183056595
385087005
3603217819
414740021
2615996247
4243319100
2016999330
4230492057
53000358
3727928406
1387195465
1387707463
3524798409
3807643694
3402791963
2902344435
1842665088
668718339
1668113433
4134374077
2617721410
1329409466
2017628640
2188584597
1770207982
93020197
2345850036
3822166036
3308856469
315086242
4186035272
4170239266
1228195451
1932181790
1113773830
1946651166
2547727001
2597454145
4154070824
3159020285
2792158505
839767300
1446552201
2688417645
744490374
936079164
2844245158
2194965446
3222874077
2975403713
1393321337
2388408808
2764388255
105076452
2516666766
1916476880
1231431690
3611594134
3669651594
948841188
887021014
2834463702
2669183032
1069420585
588828841
3854173772
3106818310
1994664990
1472919013
3209395241
1966812120
2041249538
452009901
2892159140
82321865
312875996
2523611447
4106841347
3277642412
1570955713
2254076277
1078463111
821692306
4003494039
506187112
869371311
1632798144
1042881958
1411581269
462691421
1755999799
448290915
3914109443
3540304066
2424452012
3029933863
2653730240
987241649
2954391971
3182617073
3529603834
1623740942
1192715352
3226677552
1488907974
2180404327
372468749
3102653287
3550042340
1222988003
2667981116
3184183208
1979832020
4270392948
3837390867
383987834
2786720826
2757460797
3673596609
3186777653
1292800975
2362234567
356466225
682729220
1822879632
1920843358
1285930130
240487206
1458064111
3882536907
3675668757
2894655588
2991286643
628702408
2294989779
4209716223
1088194287
2150561824
4124097723
1379161585
2785518501
432506044
3103769995
1887297018
701512985
3438067537
4118104243
1511928500
1583598287
1632649256
2865527428
1908955581
2744989470
3637663750
3605372852
3051177192
2417157844
3077956716
117586500
4249886420
2256573092
928787369
671132458
845629307
786883006
3981659243
824230619
3402753771
3186615806
1555436554
4054694532
424488506
4178673583
750185643
2358883318
2584403733
327023621
704694290
77135706
1999394450
3986823313
3976234967
4281852426
3173247568
188128848
952793374
435832034
3755862969
3492683734
3416658374
3983692647
1880338818
2501927310
809904409
2995220828
1469915223
4155480590
3281945561
2420562333
814524308
1073515650
3509577759
2945407985
2112112435
2173798762
4063235649
1064108944
1505727394
1413721189
2143280718
810461554
1757497099
1903694812
523836323
2081541724
3078151953
1438793044
3002356539
1601734744
3246957270
1072737469
1845248581
3421769707
1086096456
1143000411
474128403
2316878648
694518602
2646214921
1163539777
2343594854
1632662951
2129908295
179098532
4262922127
2613439786
3326553182
2866480
2826694053
1232981754
3848304988
3070037295
2016073801
121472726
1312829048
1432082735
821759540
2678008527
1569433937
1442153991
817187904
1123209039
2024569397
166821318
3803472624
268858935
241865010
381548372
79083625
2710488471
3211123712
1994430358
427636294
2973212468
3441641181
2179914756
1782204701
396245367
3970586597
576750333
2404522250
4112304009
2391986945
3534778596
2779156561
3669574585
1196463969
1888469163
759460631
3206974785
1563509761
2382034621
29885917
2298121747
3477774179
3667471863
2028014770
22744493
2658187879
1660510889
450909063
2831904528
1548058463
705516049
802254246
1669772984
1475552199
2102740363
1780053083
266682850
3222007203
2536963152
3959036372
4173357520
323100204
2092952
2026025958
2758413563
3913434474
2221766231
4066887895
2945435713
1486079989
1361440964
2318497023
3643213064
2405773860
4208784391
2788577471
3943734190
1686200434
1933411453
647111478
1492520031
2989578421
2334683076
3962072828
1232862748
3876726954
3665799151
2427269016
1161620703
1581582914
409787401
24612625
3938121535
3439467247
3548151828
2974748665
2845835046
1498111255
499448254
2932061965
1770861904
1946823020
1752384677
3968390221
3551205651
1782725102
3465421486
3670233584
4141416887
2214869422
3004322505
3849925834
1245608297
3323115303
409161091
2445767887
2768719494
855404177
4285960544
1599769094
1006544102
4211399846
3103454423
3483692171
2203373498
795783716
1405627627
2696571738
2585555417
596662719
2288711290
254446219
581004114
1391957585
3945072799
2928851429
1243668989
2383862078
3763600154
2810516471
1186739277
2091027256
2360887975
2910779637
826413633
4102037613
2253192789
4076221274
1481780907
3328739825
925318507
3423409886
1570929328
1804762040
2653420182
3180799151
4247731377
1052759748
2041016100
3906038460
2893882522
2094515444
2692016674
85253162
2066943456
1857599628
3389843418
3949523205
1302383776
1659044446
4206234085
2966438703
2600397418
859780597
2317644295
3599575829
1432381779
3388595975
1253041891
699896550
2404205525
3423671937
1389406361
1276936451
3087805496
2813025415
142665881
342975991
1570728990
2691455421
815284846
1377742255
2787893725
1264223817
947460152
2352986587
2487452951
3225100213
2599376157
986743554
3709015452
997551141
958948180
954294845
2421407776
2880580819
244250853
1717110991
3156106185
543380250
2504191686
2542505989
740993648
1605464097
848656239
633689955
3164069910
2283987350
489778093
3329581770
2228363088
980386706
1066293131
3032179560
3031631629
2596380064
3799278430
2209890062
861193755
607082300
281146135
1118234367
1737482370
3590720452
2269929684
3659983227
353125978
254365927
2528887657
1412181763
2642698630
1682251899
2374750600
2972266625
810252429
3013949924
2059944471
1480804401
1611546434
1190202850
994253853
610324130
3956358300
1737945414
3392696978
1317275351
1850526942
585274156
1599368117
1449452435
4029290977
3266133326
673252804
3389117878
4102420330
1069268153
4026544715
2386010824
849748791
3025296948
1105706394
3777951261
529427111
3045155435
3825868061
3094965578
2184555733
1723080527
700119778
3577125526
1156648439
4224822995
2845430604
2721205853
3751227620
2040998822
543533698
1172628596
828302866
456591979
1310384847
2357044992
3695354853
4195166643
2980136812
3868421785
220001801
3852014131
3567977599
849141362
223271993
3282312479
3514566757
4000150635
3513455585
1399806734
3657302048
2645891744
3824741611
3982412273
2968236082
1809691678
2066078987
3271173390
1290534801
1568426568
1803426106
101077260
3335765254
1496907341
915878984
1439885551
3784237086
851404073
1291580862
2069645005
2342430377
3465706172
4222681224
2229295845
2399219402
2960477692
3592918993
4161401988
1118330475
2767359802
81083397
2217871811
2157062892
1011914910
934087482
1421390616
1710894223
3504081636
3102119900
3767974156
235140027
1783771905
195155428
2222761024
3595264614
3380594887
392795310
986926502
1909905225
2077595688
3659158603
1897540628
1428891908
3444236237
1933430588
1413803396
2342881107
2405634333
981772102
3541929493
130093111
914321429
1945902389
1247895625
4169550380
1269430876
2154155647
2621894623
430792895
1847428243
2885262709
3220072114
3701613063
603036617
3729451211
2923604298
2986746087
1200278192
2299382531
985622215
1618361350
2550069048
4259734309
1906558443
3092403051
2535613717
1538995727
1641036818
123182280
3658964349
2152879568
3861349778
1906299050
664951498
2067598365
603616743
223819167
3617290355
1803809566
2203967484
1140094982
2090044948
525237397
2866124561
1691799413
1646343489
868216231
387889421
3316731942
1923834797
1616291962
1841431391
969704423
1948497626
2524979491
3347531051
1000615542
4100128963
2791981482
3518900750
4075802513
2022880625
307214304
3948114777
1948569585
1668253128
2624167338
3572673244
946498471
2490063299
2288256011
3499946921
3069447157
3207819045
2387561092
3719396344
3425219118
2787677038
35177309
3370509359
2177700395
4178700726
1753076765
3351716862
1269102408
3285459649
18229571
1822127227
1918767089
2209270219
830597187
3216908120
650444199
3214696559
3618953824
2739340051
7581963
2083138375
843732148
451671172
3062417494
2455655891
1886682992
1717880767
4224917542
1367886676
4257795553
221771967
2405357143
1391317385
1387445612
2901911459
631037512
3496747002
1658770190
1744542985
1020677586
3523755057
1684285328
2962350884
1076281444
3138938193
3056093502
834385513
3365946784
342509941
2433679530
1562621686
1623310564
1828958454
1871667664
4239164976
4234895371
2492337512
1356581030
4269128146
2154574227
3122761969
158666155
2919962212
1707461914
3296824630
2757351577
621832541
2214310938
300980483
444724700
763063738
2609011129
4084714442
1863621428
2287965803
3942411839
2359768678
2191765155
976867257
161983230
614791190
2764716982
4248896135
520123581
970281263
307203962
124699993
123397356
1743178198
3702145502
1839956231
3140115768
1197973484
2961763695
2850887614
2929072236
2608456108
2399511361
1255909856
3163210823
1810761170
3540283480
1251749821
2202600701
4082363523
1149408432
1879981031
4032785870
660963748
3534154065
553422305
3530952226
4171078055
1555724103
908821896
1796933663
3014919028
2126971997
2554289313
2238642785
264979354
1146780373
1113737536
138534798
3089535056
2441728002
1714415105
3539910990
2736166583
1751985977
931030489
3051367214
1317243041
4162756925
794208551
431424207
2406731971
437515097
3686490837
3840234445
2365309341
2192360259
2499776278
164205182
893477144
1461000218
606952365
541378098
4001463237
2762687123
3685877278
1352979445
2907441854
78832310
4085645537
1748911265
749478906
2074692321
3330985894
254475753
3240838283
3029043917
3268288427
2699421027
529405938
3326026329
3187344781
491378993
2004855293
171004842
1084375212
1852192155
3494812602
904447561
795164140
2885346927
644573335
122765257
2165664624
414949873
1701841217
1114472396
3023932583
607827499
1172588554
4237986141
4282094380
1460593707
2907338666
1520633130
3350747732
3588936287
1124486123
3704818183
1082353775
214932464
996311763
1573203237
116530714
1123876939
316240931
3249504547
3953494732
3062031458
2559479383
2187349904
2724267959
1905790027
3999704384
3445583398
3384962569
507474640
12939268
2190154570
1630958311
4044635889
2507292878
1559893228
2820276894
2709044399
251720840
2048952177
1735409251
1645945587
3469253323
2067757466
687520641
4198510205
1789874096
3219371886
2328453088
3930312193
3943704062
1325314378
3822348160
2942686685
823501411
3570636776
961222684
3120654733
921090954
3421699570
2247596882
3245064652
1597301667
3727244954
2826629912
97608525
269228657
3950895252
