2588401441
1946744625
3622095942
1374486121
3791995970
1806140525
3670363727
3636959077
3383230589
801330961
2424149868
803010681
3244543478
2606605589
16523783
2537194051
562212285
180718006
3716981446
3363343840
622218571
3310644244
744763674
4180723034
1865843405
93647286
249838587
1661100671
620735161
3076521540
2041531490
2224037908
2575285106
2032231804
1594477883
3345305193
2720404177
170653745
721581518
3052933473
3876128903
1643394967
2347077947
3126075585
1420526667
1398638573
3810723467
879489354
356312952
3872873339
773239370
3187560777
2040696179
4108107449
3329539033
3000615866
324943124
4145136108
2148960830
1601785684
2590895579
3235057070
1533957620
2879680256
1410511511
2395439832
2280165863
490132352
3307315700
1436553224
3899741241
2865318552
3055350166
1155876978
643665928
1143841869
3626659362
3961964288
4070441756
1713972997
1051058478
3850273988
1935176512
1724026184
2437014124
3786737538
820299616
865762587
1874197772
1483621348
3934148413
2907505060
4243293994
3063219786
1858474062
2730132173
632045779
1250660626
3325633847
2801636973
1407792151
2623531961
4084879462
3528482689
821246462
4019553223
1174298070
226857308
3072337155
4171764911
3018537818
3769641112
1844646301
184824838
1723447022
3292335074
1742663638
2093095071
1573670011
1935041130
1719149064
3957470091
729223863
1195734677
2327755165
3644974506
1202487610
3996365401
936078623
1856495968
1709677540
1754219908
2034269426
1865771656
1932272571
2665448282
2777586069
4045825694
1425228243
4098632929
444533930
1207560254
3592765306
329934731
3088754226
453214426
601438918
3534935985
2918321989
3439022778
897436484
126153075
1234742678
4039393947
3291116514
339708075
3623725533
485518828
1514369387
3290113224
353397815
4260023578
2806247294
3447893316
3814055498
2572570139
3405245382
2523883836
1372324150
3640352486
3593655321
1228275693
1947404050
3575295906
902228309
2836496483
3034693936
1368573016
1129596435
1673581888
702197365
3353068685
2253441473
1750081492
2530072885
1563051817
2048154990
23087110
706890791
1199804187
967355003
1216773646
4176577586
1255148701
192820465
673163080
1527469262
603851821
1597752935
3423445941
2492989972
487604571
2700941944
1684130640
505376309
4258805716
3864694997
2600560431
3268791838
1736240428
4074698565
4080752583
373748919
4206648613
4137661898
3232093197
1829165589
1021527788
1084000234
3199610315
956454774
3306844960
3030164822
3598722508
4107471175
995854392
3714965274
1159330601
1686533281
1674801345
933078424
3016654673
607312517
2698128231
395996722
2330966591
2015824549
1632380877
4018341268
291396230
902418609
1110779198
2116258127
2856394662
2077508513
2877585981
3096534460
1085839480
4197894497
761918836
146550505
1193236760
3105834680
1130074560
763128961
1015891217
3128357783
1052449020
2557263392
3175128975
1255161140
3850734297
498101845
3144841481
622330053
3716939748
4016499673
1361488198
414972675
381455107
106029391
3281399660
1132041558
3385435960
3771230339
3642397842
2477461282
564215984
2246611304
1132241715
4172395924
1016614259
1459349903
2100720410
2383600451
3429755429
2823472980
890331059
677352920
3214457750
3297198677
458027086
2533230906
1870161093
2223552648
1244783695
3938465146
1640669962
478969641
1554468832
1368416294
692767010
2134842576
2006167487
3259364676
2687724523
2933383774
3650020935
2981027116
2775420595
759057950
2883233895
4039508944
223863354
1665950294
1225099063
1903116138
2162356318
3734336691
1769423927
3622747948
1164069264
4269134521
1998430094
1541206226
3579041723
3765805167
1745989761
30988594
2422342039
3142219371
2922253998
1981219410
3023253141
1633968883
2144168818
1413730792
468385759
4097598502
1557627785
436338363
3225824274
2356971762
1582934222
4155937683
3887054239
2504480139
1970921603
1951610163
3856244976
2179825327
3415781989
2678710476
36422944
955296870
3436830405
928172036
621658233
857551235
4142984256
2544288778
809404860
2290347776
414869091
2835244387
3769632224
227732017
521670994
1333346762
682059273
3532989365
4133680549
2274195435
3932524656
2931667437
1909959437
2812247916
3554586735
3231035885
3420665324
2616828115
74439564
3977688481
738130905
343257133
1741642324
2935418342
1037715115
3201754466
1228504452
3860623867
2841482902
2440299910
1638152703
1986745198
2967835667
446868198
3806742742
2591460570
2965093347
737041745
3741171434
3961639187
2115155306
673250600
2229801039
126095161
2959168453
2377054968
2089840607
2097392266
3640710239
187071213
659975997
520862247
2272183752
1144442681
262647978
2744225894
1198948882
3594742869
2363337423
3623841881
4151705095
1505919462
59222889
726067718
636413644
3673041643
1595733633
784816362
2256912887
666230466
797515616
1018151173
2311053150
3025885801
803399507
530781587
1740481779
2882267649
2638768653
3444571601
346874376
1183187901
1404435549
2793294879
2978110231
777570466
3218754913
3910898418
3467982836
320166817
2418713507
3067068491
3481108992
1243025276
1260948307
2976522808
1866578438
1422605104
239665971
2008791430
2542103374
3462644731
3725127219
2883469255
993671869
1040582771
3335382053
3461153812
233789144
1422760059
2649297516
3692742263
3221076718
3036795645
1782031438
3882954324
2021087550
2860418810
1328558570
1682007836
1544850720
2147152727
2033297426
4217655164
2337686778
4028423318
69146465
3397721774
1547091992
1305769337
2853292482
3130958349
4182715191
482888401
418716041
3799850266
1721913138
1866548250
2784674005
2053383997
3888972993
740962913
2273403961
3405976281
1481115243
2230880722
2237024435
266482947
101768510
1913066873
3241835661
557307072
3769257406
3804015944
1681466488
2760962760
2327178007
318962942
964636813
639868751
354753818
669305831
1830008565
3433638736
3928804769
3247787200
495980650
802477958
665083652
2624745258
3660221127
173310543
3331879705
1042855925
2372064958
1285262837
869527126
2268962618
3920552939
2875670660
3522022863
78157519
1209768422
343803973
4286374289
2758384316
2443742403
919111659
3249403839
1600670226
513235645
2307434514
720673159
2505271355
508616973
2508772581
3193835984
3190116145
3584216711
3531051381
1074577678
4068187055
359792003
2377763480
735604768
2445316265
1906835700
224393757
1262223785
1567951001
281440618
785227335
584899817
316265352
1659585781
999510299
2084996112
2326945433
1575654551
2565955399
1908385087
2588482907
1687310511
1827866567
763442207
3998724571
978707198
593179783
3622061858
2963685772
2359730225
2392198558
2500230369
2091350698
680896906
339102623
3790712022
626096784
1546930948
3139759097
3870324606
4102210838
3732070184
3154315153
1410360341
2998180355
3054797562
66097613
653250065
769252660
1237850544
720747269
1143949018
3336306566
1554546986
157461072
3637877528
3677268221
1511932256
3061327094
644599068
2912131982
4094735130
2967653012
490542108
2002036932
4061495738
3961177575
3715511902
3498086568
2172012516
310486983
2397076359
1499613405
1445744128
635089697
3575434878
3525121659
13840073
3699331826
1283414257
4254151649
458753389
775925202
2875818493
1895473337
186228109
208778303
1550668146
4079067376
2195186131
4187691267
1788764606
3371876574
1003477735
1644243577
4212265945
1456560571
1192320329
3335592425
3447236977
1869009719
1769197630
796984946
2157670884
2593585600
2558456168
1554042746
990542148
623778147
4176025464
3929341453
335215941
3555308006
1719345643
1853425675
4220611616
1145694084
3955182308
2114258052
4147335423
80756429
3572209798
3316045445
254870213
948396258
816358834
3189070228
2443818596
221276859
1734916919
2026063436
313682436
1715001659
2092200755
3733477007
1608448730
1693988945
4247047698
3396183080
4041618179
3671663594
3824045188
2690267801
2742879151
1911759305
4221836810
188304270
426575062
849425942
992781152
2236338410
2892779102
119652426
2347833079
2568123146
2119611212
1236069249
3645202102
2128202097
471223313
3290993585
3134868829
4025883625
1996580660
2547059356
109861313
1599337637
674017080
534387726
2848136823
647947085
1653752952
2637429337
4133168065
3299076839
1119453149
861991523
281268166
1509692164
1540335168
676092607
478436837
3750853247
1455812203
778466460
1704797501
2979943927
90562175
3977930829
1411560911
2455700548
887473222
2860929714
1841936856
977933707
1837990633
2812792360
454597704
1634890351
2114806378
1483369475
2350823
84414934
2602587002
2724397895
1241096386
1791983140
2697973438
2166327050
4276284432
2096995739
2279702003
2567244505
2950175104
3282090018
4034955999
2119689319
4012781895
1917802586
345579161
766515823
1370269855
174342812
1152522878
1376182558
1432038090
2576775977
3314930341
2515209825
2139378670
719594475
1831821600
214151341
1843480962
269196761
3566860775
399226412
1832222130
1611038073
471054072
640362962
3067899634
950333611
1387345465
251125994
916142257
1920067103
4199415137
2575820615
1492971034
2391978150
2496328121
3615729945
2132594219
1930011693
2507626905
2920046127
695682532
625103361
2953743007
2412157841
4212292314
428680469
605833607
3929498801
3534924290
2255939761
3074960377
1527588476
1315528297
4108837746
3736774060
1052133162
87659445
1708497470
557929325
875721923
2576317085
1166984220
2493533779
1883227904
4089835757
2257432413
2590295882
2001457632
3393660205
3944743402
2383371350
412732514
1755674047
3851169398
454843980
3259573637
1423084908
3093080862
2065409986
951101505
1718073119
2333990968
3630472848
1082793396
4173055117
1370079321
2745129228
934194855
3241910531
162334639
2874870399
530563066
221023582
2283561074
3035920565
2350510211
74469440
1550159327
2369415914
67034883
3936252808
1102570733
3668306238
3001522162
1920367511
256967198
4129060117
2042858509
3322163187
1326446575
4167836468
2863871656
1477768491
3270161120
250431740
1560282319
3197554726
836066010
1994309119
1978009423
421067857
2789415094
1946949816
529173933
4126692191
992292088
517630349
2327394135
3244138661
1879489709
2228736053
819417669
1390911139
1611568616
1974900240
902901350
2944421775
1066151946
3949825717
2715769579
1504597804
347832100
3555967927
2659555636
1517735460
298156484
2373339827
959133335
2458095999
1408498460
3403909551
2193191814
1857797092
2932756962
3864101468
596072310
4211321542
724843036
4161587009
2050897806
2709341870
3081583103
997641500
1915021288
1017201687
2046699598
4061083842
1777324536
1963058952
2793722375
2817770606
2193806153
1824249347
3500014800
888617156
2092851484
2733432814
3339607499
3835007915
3674719359
2745994709
7552457
1701113830
3145352669
1802928367
4079686853
3281281401
2757505331
2481176075
1405264609
3073987452
3155955379
3593757660
3994480973
5887319
2562393231
126219901
663505709
3011957469
2627481866
2692714197
1599285621
1971723352
1853454668
1177569801
3361454090
3519523400
2470948169
2327272567
1975687576
2888854196
1606459567
3155407831
1398312497
1025918061
1719082144
623082932
4243854676
1242602815
113746516
1653366430
483046676
3627159585
2412577187
1487839180
1604354566
4009282057
3460531233
532056588
919267630
3539324205
305454019
1847856196
752446575
620592705
2438201908
2832999502
4015043300
1516911300
3807751742
688400189
1929347576
1589460735
2895108732
70501235
2780829073
1270877721
4285258315
2742460940
568812724
3573473374
993933660
289550324
3474582394
4083388501
3986753062
2607392354
375044242
4116394602
689856422
2697080712
1934833215
1088690630
1978935285
261588671
3529071533
1261779399
1316457006
3321455920
2665383392
1663786661
4031856632
2372617474
856908259
6789112
3939575638
3918633934
265382441
350989239
1013324870
495501311
2019656292
460543764
214155101
1004515469
3843968528
1695806303
2200909910
570961619
2886742924
2018193940
1155849742
3354858289
1400161718
2489434664
158315613
3363282962
2954327728
4278120165
3981181130
2683342641
3175860122
1635137982
385748192
3859340446
3191003213
1602184665
2997298864
4226200561
566096287
4097300672
2087523285
3186108828
1496010851
3295742716
10548749
2694741676
2691472148
3917688002
1122026572
2057061202
1777424014
248436203
1127235532
2275166119
2045221997
349473063
1780208267
3773064667
3065507711
2442738260
1761275417
528898406
2317174978
4151063657
3074857273
2070730573
2878907395
2465608182
250399395
4146851159
4054025845
846876514
4216975970
1852069674
2330243345
1293491973
1363336301
2882352143
2583311641
2221593613
1497727878
3027869293
215731265
106383264
1776106537
426751108
3933682102
2634973211
1658071231
3532353908
3498573490
3071534886
4078413220
3113529199
73547315
1408163931
3937927683
673196498
3512872663
3491659512
3103348687
853294395
3662058813
1486378260
1335289930
3165979186
1447428558
1543385033
569289957
3541975956
3617007924
2135585377
556854185
4027472375
2935995318
2709078181
638215301
963493734
3521286621
1241912600
1928510628
3842094575
556064164
3268617502
2118853332
1951774500
907881003
2326970762
439194443
2167879700
4148136835
636963709
601835957
1000601727
1706206895
46294792
2069560413
770326990
3131329872
4206362070
2823384343
292905066
3273645362
1441691983
2309458191
2550324920
3609231513
2052654488
2328445222
842943789
1448029829
2293936219
1206169146
4091837190
1967034635
4189231164
701541952
4169284244
2923919832
410435650
2302511561
2162417100
2276453069
3478722354
3805238694
1662030638
3265216459
4126084911
1765003367
2930273394
4073214963
4072821403
4214090248
2492050780
1584482745
3304332846
2910641078
2344220545
2446357455
4281665424
4239756701
3464789405
2269858442
3586797418
1598385723
1211615672
2733870256
2796203388
3187299051
1886892276
1720452363
3854273897
1708800343
2526187860
3498715182
241412254
241488408
851428202
3662167933
2826279212
2661426131
42697620
1865646617
177710365
1918563704
2042134400
3917596962
3363352808
4264283137
2502311390
109357216
1547981485
2144366767
2674434611
3145150115
693761436
1701622887
945165549
1884920199
474627215
1319393030
4017473519
649965623
3155150802
1626731144
3427680133
4114113470
2721885254
293978480
3587441001
1721558
1491218271
1136274564
1462140094
4165046352
3259090565
2162638559
1695764449
4276110144
4205990354
58935000
1618697119
3413101081
1231294487
2556185683
367922328
3223599326
2262896258
2741476838
2659606407
1811173058
1354663518
4178085938
2377812420
1327394317
66524087
4042322340
2174993717
3603276822
44993215
657220499
3069218116
299715056
457582908
412370586
981784610
3486177888
3927809464
1692770594
1830603809
3695345031
458871971
4184321848
2729614861
1592852996
4243337088
2931059529
545921514
3589910503
2715181103
2359731042
1733551485
604180104
1375870614
2325349435
2941029983
2671631341
142899086
1487668353
3266179075
3577863937
1838897930
577906510
2165502548
1868855378
353959344
4032282837
3086751421
1796698894
1543140950
1092879949
3451302421
554547211
3693782635
878481738
880649345
1300625683
2311788851
3280083155
378690462
2975390291
1762185665
2067872560
4025868832
1423631018
3698829879
2666474507
67468324
344170738
3468294988
4130462365
3211775872
2893759577
3809245522
992217499
3426471420
3464433230
237355121
3065628869
1506132893
824785885
3080672730
2564534614
1363961023
2598182077
3830054582
1403455431
1988978041
1046662057
1596074898
1514690067
1132288664
3102377286
2108022274
4053879156
1545273671
2140831319
525409015
2807969108
1769069239
145921365
766574592
1835122253
107693718
772251878
3190999295
3954151593
2145674276
1738854018
3157451769
3875067448
3894678369
1007837957
2818167989
711455514
709273647
3720194046
453368075
724287892
433165340
4010703916
122675842
2826443637
206768876
347314166
2555857733
1578889540
949620834
391299459
1019035086
4158944849
1101825899
3264439801
83283317
2842125195
1172851824
1468857895
2283607671
2478044676
444059242
2896423066
1335587972
670846097
175793849
3307214494
1637879305
1408939717
2160860301
1927448868
702097060
686742062
1675856576
140258555
2203921773
2334401722
554512214
1228277663
3153791593
3131687726
4028001506
427050441
2646027109
3173713933
65926770
2504395197
1231035454
2075311945
1870421903
2774004355
2345235163
1316624909
217123979
1178767099
3279799922
2358176418
3838420403
1242044449
789063902
979657635
348013745
2776758113
845289160
3134533876
2404782950
3544518193
3090434015
2211229644
1280090902
484316433
2654575959
3325417752
2330908796
1698845200
1569934520
693372160
1851301843
773866214
321352852
1684535018
4215740489
3562341694
3056454936
212190770
1437498884
1317601882
2236370254
3751588005
2701401673
312393844
3317946355
782796880
2969900409
2761522318
3050426994
4263546674
1270014403
2102894443
103628490
3465415382
2449080534
3968013542
359991293
4168035943
1567745818
1135396075
809593050
2647247552
1359277715
3803556093
1073198957
1253020917
1892159834
3605924326
804974742
3658497942
1528712175
3675325566
1091313975
2466115441
1682258700
1656977255
1692875485
1415259735
3212709094
3780493955
3375632021
1274182347
2008166046
2152098019
1936399115
3493437501
1329541994
2678214814
459319138
692903683
3093966619
1158346910
2127097541
1299485368
2885106405
1289693583
146732273
134193803
2334685872
1240989780
3426005864
3667244273
315306626
4176313692
3626596382
1156601412
311487411
4276583713
3106874327
1539744112
2930253582
4004768936
4077738180
1946809759
14376441
1745271918
3903546469
4067388631
824573047
1407180061
2636536660
1090402147
1088364236
2326224523
2153030243
1907227714
1912869948
2352569610
3230874547
3360203831
1343005404
2687179271
1346556601
1700405402
3380018548
811375447
4054356217
3032937589
2941937259
1866089088
1334613711
2486370385
1224298394
2526193914
1162259334
3122702695
3210935332
3280925875
3342130547
3166305950
4056697956
850736232
4187372277
3448205135
791784243
3192058886
402799202
4207731117
751459453
401648373
3735101555
1449629668
2721137318
1750515017
1500582331
3988559998
1343476682
1583685903
2076540206
2056707406
320809686
3638618110
1330677174
1024871161
2032212464
2249906926
3466849616
1624720660
1481590691
3113070511
2641522084
2091734220
657709126
3535002166
550257098
4223464367
1153256638
886374966
3206772690
3230134157
1592582948
1213596595
2996652222
3706786266
2889011769
2783869704
952185732
3099853993
2058714335
2517827405
1720316058
2062681034
2764553012
4154390583
3232817059
3087768354
2321818957
4182686171
1249759869
166598072
4145835754
886805942
2091516360
3821724764
3372918381
1397280402
2540573428
3155706047
4029333346
2640980760
1391667800
155483062
735134921
955122284
1545244062
2914394898
623088853
3498756270
96046909
925060609
3548157556
3832132452
1558860223
2648655642
4181388995
1209819015
1842606923
3198898117
2131312578
782501611
3006920908
1328473400
3329492108
3023563177
1570890630
3410263159
2058108927
1518943145
4006451829
1067135292
486832409
326818542
166100592
2482501216
353530967
3836016611
1520262726
2922074980
1647580670
2287548760
2966779881
506517563
4116974038
318319621
2427610316
1918923841
2823514732
1478354437
1161497283
3775285921
1044956161
2017290983
1380378526
2559025200
3688590570
1529719426
2935269419
4085722632
3868214663
4261733153
2851223179
4097823149
3485526603
419182228
874839472
908992548
2413589901
1586935283
181828951
2139136796
1064896917
3916277048
874635901
2640947600
3755888716
1303478409
1993495268
921515278
1671484512
158554984
661402865
1126474674
3032436008
4166842306
3900390128
3372354148
3628656164
2707992019
3821608184
3441490098
3419609671
84292227
3291084085
306051550
2734587236
2113256669
1252700680
1658374854
3213271686
2431942634
4230246964
1997637350
3611178795
1687747306
676141153
2865279221
2127267448
1800559997
1323761650
3915752464
3332066120
3310836697
3135010287
4103238682
2685770732
3241484506
736151828
4217713350
4292624026
3310135829
4141045372
4016681576
2924548535
2085950742
1917171152
3057623237
3541574821
3591750008
1715564722
2911142959
2727601218
708338704
3423571814
2172769412
3449161053
1308265610
705866443
3493658235
2618961284
2965128127
702760807
2486762397
3472912555
399444968
3100049625
3497767734
431754804
3449335002
1539391414
4181119832
1685830750
2521547480
3014669777
495088529
274524820
3149401285
2905955773
111361295
3792642519
1605792675
2825253566
4157679210
2892820232
3732572959
3911420879
2740131255
2725915262
1387276839
4121945231
1507960478
2152278327
4248534898
1666135420
869295290
3584724270
3594285446
2093281879
2981471558
3365112331
591062371
1589614277
4132486636
3631947952
4084546418
3135072271
1590510321
2020931330
3569716545
2782514597
522224562
1620265297
1611119849
488577173
4021731822
2421161838
564933373
2465404609
1319245574
2288300477
475677770
3850412321
1180781531
1455389916
3955935586
2147699863
3347821603
3621952224
274183972
2905472359
1068969921
965371245
597588649
1482053475
3826658947
1150041503
1833127185
3697158446
3454579552
16325596
2979499835
2218097179
3471318651
2222385312
1614439731
451124114
1818530727
1034725086
1863210119
416302837
4053997718
738830991
277941012
568957586
4247936777
1036344832
4016230154
1481408772
630595395
922639089
373621709
687256546
3075713340
717775384
28608142
549471426
1148565932
2090821952
2479365079
151251653
3535800373
511170445
2154770701
3667165988
5496383
1660848103
657902817
2174336475
4211051191
3783954599
4082520938
938863050
1792724882
980781222
3197209776
2007959985
3906072
3716733005
3935716963
1776699886
222161518
3920691302
3878972043
3642624778
314665629
580333912
1021048563
2789637667
1071073482
2045980103
1722088147
1710446907
1784793731
695539642
1897867118
2606958865
2359151063
614454739
2525357859
56011379
1948859590
404613818
2982528234
1760632953
563904694
699895605
282903190
2789486857
109215834
846417603
2554993857
916955628
983213003
53897780
927916588
2666581277
2770845569
3122136697
983272480
1104188406
3534411787
89353615
529900916
1501580451
3285424147
2701478029
2754238384
4120736951
1023692800
3027571850
2619032753
3226484348
4198461957
3532467119
2576492574
3866532347
1149940891
3948574527
2392644388
3548459573
1246226948
1660751967
1895373951
2411343605
466588245
2245017091
283524187
1770251599
3983225334
3101518034
1365719526
1065259172
869305861
2492600438
1308203858
4120248989
527835110
3523307834
1498612587
3312980884
1567534465
1427351775
1976669234
3385595065
1678223788
289357599
3636981669
951580801
1785863854
1334958981
2595271907
2768089397
4262909568
3904558402
3567016112
150824859
1523065745
3146825724
2893038034
4035192448
1914004967
92084138
4071626017
2544678816
1022288418
2872545321
2345850644
3136023120
3670270431
3515566231
1863308307
2209058456
3134802000
1994745674
2476942647
1503752661
4233883328
1404040420
1671389563
2663736446
1364845975
1353767721
3189058966
867247770
3138073788
2264527166
3616103218
3350455784
3456467262
2060005247
2121309281
2889933836
4048076155
2784722883
2757263009
3787103400
4229093467
1226899479
3314190101
3493790396
3394301001
1164305247
339972838
1914855294
3920326615
722261368
1029903093
2898012557
3283090390
1924195159
920244446
1913534839
2619712735
3001054541
3183087919
2287446394
1430604518
2671346582
2989100031
3860576989
557141516
3469439959
845821649
202796840
2916837140
1458494415
3202986637
512563883
1679552241
752571361
3778346496
2395430805
420170336
3848178186
4289502074
3005020993
1501578940
46731186
2914816722
3407689765
1175595741
2109121586
1109753899
1931207097
1930225598
437558143
2079767751
3686148416
2069853679
548189870
2452755103
2135093143
2253283877
869455191
3787623698
387927950
4199589827
1872963487
3146055512
3901873615
2952349667
3356279684
842714947
2313285898
20366691
565528411
1716246454
4119788025
2974088529
1950203343
3771838317
449477057
3072497262
1835063573
2210473533
727921250
1289686731
1409997055
456126369
1337415082
2505097939
377318629
3742161334
1942832153
3682978723
3224366651
694851877
1194362315
3772795699
2455996018
1837268622
483036326
862326492
3440362175
837016864
3963505652
685257703
3868371651
2357618170
252508425
1198605216
2825699090
2751074585
2325117927
3878550246
3791188276
1704199041
1125772706
2417272275
1680151737
2648655318
3698281525
394518453
1840441057
709087794
1436043322
4187048211
1328690307
1930764903
3017712690
1758681603
1432164589
2239498465
4162724123
539198452
1381940503
3866014975
3006031943
810138507
4242143350
150803104
2914605777
2156446358
2687387036
3976504856
217080887
2489065266
3045211096
1365600382
403923860
2940753146
2158419026
3456960148
3239415826
1983838178
4184409731
3748420495
2378161570
1090665557
3868981281
849353018
1137728881
2708035260
2007468699
3250080051
587116631
1724019148
3911125921
3814789295
2804373650
2526670377
2453272788
3768912162
2515490014
4043067635
3652981
3145826924
2383533342
1851004004
1171148762
2578220535
31213447
4023353281
2597243796
1686991100
3209304612
400337619
1055475981
455579100
3095860761
4182484749
746650660
4071668735
2848299189
3424841320
4134535928
2153754904
2987208189
3738836216
2059509919
4225411239
537063
1293728321
2936841891
924686829
802704066
2147271343
1962067300
2879833734
2776249611
1760370195
1491095460
3611711594
2179892437
4263446274
3828135103
527392438
1748780362
3917121792
3058806744
1253363426
3268139664
3792281505
3138281992
1414824066
2014685596
345985900
58659719
2359707157
3280394144
2472411974
503807968
914573026
3292116560
1577176155
3208290995
1889454929
1395314583
2567508206
4149256166
1095330248
1238638747
2942744380
1458662948
1851862733
3864912638
2920320208
1609424222
1999865735
3451072370
985032395
2969233749
221648469
1616323173
4160384538
2825598727
170204945
1830582953
609968263
662013801
2906156386
950500130
399910028
1621994531
2784861855
1165856176
3283480905
3911008968
2361567843
3492618467
3806188998
2171576907
248505345
3035352520
57935402
1806261603
994151630
1035439295
2136332139
2800028706
2157122223
2643320478
2925402165
1433958622
507654100
213267593
2979792403
686136427
701975986
1870384329
1956208991
3619606440
360805864
3154982594
2718132887
811760903
253642896
2012877497
1241101569
3139062830
3564383202
3718170274
1869432329
2092875059
1085153286
4183765664
3247222413
2054411509
258548594
1953219370
2773435316
90807118
2707655589
3674496014
1636691677
39608099
142437178
1767945195
2804028334
2242834786
2222521234
1606382786
2823324780
502504846
1931033088
3817087021
896854351
1150617331
352514499
1834313517
867468808
1004778662
1775676746
1011447850
2220996949
2884962170
1452603132
3256270354
2229458921
3121278078
2485639733
1024227796
899605695
786372048
3993529757
1936538751
618528567
2904235532
3197442178
2659201030
895633337
2156262828
1222332560
2510067024
4193817032
3592139072
2532263013
1358304555
1671551232
472168062
2364096670
3778539137
4212365736
1674781227
3286521207
2881156285
2560576999
789973784
3656372467
992191404
452235204
2186322903
1740438487
3346241570
534826376
4005662937
3793801162
82370651
1493421941
3159142581
889844606
476290410
669015128
3740462951
986985764
959810183
899268294
268668483
258010174
226530474
4063842285
1890683396
210546918
2498649909
2244420361
213733866
799652231
2762356687
202240150
346882026
4112835124
424512254
3519802917
3644050512
604503025
2959763472
1396187685
337153290
630970648
2000666492
4220510754
2431462730
1574675681
1650566434
2481634617
63326867
2658821274
2476646820
697480260
909689126
1990779898
285749624
3416091142
1818243821
3819637764
2990243758
982544646
2424356244
2890936967
3477598796
403784333
3050430758
3957727460
915658623
2375742439
4070393420
4051676842
3171852600
758578502
4143175869
3427625397
3658040977
1432695120
4090448381
447439179
3679275600
1754105419
2880026345
3746515677
3774599454
806297042
3324835450
2738145630
4146531634
2495111998
3772301833
2036299661
390087939
2031422191
4259928666
3418724616
1483977119
2412504582
2356218868
2604121790
1638544314
2725348753
2448174751
2838237091
3064728315
3767349325
2116417192
2557042692
3849527358
674551183
215852319
1887347314
2473788370
123553045
753883697
2266745983
1747179584
1365050655
2138762745
3034333678
1542993146
3778135812
613516075
4261846417
68374976
4170428497
569755108
2997549752
2246156080
1623555218
3843753600
3893149034
2896234006
153295068
3539471521
2012196349
4014121200
2086826929
3049351310
4169004862
2780371708
209035303
915640017
3979727192
2429886877
1130366724
1146985971
1119339279
2929556914
43898383
1070741705
3054606671
3293809685
3011711773
2036121128
2487861619
2171202690
3557210650
3296015325
4158068056
2509404349
4073115043
2110016288
27450764
3916018476
1159763360
566286576
3720475412
4207000292
2414161448
4199136065
3326513704
1132764027
4130988079
2953585515
1483140267
968987007
386585885
1404461035
3953199641
1203738580
2999166630
1374214834
1447053660
608604078
1973530332
1982198563
1028204206
4029969474
1182171753
3601671071
4086022933
3245058714
18741831
2098259081
1877579668
507292719
534713072
1350155931
1463041768
3068050292
604284446
1473909383
3630637317
1316235934
40571216
1409410434
2675659043
73911131
3258674577
1697063046
2868012721
290233996
645001678
3004806761
2159421761
1894540443
1348376542
3406952165
1213042782
4235488334
1246811678
2582498274
3043366213
1326961832
3634443094
2568514417
603785032
3498769812
3241826733
2820686941
1753283656
1059251663
2582096418
390507770
2601309301
2563947031
340629759
477576523
2997064407
3399987815
2298263348
74173734
1059005675
966844583
1151332476
3896522812
1852132787
3101723145
3250898027
2993696574
4133523920
2143281294
876360822
245655775
2967772254
1483747384
3296233216
1724104548
3416339640
2535325054
3271455879
3476693968
721723835
441297657
1397679569
3584490804
3233246313
3264226706
1684755343
3691296261
2376731542
1101313612
1517879791
3346167511
2615574192
1206705035
4178977257
2462358734
480204275
2359596728
1122318536
3824978621
3366736181
3879899053
454547517
2806363833
717365968
3510725395
2389211718
4102232446
1232589110
857744752
4221502733
4010939588
2867403891
2547507509
566902248
1007122190
2723708822
1471493201
3153812989
1537150171
4019322422
2929706017
1775597424
351956702
2137284736
1028134671
66337296
374535695
1508412832
3844558089
4177050902
1573194418
3478489822
1369300901
291476241
1079178492
2795078059
2804626771
1539426427
2373898939
3650933808
3882198440
3847790045
1690121978
2314098798
1200469661
1050262900
2808499213
4116588012
2605325178
615434488
3788814830
2371260724
291758323
2132642518
3119098761
2518830242
3636948199
2321343969
3497256671
2429660164
3016628994
1235133336
678069005
31801033
358304717
4084352934
263111923
1344920719
109942891
1832708966
1923188323
3518581251
1830378808
2973320955
182268841
1724443518
3833475974
841858311
4276486453
1525693333
162733554
4149059022
3542007184
879319919
2393948741
3112290349
3845212896
4173030924
3373843477
3559261031
2820616796
3187722211
1533275447
418096228
4051078989
2503331896
891705599
1141142921
4207635324
511987174
688864930
819379917
3545092855
3703210987
922954611
1289735603
1542589134
1982849023
656890203
1330845543
1344933745
169527150
2884289274
1671719550
111721280
3563581069
4194969491
2557124063
347416628
277951871
1969897827
1612264180
4235909111
2603538295
2080733511
2286616396
2040413729
1382834369
2108491491
2126739065
2921419798
739197388
1872904977
1978757655
1393409088
2927882003
3137545651
3665035158
1801386963
541851809
371402365
1897057915
588750655
262573132
68366219
403070061
1131276691
3892507276
2311946992
1821751997
330630179
2284497323
3985531632
3245288454
1725856266
2875510125
521870628
4260765726
1561554892
416665736
900457636
2290208711
3150992188
2577282087
3156340748
3185232773
947456133
2646182428
1922348888
3924758287
4066645252
1878040753
795199383
1445036288
4178467932
1251932376
1801351547
2681068024
3798731824
1344323243
4122206674
4035351474
3658178689
1715646555
2972490749
391593777
1997974466
2058763549
2347515293
772250967
842561265
2707667814
2782478800
2456196959
3393115619
2088468219
1888883780
1380371076
2542026135
1858858146
3951318964
1175485884
173097554
1936167655
2591974475
1361225273
1841073569
3634612189
451370455
3241244755
2798964048
433580818
3869996255
3815217831
3562121757
3897812615
1341221846
830824065
2022061940
1720574400
1084719445
4024414316
3604568117
2006101652
2964516873
3231858971
3118621848
2124184851
1362936783
3065695285
1521071608
1185388059
4252192418
2035614650
4167056799
2399464371
421883392
4229434429
3197497318
1432222499
3227773551
3429560789
1513231538
209829754
3721312527
500373914
3698551001
4274950561
1702420090
2219908007
1292250616
3675859316
3418903046
1131749387
1269863352
699934474
373535775
2699869890
3257729779
1596677203
3413165521
2413925899
2433173813
1712414396
2546690617
3182151184
2827920071
4036905705
3999653743
3322466071
141455728
3448152393
2873226281
3921619606
3080752878
3152840823
1909491653
731064568
2063583633
3374273966
3089386321
1952731676
2867130399
2791083519
14531847
1766222130
355211576
588669637
86217100
334408986
1743331885
1715741229
2346586329
1570678890
560375282
3488718295
688013830
608223193
3840108146
3288472747
3061465437
4251075204
1822051816
20572462
4198626365
748089427
4214040188
582760960
1686576947
2898002691
2294539310
3494386896
406344067
970786231
1404785203
2245550756
2733107570
1047013772
4176792242
2896669437
1627347082
3642945490
2008810849
4270507168
3331431806
1018305988
218718788
3910750123
50737890
618190251
2165375011
1837648205
2026213801
3334292502
2907739184
2278662842
4101735324
2467667852
3589228852
677383428
2674134295
3613924801
2885456292
1362644079
3603312531
1167213397
3135598346
1463400803
3550764254
2339453680
364060186
408198877
3850508641
493042425
2225967347
1795648944
1519727461
935401464
396825462
1207812373
3915161021
3558175867
838713872
4140274802
3620642070
566304885
3057319737
3311670225
3196518325
3245393913
4112187004
1394138262
3069780078
327411870
1133638335
133451151
1489502939
2166421929
2214694324
131373300
795678283
92173894
4045031942
672966543
2447684502
695308220
2331730011
2122903792
2479394786
2404867838
504879585
3509082274
741061705
3914677972
569827880
4107191313
3912827516
3078256955
1882608481
2380859718
1510728786
4006223803
1171390772
376071130
1912215932
4180293533
3196216033
3686875758
2287254358
17985919
81888921
2066626183
959790570
1775716533
2869161746
279655630
3397700030
637480553
1754001709
1774846097
3221217521
2398313834
1541244890
870072306
2762443638
959065435
1593311813
1368041635
4175473599
1095565528
2333026543
400616773
3764737663
1139851144
1402793822
2945859246
3717830149
240037370
2080117963
76769484
3467699560
1301689907
4232750497
877725064
3838757688
4184202878
2891050194
838268050
3792908801
1125917087
2414508005
2249736022
1455088670
2723894990
2260347122
240043718
733129041
3303464664
2031159149
726724978
2099942852
611218787
2102954471
3651302643
721882672
4193688514
4103223716
2071951260
3778674972
229730332
1016150472
1193762428
919909504
2500789520
4155316522
1178368276
3419408156
2781947840
997647909
1373912540
4148558480
1564128002
2044160975
4096135466
3133653089
2105177923
1841548328
2405576844
1036604848
3694648450
3482912462
3630603107
2482270996
1503699501
363446371
2444629894
1956786513
3093262263
3303329357
2991648598
908461077
4243587912
331068490
1833568264
3464728557
1760900119
211159151
2421115446
2345755086
3274108034
277679077
1756507867
3443631126
4227811998
796310194
4169087988
2753799079
192815436
2520399271
2307254888
1854260979
3774314539
2684953199
3249376683
770411695
1244524440
3887756654
1410339746
3336760689
2300612134
6317669
312630435
3336434895
1400465162
2177221073
3795818650
1615597798
177643555
2599679065
2888478232
271961708
3731497220
4041842507
901915756
55867079
1845295568
1071339614
3229321639
4019634439
2026881461
2355317550
784587772
1484095552
4273273620
1092877933
2932775252
1489228313
2638778236
1545294783
1399194626
619157424
649393890
1347165290
3110839343
2821708147
3190930231
3156852979
3600015372
1776055614
2759021010
2936773394
3157830383
1227082079
3212339369
3268083272
3021072505
2865467792
3395217666
3951411072
51418176
1150329219
1668339922
1611547771
525727779
2119729190
327513369
811753295
2977003634
1186810
2941661070
2023166628
96042592
3634844516
783615364
3661781727
2069626942
3108507086
1299124717
3982407627
2956468740
890779877
3539368486
3715515203
3898485615
1811436216
1971477040
427823855
577948650
3591504995
3107292087
3417644559
2219691431
2649912501
1379834264
250817617
2713102148
2755935721
58972698
1522584316
3019715898
3385630873
2896599727
809039045
36789272
2010136306
581709399
2468049800
2875627523
1696240561
1964650536
1644975833
3628392914
854415488
2697743750
583717441
2894773386
1613471947
4257459097
3247715952
2836890780
3662604606
2464828146
313551334
1871872391
3588197095
2012640033
1594552979
1654555461
2874145245
3352000982
3189853168
1498838169
2812866627
888062640
3327594498
3286758594
642307213
3513817940
846213242
1071304710
1656657232
3706213029
3398384529
1406053762
618333558
2003316742
650776378
137390957
417752939
1261722504
846871147
4101645196
1388727421
759267430
936132977
1037578941
2299977359
1674928508
304960217
1168845299
1067251236
2494083264
1946412181
2156620420
2684251184
4105643565
4061616011
3066143015
1284695808
3353517774
2768105088
4114972306
3994312665
1864881039
1284180754
2658505484
4054843631
3995833918
4245469212
1625224620
2188589095
2881773022
4126415729
1283855947
3681788486
1291103497
2495429810
697890532
1310682186
2714451957
1011275427
153297084
3873241005
2375228378
1606588262
1113243512
1588258972
3205767408
1532940888
112206944
1815089217
2657978907
960720173
2367947110
1555503752
398265735
2123640220
2760023661
3536043144
2791494234
3100738317
600715258
1394113285
1414087389
3011736626
569552666
4160632530
2006105356
137715854
3103513546
3476845229
189227680
330839830
2540120393
4219951919
2781091579
3752492640
1114128909
2225238693
2941499169
2327675700
1383099018
3606751675
314583599
2188169778
2988482086
3061406512
3996400783
2748072967
2846251277
1693829155
2822233346
1431189282
3670423863
3450243892
1422998978
3434469539
2520366558
3421202434
2356650108
3978780773
2346709056
1823304817
2018554566
1221528464
3848194743
1669977905
2005286406
3500539411
908548965
2769595821
425176994
3127496280
3762170900
847606523
2864447763
968790814
4117423460
2749295396
679842630
513929377
3672631916
2996703926
160303888
738808095
3822075358
1173077373
2557863510
4172039116
1251286544
1469539154
1403279099
2314898380
107147213
3968734131
4090607541
24634578
1347537476
3100275533
233483869
3684321191
765237841
2224324910
2936809522
897779585
934570328
3498735940
1845851705
3530232862
4085754204
281492629
4157776651
169136190
592393856
2427888859
2375797235
3141255890
2782342742
1245445702
196751483
867867331
3086066146
2106674624
3590129876
2526292795
636558529
1830575329
2717444434
2384474181
1684837577
3680609180
3812664971
1789920914
1245879222
48775895
1490699427
2742492059
654317420
3872880496
2947547524
2139516389
1029738105
913987829
2756543798
2636770959
757495154
3357163039
1933435420
1750208121
2573436038
2523456686
2246962277
1009326901
2012038123
3102349718
3123695363
474980011
2879895436
2559467470
752932251
1342740612
1536902127
1001380203
2853572516
3806023290
284567665
3456491346
622188342
2492830859
3983534393
1182592432
3003787487
1000760796
3717500686
3422442452
2117854305
4270106681
1985121698
372655790
907745397
1553740586
3340817725
4182992158
2703843195
2946166658
865182378
849421374
566625154
318167951
4204316769
570005666
3573546071
2887326814
658806241
3449210223
2165457438
3775387076
1900857357
3614704067
3365934617
3768621231
1609833951
681100552
3567533944
201593152
3432155010
238688576
3517890913
1160568892
1733058669
2194064048
578868383
2315373020
1195178437
3786026683
2463862603
3381124066
332255653
975430315
4113223033
3207478606
538818028
259717518
2267438458
4135367841
1530741187
1071914287
117776256
3579434400
513217190
3828371168
1500957566
13451789
2965744766
1432555529
2687998956
457597691
3912471910
3490914832
3962018698
995306308
4173765219
590129938
866024958
2092021982
326271626
2247125884
2332027030
1879958543
151264826
3526086554
1569866218
1081971883
2595742373
3014863805
3211927414
2905982185
2626736012
2446146352
35517457
3680725201
86464368
2834406439
4048578669
2087658696
2553609415
1301310568
144898800
312587281
2799524978
227678935
3668549929
2509572367
3549743644
1080292295
2760243447
2712906318
1875466507
3031860119
3611467036
3808955596
2210778614
3604012854
3286450890
3841671323
1986406751
2666746644
3434764779
4007176442
1194942114
2548228583
879718480
2694349999
1173510986
3617119563
1033536573
263475806
1294482514
704357043
1014930372
3881095959
2508094800
1975627173
2262361773
2859738410
134956788
2423843186
2757353243
1544169955
1964625736
70287295
2776739622
2397487483
3079655010
2782732484
1036455758
1745572698
2504865091
3798408844
265088359
3801850922
3378333771
3852227939
1519965728
4290009792
1943185136
738317225
4216420280
3932154015
721896514
3815755473
1137085694
564433084
2682848979
2113795694
2909515786
999305415
4096744735
434468006
2330779057
3904310682
1058052069
851734744
3714071683
3376827532
1699837820
598221995
2063730250
2430408362
968615824
4156196149
1705545722
2510242330
607613200
1341149021
4232949225
2480565033
2073755633
143740757
510980718
3601195926
3315619044
1147131717
17456489
1809817958
1185508248
2734538709
3804410653
4045773305
4238570821
3554223966
853589978
548930234
1182158294
4281256306
2848128077
685250286
4171098896
763449966
2090071092
1814355780
4119057762
323164038
2137246011
2107956720
744649684
898070341
3523998376
1013707696
550441399
2168494031
2329692136
1796434825
3451189530
989851289
1873992962
2399983324
59515011
2794173232
1793566063
834606476
1259163375
344188493
3432269417
1309653787
4182338045
611966428
2626587046
1387465283
495189694
2567827511
1047688119
4088743093
1700822515
3387874958
1105784049
1424026369
1190677499
2862768651
3863698963
2072704063
2847196245
868177535
921354095
677006785
2482658800
139274895
4001651782
2379314993
81104539
765173900
2761272642
54184041
1737345747
1501652368
2163463121
856339795
3171161909
1136681927
2598286902
974981358
1414193193
1369137765
455066404
3271212069
2961114522
3228468174
1596124604
3452173589
999424323
4228358110
3793468990
539390920
1119440199
346968354
2566167960
648584604
343024388
2280264316
4155327651
1542791109
3591698274
3238089711
1955766046
3729759245
1972740235
1365981622
2665711449
1029053105
743143531
2919310250
48697269
4183664435
1308417590
3138796814
2813928276
2736963017
3289891292
16628191
3408492953
2903394704
2810863825
292728758
1011002854
1360839300
2157086418
3208128596
4259694557
1870829357
460795662
643188038
1190411269
1859373451
1007884648
67778247
745841889
3218305908
2315297845
2611877162
28118870
2910776164
4128241874
625683569
629213218
1913779582
2147469232
1661544320
2597538424
2423349660
2413587429
3023588698
591978982
1183812162
1158750575
140038653
3954978137
760173834
2494087438
856200795
3056481829
774473205
2781912019
1861218170
2622070367
435088944
810236681
936635674
3831097391
3628500592
366977688
1521894824
3834572625
3479579261
3408073235
3750718421
285447349
1235091397
563242504
2976483961
3789053429
3449289869
3530990717
1645387946
1502436680
641025556
2854519494
1767884375
4192339316
1808182104
3916408932
299199432
1159569434
2068482665
2798862105
1619199771
3261380861
2630029745
3696518616
4151857713
4142597663
3274232774
3275910649
2193818072
3150564810
3949425003
4063400896
3668110309
1833461017
4040680005
1024256005
2137038659
3201528086
746671908
1267857288
1676347379
2342614906
2703362279
203428633
3048632034
1712837240
2257290386
612288233
3851949500
2201421057
3246776460
1270593289
253544164
202024457
842722042
1578056846
3115356908
3853601547
2933619240
1153738844
2333266143
3100684798
2646102159
917227619
1200933593
2393648750
3496107896
2716229690
2818472559
2542601481
4032245291
3385867963
3870274216
1880690583
3697409857
4269619928
3254713851
1800206457
3109649758
4132210535
2978738076
1380580893
3669705167
48478918
77673015
2012970475
335974583
1431703985
1473815836
2686201888
3053693930
1307342033
2228695001
126932248
3759756566
1266258726
1685031311
2729501770
2248609380
1986501510
946807369
3800157355
2124589041
3001910499
661557427
1222666171
503740276
2920954805
85261768
585572569
1670343898
4053201977
3934030810
2972337278
2040936521
2589595465
2602398111
162033278
4226660589
486302571
3508893329
961709756
1662370726
3875127906
3976902698
3732681654
1882448151
2727953971
2487350432
677502448
647022527
3935368646
2446968629
2651883894
2148515938
4294162050
3046929002
3887484970
3777992863
2863665567
3246120516
1501166194
3569419091
2306283167
1251672892
3783375078
1920051372
4015848379
3751968827
247344746
2310237571
3355265883
3934127468
347411208
3926055259
3894527980
2696999149
3736174186
2927400439
740937321
2171907721
791920090
2593474083
1600251984
716800431
54056117
333464345
3275098493
60460699
378982937
3721059233
1281334329
3586076661
3764078616
1999662424
3483386419
3904104228
1437199151
3162795130
2014552043
4067736666
1400483842
1061381344
1320566590
1005142063
2168613310
3647405326
4099211196
1235563981
899283840
3126074649
4155028037
4203869455
1677948950
1678709608
1566503594
1998127977
3536567745
407569297
2036805992
3010271287
2551383735
2298365056
3989078995
2556132122
1018912268
174279578
129767431
3813875679
1221063707
84397465
705395700
1014664563
2280353224
733166839
750148546
1601048850
1341447672
1910801948
1850816008
1535991525
3233723376
2228810611
277531234
3581868062
3755266836
1473582696
1243982433
2567123201
1674886860
4013280722
2744269613
507516370
4129137110
678359293
3907833473
3287335284
3539874078
1543104100
926461839
3912149843
2473191046
3912575086
3208844225
1297998281
281067587
2010628180
3770795651
375410147
3279254215
4260540320
932914414
3246209312
3277189329
1164451223
2264944113
116121029
856113396
300884980
580677659
1117174783
782618167
1893427078
431019054
4015528150
2564184810
2412227552
3120345482
3175931520
3397598462
964508701
266057488
2699961477
727832469
3203186346
3514856344
3989017071
2343239941
2644437010
561519235
1845688158
321541547
2638480911
2608518026
524975687
2632631011
519577870
1822289686
32376479
4269718798
2718955808
556370660
604889931
3078588913
1468752251
3834189135
4238329926
1970375704
4217313565
2993878702
2103534776
1003993876
4213892813
2182549618
3053866778
3828059792
2887119714
4099976266
292697753
1332768621
1489853141
940020252
3239788587
374844001
2239568231
1307322910
232134424
1772231189
2466015730
2886073143
3675585013
219248350
3150468226
131353811
2628742480
3548053643
4129468975
1674024970
605580933
1987335574
3840568524
2231457606
3467685283
1190444083
313634212
1709175102
3746029252
435738651
2165713844
2808337871
99153796
247380479
3607245588
1986907956
3503323612
180798900
2567337672
4018531304
1018485790
3765662548
477426312
1809808397
3409936003
1019359649
2699485568
2494785788
1106454476
899457789
1302927433
1949282559
2678116046
3559657658
2605309977
495652555
1941414780
3916173706
4231996609
1633563872
502000260
1365099491
2989013834
2965030389
628215115
3145078098
1716519324
1339469428
218143567
1289635903
2461686778
2268719267
332202266
2316100593
1512714766
3596602506
3009446677
3834034766
1624847315
2502889712
2823763641
508477057
1903172406
3148920006
4230707689
116475453
2961285561
3578364878
2444247326
2040954741
3655657426
627736404
3263589663
2304589229
1205923989
1302063695
3285132653
979199608
1403663180
373574313
1030236920
3000989003
3337513776
1380392958
247638414
1971448773
4055201606
3558663219
158266133
2597001514
2012917260
2004662252
2213281887
2267055412
3298489723
3215165320
494215040
2457132829
2650402755
3842767284
3014868240
712954367
1958595560
1415788890
2578231738
4259808355
1251880180
3979620773
905916872
665621692
2371534667
75462721
994867568
1583421417
3673659615
120548794
3584654008
2561815456
3836933822
909036002
595940149
2258632769
3488498630
812362001
3153370632
249500801
1030508072
3748802843
595851145
3288722524
1000317812
53824330
1269774469
1471413252
280299783
2494479267
3388897070
1718410891
1118536551
1725968485
4141675342
1358413901
3692714270
1943094286
309428909
3476072138
1043693427
1043628190
1300121926
473923041
2978159036
1548101578
3376077804
2672940559
3671032976
1467553036
3232600951
4060442017
2055822823
3722520151
3164377014
2759968653
1758061975
1753775199
277039214
3225648241
2518845249
3720381076
276785919
70302836
2565090763
994612565
1756123899
391981332
3773475604
1263117970
1957515532
2604385430
2949506675
998922117
3370182133
1675808319
3910370900
2210944128
3744060918
3795667476
1460822955
2435238989
3876103915
1492260080
2091423697
4288360282
2938051325
2552008411
356819400
383126166
4281033300
1189013125
3702636152
1026769852
1973066679
1416779700
3579921204
3148389247
3973618820
790221784
1035151310
3024734062
2071051745
800452935
570608734
3125165578
2878450862
2630695302
3077856198
33180748
2149272324
3377715458
1928574592
834379925
1293219081
1177122702
1061021769
370106521
557242134
874188565
240765108
2501977874
225061526
685496289
3854112532
170713371
657593677
68492208
3420886274
3885367966
2073118384
497392939
2587019824
1426201886
94301577
978639316
3634663482
2817501561
2042419906
143774498
3689154203
2075709579
3530971636
1922637708
3578572084
2462354643
65807679
1914927118
2196988195
3513895982
2145618546
3130713353
316305728
1851595290
232821832
2633547782
1120722414
667599692
1318736707
4259253043
1059370553
342086827
2857436676
3235186444
3459905100
3343438541
445336059
409056224
1924580333
1485168139
3777978374
950774354
1283447341
3941241338
1841871086
1585985448
2021398533
3884867578
458484200
884262857
946462033
512982200
3595336725
3894580815
2444253209
2301467884
3504234567
4240472648
1982066068
3057679769
964296154
2120739596
3867794598
344904604
558194629
703295550
1605972626
4052384738
598110783
3235658360
226014242
1426676778
1218662417
2754349374
3734246534
4076984942
2383368994
2732636232
3005763003
979669613
4040511528
2449642450
1499055839
2027821911
3850702994
3370646122
86574757
906485012
2351358112
2239904179
3462276532
956747504
3942391487
2817711011
344305652
438189589
2800351720
2591142081
2583711304
2832039145
2158177772
1060583442
3277606000
1524399925
1606011371
2105344147
2854157479
3345604453
3331035852
3250466249
1740267311
1800149767
3510318996
3833887894
2535868169
3576553021
1994267582
2628054061
3338068343
4189952309
3417186210
3817465703
769960280
2235768220
4065579948
1019992210
1609754748
3255320428
1695684696
1801371027
1441055879
2897995025
3579966946
1609390558
830907972
957106837
781555191
1331251468
718127399
1973282134
3992822977
3111037344
479286794
4285569290
3069523707
2898322739
2248616845
522549304
2126967792
65223012
3683511661
1576305433
2370870444
300944519
3757025792
4105598246
1469486351
3450361962
535014126
455576564
91118258
293116493
1561211548
1249988568
2285356291
3058080036
1918076615
926462720
2849154317
1002714174
627149275
1278442429
3700832606
3147436129
1235493770
3336761619
1778705146
3367644545
3299934491
2582386575
1110625229
1938937283
1363396938
900830188
3668512846
2415595309
972313533
364224732
1672260911
3044616997
3119870668
1057966992
31551353
1320943088
3521810357
2849371466
2899549284
231645724
1204194016
967268190
1130900994
2149632784
1437787792
3364141479
3032587942
2962666112
3714308626
2322435481
600851724
1209994690
1824610255
1094464810
344230554
1174308846
1223269309
899074758
3982975714
3371223958
3610090238
3355078863
1172141904
2383730704
2206257419
1800400443
2498441924
45403449
1346159357
274790594
1866292104
888118230
1512167305
1247028414
1480661775
2774937648
2409139019
2826713149
2666260256
2443022793
896732357
450905056
2505560588
709292659
978383523
2791188538
1407406924
1631614586
531725184
4241031088
4181838677
1936759806
1138383431
4236973753
2980532045
1638863167
1062863943
827159570
1781761599
2435358865
1044374105
1501645275
1051151732
1754495931
2940727824
368373760
3489186117
1396265557
1652145456
2536055324
978532760
1486260009
4258336432
1581804736
4254369450
2159361068
3195697604
878036466
1300284528
1128857636
347017728
3856802881
3802048653
3733237399
1765094358
2622305526
1904866603
1080119648
1017396767
3342110203
1467562890
1912859696
2158665021
2551471301
206718731
4064795442
3099941176
615638939
1291104034
1908474490
1302974936
1978407945
1211429389
540068435
2531494774
2624497425
1475194455
2863917874
4023240321
979907172
1829348817
2009222277
668209576
3356064332
4185188207
787163193
739399533
787243468
4271699208
188489419
170514732
1992446214
198243822
2528579296
3294344797
2005382540
1113910156
1643303159
580995325
3988549728
3374484514
4170296417
4066214778
3147127989
359753666
153263517
3002789836
3615398457
2511352678
209282454
3017620919
3597444197
1929890930
3079530618
2697004090
1176847384
2308448078
4046365545
3444266788
3006733927
2709075564
1433213290
1293846136
1036079228
3342481612
2587797424
3645470288
2783984510
1322616052
1446209082
2492492107
1421335983
9749829
622348925
2410208957
3037943446
986309165
1792150857
197304398
2054993976
1153456520
2312407880
2144497557
356241240
1228395471
3410716955
1389188990
3071535733
2059244031
1000240109
77608300
1477925609
730564544
3550590584
2211271365
3968889688
2694870340
1478827287
2162524951
3579790575
1841811149
4181230175
91635198
196705157
1089161697
3577601244
3212554620
3420005673
2634256418
3119623409
3500167604
953272288
1392415280
3902801374
1640144988
1194429721
3804463720
4151143177
229372112
2722686203
1227257249
2437496217
4249463262
3821935109
3286233497
2353732162
965961664
849344790
3584004996
756717966
3885110727
1311869196
2336090912
3970698957
3744896445
2987909762
3975349023
1630354847
2343899875
3916026529
2162723054
2916967062
2599222362
1546168831
1887886078
1859680176
2003297942
45070661
3194628202
193846409
2268052840
6687319
1698478843
814056788
744230925
3626154868
1240279608
3097130904
2159479387
2279981216
1237844653
2546791929
1031651152
3868366579
1083517191
4250932753
964116048
187589836
1908540057
3454149074
1213238281
985105403
2679858708
3865033834
1222745714
2448947449
1571474890
2143113732
2668391289
4198093920
1402537263
3929078625
3374397296
4013808858
616119891
2361003644
3835363661
1619165435
3343497784
3741646347
3884909539
2940623228
3206730341
165367885
3154209253
1290983690
3586410996
1429736632
4051371884
663888794
1536167492
1616446084
2481150394
3837202695
1447830168
1085943291
3216668149
1087883212
1393974198
798225970
2621982894
2737179444
1442311790
1738217059
3000813014
2136904491
2286407082
851951889
584202695
3241096660
954050892
250571779
3052105701
257411113
263747453
2042689349
1894825740
3942796712
2339066532
3082469546
3568208260
3659422193
4168030415
1029380220
282706227
3870016562
998840514
2499509907
3831349265
4019969600
2201094626
3534429221
1309363849
1799092942
2922315802
123783252
4159996131
3341677493
145052376
729193401
3792912742
449648207
526035874
2612650162
3108108733
1852872418
929023537
512605285
3796419642
1961563855
343569576
2197237091
174023904
1659621297
2976741930
3926291419
3698344971
4019963108
43676094
2363827938
2300294162
873093934
1536693849
1737405813
2699652238
483521550
2938423273
133133982
4110351966
1796259722
1180882032
2822507535
1816901524
898476493
3860854892
3815724840
1405051805
354197441
3732722792
4081394765
1566321361
2426924387
3290879764
486402185
1876344039
2723653842
126290360
3862484526
919723942
1350833037
2040101843
942725049
3897690539
1271236537
278318416
52542506
4252049928
3146106707
2548928078
1252893575
1428956139
326099510
2914179383
4090834317
3022710495
817532612
3171992153
361342666
2867833395
3003427496
1675337998
1444644614
4112480696
707219190
2746703502
1157314972
3582575970
2968981512
1028987719
1260450077
3115587054
3690538047
64061783
1745565896
2087326105
3138854348
2686109866
1277570379
501009360
4033499826
3417493486
1705074340
2370177905
1996663925
254978708
284978110
2522026517
1310708969
135254460
1982291799
4078258287
1581752663
1620040792
1273212721
3818954212
4133794506
1224288234
2879237985
1730251509
3461874054
1536029656
3070339498
299474443
2240328929
1620528268
1341618680
1834648783
4186981158
2453860992
1599270947
951362494
1454487216
926745904
987151905
2763236370
403513445
2938023935
4179846879
688672261
1244885017
3955854611
241750474
674357854
1254261922
3759580203
2442061993
2444956264
639848510
3638362594
1439408374
408227862
1256929747
102559504
3086243701
1203917629
3548801100
587173291
2853586680
3501647961
250836218
2171277359
2438998230
3681786479
75490996
2864524578
2551003093
3340841063
703661203
2296619327
3733462987
2882952481
1436012815
3825314307
3185193500
48310668
285250776
566711096
4286756273
2736179397
262463001
1630579406
616145429
1942201563
1823962448
525129434
1383106114
1161233757
2409188493
2115625837
2529682972
3706724968
2836790747
1267008447
3474740243
1472715699
1201827868
3077333816
1754822041
4049000981
642295385
3237286813
1534858384
4259678603
3475490386
2246069229
1044543440
3098331578
302725573
327899392
3825828869
3734067275
493112896
4482157
1752461282
714600646
2901251149
1166718861
3291863531
3384169167
1461668349
3028313451
1151619630
3812855409
1781311420
1988224221
2445341625
3050146817
128578877
1322307361
1063590699
2137292156
3600644225
4091464390
163394715
3556951019
1981228786
2563012883
2040310243
2106493057
2142878287
347079461
245214278
1730848117
2752298691
941024330
1420961179
1120345771
825463901
2692203539
2020521116
3228093867
2422023355
4145483944
3747622537
845399751
2339826963
2686928515
237121570
3337198329
2765667236
356939745
3800528082
3026405696
369839080
3237613860
3798956417
1625712182
2012202223
3299234320
1782008136
1570928194
2970876349
1484538329
1475712469
164180773
356321019
2031436799
3446672324
2607517762
2252797859
2924569105
2679267021
8613405
3464071157
320658135
71651298
3222080095
39664357
2811372476
2608016803
2134613951
2442452270
4081981558
191075916
3897074341
3746704358
2990621304
1704600264
1393864747
2314693955
3019287962
1615981113
3443882342
3522458091
933957943
2078345488
1357365008
171712741
154120776
218889239
751238948
2541294665
4408198
3305359820
1369297031
1690253747
2645983976
4224367930
850017872
2598116590
4255302529
902630115
1525974399
2923739140
1810627029
2205213431
2847746208
2490208757
1842462107
2694015374
2483546421
646908005
3274795960
2683463990
4254927252
911283803
820429356
645420400
3670045300
4101015173
4093009229
3363193730
743389267
3225039162
2919623484
673977151
2342234255
3518357524
378932717
2706006896
3558360634
1976868919
3845981222
864793177
1416894206
3052747151
3770833168
3686939382
1811858735
3942040823
1623517860
2137399091
802228093
3088778256
790592204
401623844
3766710626
1320035683
1542156281
3350833003
47735921
3093707965
1559716576
856302661
2809445721
1108722842
245875705
1910520773
334799707
3218375496
4039914186
834114634
4060098733
850586715
4252810923
2432209412
3555374527
3737333804
580833255
931811417
1279040146
3728441907
3247130092
2941097949
512751234
1697802372
812393561
1017401092
3258989514
3053630396
3891435558
600729540
2229221097
728395251
885812720
2630800699
2318544865
3036374547
719384064
1539204202
2476778670
198718043
1025291800
1889199156
2618103135
342552027
1947695586
2049537817
2910547338
238200347
4098053221
3392623902
2036743602
3586424331
2938748974
239587964
4209291538
2067526571
2120080955
3659573975
47942868
2872519928
2609025565
1283194674
2067705179
1124620457
216863462
3472519860
3616564327
4055307282
1511920865
1794477542
1282887737
2711420709
3734862167
3196118629
2156533828
1050516131
3007104433
845866599
1045291098
579930746
2312394826
3233459329
1192471092
2369939650
776057575
2330956903
3713069548
1764989669
1799867667
3156989065
4098740102
2491351251
1079547582
2455271811
2579803227
1043945554
3407164921
3945197504
2735632815
3320662139
3224915083
796405972
2659076503
840235522
4166709736
822784207
2626472054
4189797582
134978725
2206542948
149703754
1215257768
765081950
1646458988
3660842846
1915221381
3899078266
3934499639
2371214153
3936447105
608764063
440874732
2797748075
4212980820
1983308172
105244029
4060870469
3081673800
825206268
1149131229
2521950321
3542393775
4077969314
1764205609
2143657023
3508478932
956571672
1280053781
10290789
1028432961
2656433206
728854754
2866438994
440186562
3247965639
3445717738
1855098047
2393755896
947955501
2203243352
1371901155
207841717
1275671559
4128689193
857887164
346531645
4008474519
2193021487
1615910947
832233292
2532820338
172278491
1299879088
1712209582
266504755
932350188
3579778800
1638376156
2646376129
892375150
1057435342
3392690472
159235276
1202979509
3323767773
3371854977
4178736962
1597533766
3827104915
972374349
178549734
1174513105
1521401848
2067836703
2062408094
428639547
2346761592
1133884765
779306954
2532662956
3769265601
2989249709
3057414353
3254296745
2114527124
2893964810
3397136988
2973501738
4125688397
3471645614
3745730902
400554608
1311300454
684787725
1337340319
3661267755
808693564
3736542472
3097475341
2100363702
1952101580
1560504621
680941708
591002593
183051873
2574092228
3075670110
2862562893
2342043874
956568345
3144075084
2109134200
3631666973
2846800301
3851055649
3031076758
3588789790
330644412
3190033156
92655347
2185221483
3325707812
3890005874
468423527
2647279098
29165860
322722517
864746927
2816589211
2162476828
2594245189
602395397
2160159052
2161940684
666375516
3830797261
3767011864
2254903345
3386157958
2241510414
1865274593
356672398
3187623411
4243242101
2572458394
3027835569
2996744815
1201123102
3710821757
3243242763
3302492817
494450048
3902082595
1236680281
3453369901
1196575523
1575325818
1442270686
2551425298
4247394685
3604763583
335487342
3271750970
3042387995
1853894510
3239301905
4229369615
2467368127
688844875
2308034662
3999202675
1924116106
2404701576
1140691724
917137104
1243985343
3630223958
2430570645
3417498443
925874498
760326464
3379015286
2781624006
3504477573
902466901
1943135051
2407955203
4152592245
1520661218
3263543534
2725403872
2458742728
2932435706
791370165
2699786696
3182072872
1076472711
3989702369
3617912130
2045148813
1610646580
3456076406
1611844365
78544993
2816267006
2794458665
3917352965
3994339405
2512303511
3748577068
2042530285
2105721129
874026316
4218783289
2888356673
1972010423
3732102736
1879156143
2469854491
3812377425
4088952601
871465392
3087007832
3183281102
3052957194
2692129070
1989332213
2930500352
2662156098
3426622173
3303355411
987645157
2309291989
1846856541
13544655
4113015885
2975106892
3407016592
789133051
3325446830
1661952400
3951840182
3647025625
4001888018
3316728651
3324500103
779583443
3584763123
4020923199
1897143051
3707354972
2494387270
2699611160
1513107133
674601279
255325095
3022139014
1616861547
3926395177
3512629186
1718058985
1541725052
1247974289
943725031
371610443
3430124350
1520049416
821662820
3261284119
1895389796
3473865351
1616369376
1943934392
2142987580
3401628368
3289365300
1216886832
942761385
1003189084
3027524937
460647369
4129548003
3025590470
740471203
3313712438
3039466627
2402006499
3803718415
1240413202
618668513
4204164664
396425400
4112685444
517508323
4151366054
75813295
1528456026
1065852061
3651149045
3778291813
2795126772
59908115
3025893117
2916527234
783286277
2858297336
136625379
4167517537
57290685
1818614856
2627326034
3123378977
1097215805
459456424
2177503095
3158667393
2170969503
3225473747
3544059489
2509462602
3405778263
1794430250
3952835912
2075584851
458318515
2366201530
1449015191
1390422353
668785396
316185540
3117000177
2489704982
2434456151
2540156843
3334741623
1572527953
2212871904
3153333712
439797840
2648266276
1145071342
4190567305
1730187299
1254664377
1065983474
4217637401
3227974514
1341834821
4229803951
245166756
52276126
153798258
1451214291
348015545
3650066360
666925185
2983377840
272321109
285827141
977297579
1037923947
694088831
3338224469
2908204173
731285506
361748770
391945769
1685859209
621919951
869310486
970239735
669722085
3897942708
696905050
3969023592
3603991088
435546499
1849838211
397427131
2000224287
2202525937
4090811368
338613056
1820080820
1554224337
2441505266
2221729936
304702454
1886276438
783582698
51126446
3072470701
3129289194
1891619813
610763712
1442317647
1648724469
427572333
2628190321
4002609020
1895816376
3811924619
2596964753
67266815
2553816759
3479874287
1147101602
3849269849
1567115460
2705935956
2013488508
3301842893
1692350120
2268812092
3248393860
2043438802
2685885331
1208999779
3250429787
1682911217
2103896331
3739956689
4108131530
309550369
1421058515
4061186992
1835750077
4225163474
1416937268
122416054
3118448032
3592028205
1515490443
111539722
2657537404
2601344950
2558261467
161694026
2842876763
1435909416
2963635557
1834187912
162802239
1649376008
792327960
1571933510
3564321938
768855390
3374581594
2087694000
227558280
3177956060
136102548
2822131810
1915233457
2552337456
228161964
1089994458
2045455097
2785303346
293971591
3090848275
1911434714
2020803878
3843312649
3210390623
707889203
1528420679
1012216807
2844046432
1475514051
1413053378
3379837986
99476145
830757406
2943897470
3857128956
1448196811
1448416885
3907644613
2350157966
1159247003
622847940
4046912429
3622803795
2463127997
2124876243
2124863406
3820935027
3475150349
2268296363
659860504
1257562587
1682392686
1479340854
3481014507
1104382650
2288261777
1786187127
3145531746
1261595518
2591448845
212335089
175609627
974914848
1019311514
924357300
2527057758
1473698460
3636426900
3339641703
1672245392
2061600753
2535622342
2201709285
185203655
1783961006
4055788725
377519750
2545871899
1170575117
1345909540
2064381120
1737688442
1592454715
1977308720
1856761146
697631255
971130334
2464938302
1759316620
2470758406
4135914567
258597581
1152876603
601492699
3589047056
1493559323
1262490491
2871081503
3994108683
980674803
3531039615
556969245
1915171577
4215556961
2409394783
147582776
237308503
2013633126
3158672593
3706324114
2145089870
3904828764
3938055824
1827033508
1277003965
2332387502
1109949021
3308526903
2256122525
1403074455
1647494576
1728968381
2882272542
1565036191
2684929393
202836219
1307856507
1372763101
3989257701
2232694406
1186161779
3916138986
2226153400
3027724076
1562059483
1222541837
1759708185
356903591
3756788901
146921934
3335877071
189087725
515105259
604844184
717632692
4292613336
918271691
2103093735
89620506
3470818849
3525249897
3875087266
2412124215
411083398
2765913225
1067195426
3218255235
2723070564
392101502
2599762006
4045279166
3414684039
1903108684
1998393263
3362690296
595731125
3598087949
1284957926
660680509
3144499195
2199522579
827166263
3057449708
1741742055
906945434
4047644529
3751114947
973189467
1734811565
2448354386
3820185472
3522308507
59374292
4253598602
274936704
3709004817
4023488926
4181841459
3127315226
4205110355
2101283487
2019718069
2428680676
4115580440
3545214064
3068657845
2416884601
801563488
1296971285
1930234456
3399982445
2066983123
459719470
3131161060
3374641225
3822170546
2006132079
613874969
1835948012
3768185480
3363107090
4214875276
2020574135
625479833
1444677072
1685342484
2193416486
663365680
2822042226
1722146070
792906902
2165970926
2352575056
573420371
1945196177
1367166248
2412903963
954450657
3496291740
1224891040
3832447189
1825734343
419764448
4046839339
1925328885
4040289445
2164788334
1837831900
2404808333
99786523
808805273
1616351376
4038085193
564638233
2705921513
658936681
1455570656
2280513201
2155465712
560524648
2590025912
267461975
1969343319
2245956722
643303601
664777726
3830229964
1173766351
423752918
3411397248
3735953766
268099358
78997814
3638958760
3887825137
2812125525
3414871355
2738598987
3934947957
4022027394
2184742364
2209136124
1297370812
1808066500
1017362048
2927217355
2543493267
1556577785
1485749476
826125259
2573305571
313984641
3336156734
1445663284
559704398
461274410
161065393
1116500932
2937173579
1261000381
1943211463
2501335275
2908561327
2221400556
2551783026
3340082989
1309000622
211874752
1482250962
1068915681
755141783
430812317
777778981
287847409
4107702498
1404963910
59869146
26870950
3186189289
776328367
623402841
2259893256
3374561292
3424522751
124492737
227002594
4050960614
208662563
4147930313
2550454535
4205118945
256437534
2439727190
1510168008
254326778
2400471347
3991408833
1008135912
1232657173
2713410555
1322953616
3954477148
1965090425
3690115036
104569609
1578531566
485805305
880981442
2832224907
3578039129
378203239
4157250844
4168416984
854194740
2752865569
2461329620
2310044759
3679378468
429737505
1618160356
866637914
1122724305
3581217006
689474281
465759829
1109899340
227381327
4201277886
1260784281
1520598142
1257668585
3214394460
2650836622
798004059
4027918669
3481589568
1845900716
2410681487
3399225935
238839908
1792895666
2984750814
3402135535
2591732916
1686554587
878271582
3009842072
4204300619
3468831557
2227966507
3579193001
1791501614
3534126857
237621495
3533260214
3194563235
367717510
1771432752
1669352760
1192296190
1393794385
2470484154
1461791594
2785652010
2737480233
2665425900
1085285784
3374221592
3319230162
60511006
1458097232
1260574189
1804227200
2102469019
3736296746
3736650292
643621448
374113605
906774712
701140754
3394701536
3094078072
3148342773
2177809024
1730364687
4015401683
1897022112
3097297043
3133895664
1362925389
1593261878
2288223118
2407792077
1859386372
1921821292
4160425432
1306829335
3182664329
3721057130
2398111295
3802820291
3055129133
327932445
1243994061
3578975729
1624827267
232655624
3780122009
827803313
3231435180
2719597631
3291223367
1079768490
741723411
3723286520
4021278747
225814300
1176046940
3662031302
1667242008
2638774189
4001565740
4183750866
1547446051
873820866
3827878015
1136953840
4074123314
3998301196
3241552336
3603227375
3118107811
1704829733
1690193320
3621993408
3362474310
772220495
3566537978
853634954
1839589102
2131518669
3104150265
736192646
1809933441
1990262954
1042684166
2341774377
2545005207
2514782496
1748391547
1900065266
1070309919
733512292
33425132
3777785668
3700776643
2612320648
1707035539
2131657651
2929008406
1100280862
3091289154
2578374679
1488519847
72889329
3499291621
2717281022
3442995423
3677873576
1951097104
780365875
1037182607
2806731457
1208233689
979926564
2462742247
634431441
2876586750
2333210133
856374223
2713846465
3099633005
4137937398
4288507936
1191106044
4072100509
3778804527
566089556
1097954219
1398094414
1722307297
2755174020
223418541
1615140427
3489458686
1466828796
4248209565
1342944444
3266709304
860066100
2116348859
3584755049
1490846264
398508720
1192603456
2454324761
3280756919
1945140706
158506814
2686062306
248526217
3570732765
562272241
2637265409
2149631680
1788762180
616224746
3920679891
496561662
3948222442
4154494702
3821420336
1894849332
3845257740
1072962041
3215831445
2032876897
2157910881
260642829
1414628249
2756953814
2064812650
2441413665
3613111546
4158740311
1479678119
2731719207
4136842957
934856859
108013968
124494405
3309671574
4051418550
2894905356
3726020584
3550542347
1861709769
490338144
2285548897
129423219
2224669584
2394623020
328876235
2827660804
1772997417
3372639590
723049008
1363760658
3761168840
3803525878
2257204037
991107257
3704617987
2137497606
1606947086
3913839247
2976024808
1653595878
3578166156
629238305
780322398
2202799445
1853533527
744162261
3619693669
177910333
2332840174
3244992641
3007535701
2099269043
4163806601
2383291712
727983114
327519469
3697791366
3471946989
3455495804
1831745256
85430891
995690018
773953288
1934903698
1729998386
173380888
2850419989
676150235
3117952874
3192476305
2229634753
3172239667
188880872
1475873813
991115391
3145820041
2020162383
821643854
3994167237
2185865215
1467703563
1237064924
2771098187
2783929183
48908592
1391408652
2931161551
940440134
4015857113
833845091
239715040
1388737867
3745754608
1710164582
183748538
1792792613
1013144772
2928537028
1365746839
1897634090
1558554466
3591307728
446417357
3111733346
4007642470
1167194426
1841962533
46577571
156664142
3111755036
669980288
298754709
3295337005
846595000
4191443525
968051867
3642596932
374616224
531505521
1158917826
4078707073
572281709
68809702
4135470759
1266920982
3375375963
3368914528
3883926992
3765963187
97958431
420710179
2100903219
2125793559
3506521541
3761338684
3707895661
40928431
277486900
3419475728
461238295
963547639
1884059814
1687905141
2160567484
3257597012
381266176
3628738691
1829804772
3266618736
1943378228
1339499538
3226597328
2418357741
3640460254
682310451
3585739863
1892805674
4277099152
3742647514
3623884425
3453457811
2716271538
105415567
1271760163
1415578172
3001689108
2166924346
1130530774
2409622210
1055970871
3156613158
1673695371
1937170766
1777726417
557006805
2883490801
945543676
1544253750
938891555
1272390516
3476222072
2924533338
1939124733
724932707
2538045572
947564225
877983082
1865902227
2930456218
3698504983
4018811556
1799631582
2538643369
453981779
2896186561
1172950528
3933122234
3151847243
2623984196
3754498999
2915602614
7883495
185318590
1119356898
1008652266
2301424252
2588171702
2261698643
1903626821
363676702
1451018093
1315962038
2567469828
1207675389
43873572
2853516092
1698998738
1900329521
2329690312
3372325714
402420656
391100398
781843733
1075002441
3345792903
2787110690
1170915792
1053745848
3370490506
3233513391
2659090173
2494061616
80969186
806246677
484374446
999806765
3246961824
1391757784
901117059
4070526400
3221093814
2404752395
2618766775
3217191324
2585765034
2129314060
3477111023
732795607
3093476375
295257178
3354511071
3388251525
3528454859
3049405853
2717552430
3915318044
682978921
2366567266
2738856067
3091766239
604352387
184350874
3759399779
2190772268
2546101366
3537753903
3888909735
3473118779
3192868004
3296997901
1817473710
3774815672
4173550900
1553752775
3155676951
3401020346
3458506814
2088902020
1270644773
3408401617
963591066
3643344191
2293114359
3868342787
4265779627
1924735437
2414813398
1054415300
3173564739
1707505279
1794034401
2685365207
3287943057
505456593
2562697403
3188019305
2550873453
3690618039
249492254
3233640482
3386190392
458753106
2221366475
3028124470
1207882484
2324942083
3171868487
111875326
3827279529
3021055546
814717762
3528754270
3752406119
3294597764
3805451462
4243295200
859833611
2515635301
1597535241
1500189747
793562938
961807092
1208122069
337977694
4231701156
2757164997
923114684
2076889858
341394451
1505616181
3853326656
4224665664
2712601256
3410553450
1731124474
3236796290
3126921702
2932929277
2372235628
508135116
542885682
1730524497
226862674
1838599581
3967445785
1008911354
916713659
3253904789
1582623514
954132189
129565957
523887395
169621747
798454360
3147519486
2650596468
2653695386
3024828835
1390282659
2286660165
1910362456
3861866214
349510857
2191166498
4085853538
2221977562
3581443166
4279023260
2970209262
250009838
3043130470
1186077954
2629689031
486104107
503196584
787892892
2413386213
3911862342
2266460982
2975186988
167269909
2012448845
2820716222
449808102
1003299652
1041488876
2268075777
2684456337
505361642
2671523739
1847916520
3304311888
3982892072
1767581819
3929161514
1249818510
543008525
3814058393
1203711396
2094419648
2700948879
1868619309
2483957018
1329295198
1385740041
2441247390
3885126766
3757303999
3832373742
1485010008
1389018731
460970885
593805254
1911107840
1662048783
289008486
3987282540
3822709486
704033273
2911131963
4203760247
1276892610
1247674679
431418957
3831794989
1104941071
579918859
2468166962
2158443626
476113001
1457968908
353998250
3741198643
2973933552
2686095191
1315467041
2873517339
1775132912
561534578
2234950921
1878043931
2956657249
2888406966
2282939465
1785701525
3858427663
1258195371
4288176579
2728443546
1129976110
247955427
4198186669
3136765951
4132844889
1015446484
1881511625
3478118316
884770476
2082437482
3181390554
3053199827
737665430
3731749564
4210495870
4129290635
2516977240
95386802
275983374
2445418316
2047679224
189732637
584660691
1447560314
2845972509
1711410260
3177227332
569996092
2141397199
1948003119
2464396331
634249865
226226087
2419047590
1502365337
3338648534
3629936326
1530056661
1726471412
1138632530
2470007721
2158914407
2442538609
2643910961
2255855963
129012727
2020228388
1710162824
3736152482
3886533602
3248183746
3744004018
1495459655
2445045483
754741584
225518794
714047452
1368984850
1440610329
2010713804
3731784786
2348914203
3929360901
1683039059
1712139457
2767355075
1769425987
4277360238
128970202
455780491
600493574
4028950691
1004653422
976900990
3790457378
1216165591
2192419107
172254287
366819208
901511492
3082549172
2746196431
2242670715
2773665181
2732795209
610520046
1556902275
34106252
1214008570
3256128100
1592134984
2452017584
2903317413
1202518526
2891458562
1087090339
1048565851
3960019453
3006530897
1136739931
3052050539
2229416151
1170398985
1506855808
46032515
2455787364
1822386205
2135495372
1410000087
3623110407
183928838
3105624182
3861295134
4056125493
2002227986
2134847378
1721330355
373178021
1393598857
1814337503
3524556082
4206534973
2593599635
3761387013
177421199
2943143571
2974309542
2587659448
985615217
2998375098
2551587967
439247916
741084134
1369503796
1307071756
326803922
3208916898
3530208769
1049396170
480046738
2866052053
1281039017
3002304558
1498772748
4293432641
2251318822
2862539820
708015123
229898596
1372177653
891714345
996617298
2045880341
1972576915
2427509813
201256327
2199578673
2812128980
406496834
2698121090
3902568281
4288739109
3168489914
1828532485
1458262553
3847858581
1960245055
4179986775
2629698312
1747218354
2455041268
2685660241
1426363121
220160421
2062410935
4170787383
900262655
1631901215
2674021602
2750007290
970139168
3019466942
3751981091
4173264712
134669033
3987882230
1983139220
2450195141
4241795885
2931325017
2543440652
2687776595
1211752910
1020800369
2588622651
977308340
88379759
3673770874
818807083
1273593758
1714575963
4040705936
977096028
849904025
1120634920
640387978
1124883272
3822540422
3775684044
2008491804
1889851470
2087135026
612225652
862618206
1316971365
313500307
1885225043
1535197451
4165647405
2159947302
1147210309
1434376649
3250813269
1331037560
4147113564
1169145379
531034693
318270783
2893240674
1978425669
1287323064
489827646
992052868
1875789562
3879400290
2757278949
3386214854
319610499
3360634255
3552501392
3948571567
2805170122
264063004
1703132245
655272346
4008253679
1353773039
1770734494
3099869114
1679298233
3942049418
3317003461
376451338
3844760383
603011857
4053652080
595194216
3839333544
1015783779
4008754838
2877401550
27740049
2456457695
80721973
1535106938
3264626902
745350988
2210458312
891287353
4266906726
2638595326
4075820569
3109636632
2296331514
3772793282
3191162915
851188575
3894794254
2562155487
3876151240
1700118511
3644571973
758164037
709458355
762696610
182449428
3816207222
1118783585
4128693192
3932779107
113713125
329992763
748312690
3834540102
2605114002
2126404548
3932677052
2350628913
1503492187
2220290501
2436066323
3265790116
1734475600
4259452776
638095877
2191490135
2366849078
2683865160
3957885203
1050558341
1276259341
2955294001
3635295357
1262202649
1256829127
1913669727
3121878322
2141846691
3537479249
3592004703
1788442283
216525254
2333973655
459078393
2950565179
1453446848
3805971816
1200590467
2994220713
3873035479
1258843086
3749500995
867645108
2090480311
1994776454
1218690115
790275868
2428249954
1901537410
3536401093
1964490622
1084729519
3491643853
2835211382
3346756592
183446384
3837901830
1557324305
1776723991
1432523877
501870838
1960273472
1652904391
3464798098
456340193
3262817476
2674658119
4187265230
1840611611
2848473067
2089100607
391353088
688393375
1939360108
62130073
3747938207
1443375950
2382927310
3307029828
3468938126
3979707210
3950841225
3814597030
443014794
2654441270
613467915
690695574
2470631465
1468365871
325598689
4102800284
543344125
2642489558
3503259182
2987767963
1618798553
3207990260
3736475241
3747283463
4017421676
1449835957
532290485
90967278
548434389
1764824087
1974898143
755373863
389724877
3413268068
2332630483
2384169291
2603656998
1957583948
291132735
2177528179
2065890452
1203543898
3319617388
4079003050
2787880785
1078223564
1912794355
1984690891
1641237359
3537301222
330289790
3588727985
3477476327
335717859
2662470300
860557299
3295280700
3584281238
1203395769
2129164577
744440769
3536219427
1341889387
2428101607
3531989458
778975553
2105574675
3716320228
1894423484
1055917632
812666302
2673929955
3902479760
2446959303
39914995
267112912
648794052
893778749
418079311
1846790038
3266867305
3062397871
2199485847
2744921330
1780238945
4188952414
2006899989
3293874398
2122474956
593967801
2023823577
2307429022
527548886
1766952680
1914089594
975553715
1324966307
1188987134
929596379
2764948615
1490687031
4111236590
2654191474
3871432946
2472985168
831290437
528774958
1786120221
3929868774
2876479851
4056154103
1904442614
2948326639
2190497997
909536468
1050745022
1875972689
252755831
1171174574
1069678983
549318483
397851602
3327513869
2479479928
2997233472
1652412766
2385984344
2946329597
3990658320
2711949330
380204498
2622658822
2935737467
3944115480
3760734172
115785287
3598015897
1056757459
2509455717
3653056028
2225574701
230966556
2452033593
975441598
1767963832
1258735997
1181997471
3477365636
3215431763
3944528613
2331646361
3906298909
3447139322
2676316980
4188461057
2043291429
1848534952
2625312107
279983027
4223282733
2899413551
2288528326
2669078627
3952037969
106187356
937527808
2257467203
422449349
2166535531
3435293585
2971994842
1785024816
2238061728
180946901
3792703263
603467568
3436964020
3501489906
3139536480
1421202469
3570848336
852693791
3488171956
68355726
2794799829
799295124
1231318395
2264575082
1115872498
1996019107
4152499724
118028916
216176213
1588010659
599086094
2617412834
2062518425
2444198125
1264524964
1885107035
3945726359
4169902291
4155727588
1243431430
101555342
3823476488
2435357409
1859586723
2782785433
1934098467
2513476356
476077511
4177835583
2566487250
2578723798
3486307738
2451985767
3524019819
2912903106
2979481240
409470260
3695742880
2570596261
4201346023
996593201
2600185203
1435584310
612567304
573325180
1995822430
3997001906
4175175138
1517361176
1587576738
2695234576
251207638
3896152736
2553327794
47213171
1123027331
710484682
3468020703
2171319508
2693978690
56882530
3251381256
642194530
199934113
2536151246
1426604114
2454041085
3806460434
4140986016
107025203
2765447600
2425783723
1188995112
3506769432
545603451
3072431380
3517581327
3069426023
3259126160
968597057
782865793
487651288
64669120
3454705938
3216238529
2170093198
240487949
3102580217
464360267
4218970118
4055372900
3674881099
1643918189
611456893
715921509
744919367
3561937434
1891547910
3114859347
3835387243
2617290704
3560167369
2942137575
2300673033
1314185816
2726751034
3039419890
329175896
3837846826
3270918410
1573247422
3500318893
3429721116
2469158907
973759328
986950446
3302727469
2963982582
1071474525
3556448477
3192995703
1372245263
3225715935
1762240051
2896351591
3331046679
1931308580
1287180991
1538413789
833337103
3705531974
620894276
274338320
1799976475
312031038
1692718777
3853687088
3767749062
2362175035
2524093921
423823819
1854913137
2721599477
3460627007
2822219089
1846603532
3774518462
1758290186
3081161171
1843873214
604248906
351572669
63762954
2816676717
1709674070
1967351128
2799971246
2929483205
3603854549
3507128114
3975099070
1118962453
1536254555
3308595412
2160974760
1940746288
1690342433
302883683
3195687010
3392328553
99344749
2501775493
2706057081
1644721088
759310187
3541927984
764499854
1946560090
3615629328
1880497713
717805123
3543171201
3784321841
2356026594
1269504409
485242057
924300220
187660439
3045503262
514976640
3978252198
1667019843
718093966
560940535
2290629682
2847200250
561833346
1720427142
3536724038
775358308
4066069158
277873429
1836508638
637726854
3162428495
3350688821
1976494214
517128932
3500509280
7551660
2084810311
3011397364
3868841822
72216503
1082655220
1216948650
1845001027
2765416819
2207532761
3465801154
3041969953
1826077570
2521397013
400032517
1059856429
2983147628
378027617
2186099726
2145361493
3853731534
1535865397
4277677429
1987656791
2781568033
3736051023
4166712584
4046469236
714149214
3463099206
2539132113
1641618704
547505315
3471645917
1015855978
2169635668
3392501818
2962105736
1091028763
2603236400
1228121892
1044340731
3408992717
1182047495
1677005178
256797597
520986902
196268615
1925096391
505196292
1026102073
4061095370
1729229902
237966040
1236063194
3280487805
1179675863
1506633756
1972345735
4274857157
1544711642
2401188804
164822061
238334879
3597734311
2660501691
928951705
3257235192
3948683404
2666087455
842802966
1723813136
915059699
2215324550
1533376783
1983157137
2516064629
3077135913
687165380
13352785
2000779539
2736301560
3209345242
2826006411
3087156001
1597353106
2718445054
844062225
2184004104
2432853190
2333268317
3684382055
3595241171
1310904039
3652996670
666970589
1652441776
2206390895
632820969
84715937
873632692
2026418421
951140231
2161968763
2791224510
3876810004
1114689932
4239075799
1455902472
3716178833
1034559370
1909625147
3544452179
1146002203
1066055271
2749037667
204546715
498694797
2107004959
4139004142
566247965
1086749441
1396693222
1774127343
950356346
3803259686
1169448600
1367191157
92843692
360147143
4273793064
3844529927
1166653831
4271295186
3004703820
952593694
3335117812
1886748744
2769869124
1127366505
904296775
2463539906
2226367197
1263683445
3900171261
315596138
2891296965
2616402636
1826256841
1146061065
791519861
1950943089
3388669121
178183585
1737450128
3444778846
3155033817
2196824484
2290412436
1928471847
870868056
1322089118
3481509046
2824890466
3001588017
203528042
2473090186
1739018257
129117538
4237751649
1961338918
962774630
593578171
3261715236
777701695
1711718631
2935510104
4217899343
1253317315
4066394641
3258752505
983060151
1819467053
2978874585
559625970
1896254728
4077830143
2785253486
3498043810
706361519
3659687382
1136834656
2772929747
1424092750
3435221827
2117737750
454925897
2891058273
3096014667
1475138875
4025036198
4151984392
2622853958
4292133488
2941765561
3225472057
2801827149
745249682
2876849226
1991502586
804561634
908563633
379048002
3113454085
2828502569
784435143
3941199916
97570857
3273353862
1214812995
2125923307
2719899970
2998005809
64390701
3887938480
688992631
2548046338
2494619151
3522550313
3424069709
1934957339
1802872593
3995589332
2548786552
1093263571
2993492850
3009016461
3613506478
1769856508
3941144207
