7265
6817
9495
3620
3429
6069
8667
6127
7310
6855
7967
1026
791
2140
9260
6793
166
3258
7951
1478
9946
7695
437
9075
6016
1755
5143
1765
3139
6543
2899
2277
5233
2393
7762
8652
335
8302
6653
9509
5156
6493
534
7811
8623
1667
6477
663
6790
4427
2131
6735
2121
2558
5810
11
6177
2826
1766
1189
1242
6529
3457
6465
796
3092
6991
1121
1393
5517
2504
8413
2009
4902
6223
632
8434
2699
1285
5223
7116
5280
3831
1111
9702
9631
1112
5878
4330
4742
7058
5562
1270
2388
3901
2056
5470
891
5042
8727
8272
9410
7139
280
4311
3361
2776
4618
7924
5925
9831
6913
1204
3662
8014
905
5166
9116
8648
9487
3857
7579
6922
6992
9957
822
921
7300
3577
7827
6026
1848
7236
3164
3993
3421
8389
8633
8029
6312
4558
7860
3224
5752
3395
1238
8522
8551
353
9043
9911
6075
6621
8707
3066
6577
1402
3977
3876
4970
1804
1775
8682
913
4929
4548
4324
5191
3181
2353
1502
7729
2086
6590
5354
7345
7818
5749
7769
45
4791
7680
7984
1411
6386
1049
9852
7778
6890
5601
4621
8684
7366
5177
1471
4168
9715
5785
9349
4769
11
850
4371
3961
7431
9716
1305
7122
7338
9065
9031
4003
8618
7014
5404
6877
8053
5256
6528
6817
2730
3023
7374
96
8190
8835
4254
9778
4620
3603
6421
6495
6317
791
2330
5621
2380
5499
2743
9709
6437
1773
3711
5054
661
988
3804
587
8108
332
7394
838
5219
4768
924
3408
3602
7042
5059
95
644
1479
8455
8826
4135
784
4446
6505
6273
7179
8087
2710
826
3671
9628
1477
6524
3432
2054
4631
5628
1322
7333
846
7954
8247
6118
3429
7163
3050
3515
9671
6394
3843
8496
528
4617
2942
8897
2763
1994
8858
7337
2810
2528
6965
6151
9042
2270
79
5547
7888
1391
2879
607
9335
3000
6715
2763
162
1638
8142
1706
8022
3858
202
423
8465
3134
1194
3102
6992
51
438
9793
4443
9267
7817
5359
1536
7886
905
1297
1150
5648
1894
2358
521
482
5112
2547
3985
5127
4244
2006
8976
4436
4294
9314
9434
5478
4289
6425
5519
4718
8091
1835
5858
5908
7184
9259
5667
9953
555
6808
5601
4314
9156
6112
6660
6141
8650
644
3142
4767
4515
3991
9193
682
3304
509
6150
9458
8798
3542
6049
8763
5367
1906
6544
2551
1164
2210
2503
3584
891
9968
7888
47
7954
6421
8052
8477
7056
3067
3243
3444
7048
4309
4116
2226
6682
265
1683
5479
5671
7722
6115
1037
1501
2658
5452
2656
4859
9820
8104
7614
1670
5991
9525
9614
4285
7577
8090
1340
2517
1332
6648
9556
7505
763
3655
4186
2892
5328
1539
8553
4923
7644
1464
8288
302
8780
943
7025
8599
920
4638
2143
8775
4163
1756
3060
3613
9837
6264
6120
3042
2912
7549
2421
3665
1203
6597
8422
8395
8126
8848
5191
5770
2185
3479
7936
965
6286
4960
1437
7197
1471
3570
5971
7498
5317
9021
2984
7027
7159
978
1942
70
8517
4353
5599
1594
950
4020
1862
949
4742
7044
6709
6917
2396
6518
7872
8672
3351
9300
5868
4813
4743
3713
4184
59
4607
7159
8950
1765
8127
892
3699
8517
7109
9289
110
9923
5182
3837
872
9914
880
9445
8705
3266
5963
6576
3811
9304
7749
9670
5990
2492
5256
174
4415
1736
7323
5239
3492
7323
6121
7181
5839
5103
8343
7814
5026
3525
1650
5888
5312
4394
5332
4016
7650
3168
592
1460
2472
214
3003
335
4570
132
499
8976
1859
9686
4214
7215
7008
2208
4395
4721
9175
2738
2534
4200
8127
4174
1961
3438
8558
9158
7445
8081
2325
9901
1414
6661
114
6282
6987
6549
6404
9350
5524
8253
9036
1611
7341
7917
5683
1736
2637
6731
6338
7035
931
4464
3082
4756
9766
3513
5787
7210
3467
9977
8984
4872
6637
9089
1153
5497
5637
9421
6721
3034
9548
7630
6509
6888
5546
4065
497
57
795
6825
8956
3590
3162
2038
220
4802
7415
5997
2011
882
5973
995
5744
4484
1957
8761
1854
9458
64
8565
4365
9602
6194
873
8364
3614
6802
8851
5535
9461
7550
6364
4925
2585
275
5135
7377
7681
3005
1262
8553
852
4121
6170
5326
6068
4930
9044
7399
6858
7609
1763
6460
5676
4500
6697
1163
3175
5547
8562
2635
4970
4926
9424
7546
5191
4558
4922
4745
9428
6174
3297
279
294
9457
7469
8226
6260
6512
5624
3118
4120
9251
1451
1670
3750
8138
4697
6915
5558
3259
1424
528
58
847
8064
7113
5396
4859
1858
6697
1033
5145
6966
3191
6476
4434
3291
4609
2819
8905
7717
6930
8156
1041
473
3779
1052
5160
694
6601
292
2108
8993
2214
2945
7056
9318
214
1914
1175
6901
4811
8184
5740
9867
6533
2047
3157
1142
4857
3935
732
3660
2090
3638
5997
5860
4680
3030
8418
3154
3313
525
2146
5517
5334
1075
6708
7413
4854
9747
6187
1538
9805
3801
1404
6337
5838
4551
7469
2568
8477
75
8092
2440
3703
4088
173
256
7109
8581
3401
2295
979
5537
9676
8178
8477
6384
5590
3330
8004
1776
4858
7808
7441
8127
4145
3279
2677
3487
7711
3027
5426
5803
7332
9119
9881
7495
9366
6989
7950
2766
9274
8919
176
8950
7096
526
7207
4559
3846
5210
8200
578
3018
5640
8695
9027
792
3245
4387
8494
8137
9804
4296
5468
805
4176
4836
170
3039
2785
4800
4186
3578
6841
3135
2547
7357
2215
8971
3077
7416
7170
3645
2307
2809
4213
3207
3592
9322
7584
2085
7458
7387
8245
4799
8183
2420
1509
226
7323
4284
6891
1509
9726
3731
4634
4147
2961
8714
3117
6028
6129
286
1546
309
4959
5749
3506
424
5071
2963
4373
4402
2224
2617
9192
406
6902
700
2496
4224
6848
9377
5723
8448
4981
2231
2594
7933
944
5701
3960
8937
7851
7371
9236
2809
4993
4615
3224
1937
7568
7587
6330
9782
204
7395
2061
7096
9959
6422
1319
8680
5798
8907
7127
779
1137
1594
8702
3945
7285
4535
2881
5135
1905
3990
9809
6889
8595
3032
8816
8036
618
7019
9692
2686
6287
1752
1655
6245
47
4839
4925
5836
3745
3925
8479
6746
5510
9054
690
4668
3588
3561
1677
7358
9415
1485
6120
9883
6381
6809
7918
8863
5702
7609
1549
1988
1235
5068
8224
3146
9897
5022
8972
5515
8937
9324
2260
6320
8377
2940
2862
3839
8365
4529
3070
9653
7878
9180
9535
4258
7862
7453
3120
3563
6935
6533
5542
43
1601
5639
3180
3371
660
4025
8877
1470
3349
3010
9655
3599
7815
2516
9302
6179
7035
2371
7706
4912
3424
7240
1043
1286
6566
4153
6713
5375
2560
2254
7282
4151
7883
461
7512
416
6351
8262
1877
1573
1272
1531
7036
9077
4037
6338
7129
2945
8699
4834
9721
3997
2074
763
5273
513
4906
1985
5878
9330
6104
3160
3480
3986
5485
2866
6267
1835
3001
8134
5272
6137
1538
2308
5213
5565
519
4216
383
1091
923
103
5078
4861
856
2224
5365
7626
4200
1242
6956
2177
6266
2309
8027
1751
7039
4293
5450
40
4300
722
6167
5828
4894
3254
3266
5403
9334
3639
6484
256
3732
1562
6982
6452
3776
2346
4078
9840
5452
2907
2016
1718
5206
1917
5333
4119
6200
782
4149
500
1494
2189
8192
8252
7307
1458
3654
8514
5087
138
644
693
3564
7616
7135
7330
1835
1212
9044
7277
5983
2933
868
1189
4840
6191
5298
2914
6964
1320
5278
331
5373
3469
8574
4554
4917
4101
3067
1878
6103
3701
2561
9657
3190
9686
8861
5015
2772
7904
2292
8745
2710
5024
1807
9415
1215
8969
2328
52
288
7596
373
7526
2938
820
3953
7846
6786
7010
9714
2888
2585
4148
2545
5765
3833
3279
2654
6595
3056
4936
7214
5756
9950
9011
5170
3038
7980
9362
3080
141
6957
5318
9531
1769
8002
3483
9605
4787
2367
1201
9540
6816
5339
2084
4454
9162
7227
7098
7631
282
3907
6718
7902
5731
5728
3072
8759
5581
4307
3713
7587
3138
904
7117
4897
8896
2474
4501
5557
6705
7566
5096
3520
2904
9044
7964
3939
6270
6936
3443
6542
842
160
6317
8437
7753
9379
7196
3333
5560
2782
2793
8688
3676
1784
3584
2571
4248
9949
8118
952
7514
5087
6336
417
4130
6173
4346
2273
3108
7780
688
5815
9804
6996
4251
7556
8248
3320
2763
3807
6092
5546
2494
9758
9194
6068
4203
3441
6016
4194
6257
3529
9272
2592
5810
5275
639
2030
7539
3737
9800
8217
1425
1486
5212
7541
9033
3460
860
3669
7257
8817
1088
1625
457
282
9557
4650
3713
7447
718
1844
2849
9980
6300
8650
7128
6929
679
4666
2540
2352
4757
3955
3828
9959
3369
4734
5292
4220
8393
4423
3036
9472
6038
5357
9744
7468
9998
5330
4914
715
7164
7754
2568
5338
6403
1569
2266
8946
6226
4796
1297
982
625
6989
2814
3984
1723
8097
77
115
4393
4977
1460
2304
334
1203
9762
2205
8398
4676
4784
5561
2429
9216
898
705
784
5029
9641
8874
1698
2811
9846
4187
1673
4534
45
3386
4504
112
5366
8887
6954
6816
3064
7278
9884
2825
9473
8281
7491
6130
5715
1793
5345
8478
4362
6119
3506
5876
4993
5194
8677
6712
1255
2224
1245
1290
5600
7613
3266
2839
8373
219
1529
1436
9361
1412
4252
8833
1566
3616
4962
7271
7274
2180
5748
1635
8290
1127
7502
3282
8186
8052
9984
9431
275
3103
720
7740
715
3976
578
9079
6060
2097
514
5420
5373
6630
6127
6929
246
2962
6074
9384
5133
1821
1018
3422
2939
393
8568
1124
319
434
2428
2458
3527
3138
197
6107
8978
2640
7059
5037
6601
9437
457
1974
6067
8448
776
8177
1409
6840
7560
6532
535
451
1827
3464
2709
394
6452
3018
819
8870
5466
6210
3881
5654
2316
2858
167
9365
9760
6758
8802
2090
605
6742
537
1372
4918
3810
85
4351
342
610
6666
4033
5938
9365
4418
2389
2382
7101
3132
7839
3310
7003
5366
5617
1735
7397
4981
3368
4154
5656
5448
4750
2397
7849
7986
9179
1658
8061
3529
3864
545
2069
7888
6473
1433
4179
736
3806
1279
3858
3518
4579
2735
757
195
6334
8144
7041
9692
4171
2696
7013
794
6958
4861
653
6136
8383
8705
1539
2247
1123
3598
2008
7586
6895
6177
8312
2574
7446
4044
6082
3898
8643
8703
5958
4976
8720
2998
6541
4765
7558
3553
5549
4515
287
6193
2525
8660
6771
5928
2780
7884
1399
4778
7343
8284
2828
7529
858
2147
1572
8804
6036
2088
9381
1993
8928
8100
6855
5468
2864
4412
9011
287
801
9288
8344
5190
7947
5114
1117
2601
4871
4380
7369
2213
2663
2071
9732
3511
4208
3177
4189
243
5255
3569
4100
4182
3542
954
1523
8271
7231
533
8548
9896
1694
6891
5085
1515
3878
8066
4106
8739
2445
3348
2825
6972
5409
2557
2357
9608
7598
6536
1724
2853
104
7689
8899
3636
516
2296
1906
7737
4693
2327
7632
6378
1091
4590
7883
4959
2655
3862
5571
6964
7200
8387
3936
4483
2817
8157
4090
414
4692
7678
5131
6660
5366
4030
2169
5873
8190
5940
5483
2882
8257
4989
9250
1222
9569
9006
6171
4098
4741
3616
1061
1941
2002
6861
8288
6683
5017
2377
7087
9699
1928
2218
8232
9159
8112
401
5031
6301
6331
2387
9173
6461
7366
8423
7673
6935
9302
5718
1032
4043
9324
3957
7848
3199
818
6135
9872
7699
385
6958
9272
2303
9166
7503
1461
9151
7894
8356
5451
4224
743
4624
2559
9973
4920
231
6907
4221
5939
9803
137
5262
5634
7975
334
6442
5983
205
6014
6358
9028
5285
535
76
2788
1986
9218
2555
2216
6542
8644
2949
1165
1202
2921
7949
1423
1702
4044
7353
3378
4171
4488
9002
4020
6687
7317
9993
8756
3331
8225
7783
8606
8750
9724
3267
2609
8941
5813
4815
7356
4456
9628
8512
7522
4423
6460
8935
6115
2377
8161
1366
6539
4523
368
2432
1209
7675
4298
9955
1005
2522
9612
1485
3145
9335
6616
5745
158
2428
2433
7504
8748
2061
7889
8143
6474
6223
7078
4462
8590
7112
5818
7002
3508
6176
9424
6581
5725
5596
6536
8594
9982
8021
78
3127
9229
8559
745
1260
986
3168
637
1608
5219
8517
9741
1692
6613
8692
8018
7076
7678
3836
4078
1185
11
5375
7757
7600
970
6166
6194
952
4186
8136
5943
5288
6694
6678
6538
9545
1719
7165
1152
8803
7555
2766
494
4167
1458
8503
1243
9126
4212
7185
2184
6087
2559
9931
3687
5394
6096
1754
8210
2155
9880
6026
7433
6574
4577
5844
7992
6286
4883
9134
5088
2437
3773
7447
8469
5221
7823
1585
6220
2034
8760
8395
8111
3192
208
3671
459
8169
5415
8659
2197
5295
4684
1504
3742
9251
7338
1733
7411
2220
2740
2498
6522
6503
9935
6864
3598
9631
8439
9808
1664
9072
85
1649
4137
2158
7184
4587
326
2599
5119
2513
9758
9794
4007
5373
927
3219
8970
8328
5429
1709
2700
3824
85
2634
687
3673
4139
999
5355
5793
70
7304
9306
6072
9452
6490
658
9768
962
5767
4155
719
7434
8152
6082
235
1370
5051
436
8664
8624
3126
4361
8699
7625
5039
4246
1763
6028
1474
9420
7963
651
8726
4034
1977
7089
6556
1744
8041
4196
7763
633
3504
7789
6705
3729
1032
3629
6029
9686
2252
9146
4047
2824
6770
959
8934
406
8851
2281
9816
8687
2923
424
4594
4890
7503
1149
8498
7417
7210
6261
8040
713
5923
4744
6306
6945
246
4208
6631
2488
3353
2551
7177
122
5374
6110
518
4224
8382
2208
2911
3178
2622
7495
9932
1999
518
8429
9406
7718
6563
9320
304
2485
4063
8474
9421
6174
2681
7925
8652
7899
2349
7702
8011
7713
3812
403
3810
4067
4475
6711
9109
7087
6080
9040
959
6588
9342
365
6179
7779
9675
8347
2137
5611
6820
1557
1784
1374
1355
2310
9263
3694
11
9148
3280
5687
1424
7081
1627
5889
3791
2609
4849
1744
3522
5799
8322
2864
8028
6374
2516
9576
4720
4643
5186
3413
8065
8835
6652
9410
3018
5914
4978
4893
6935
8248
2454
232
7202
5945
6111
2867
8545
2834
4601
2066
506
4797
6794
8524
1170
9300
8099
7755
3943
5158
3041
2007
5866
9683
3290
8874
7471
8258
3767
4405
8380
8085
4628
5581
4029
2612
8438
2573
5436
4913
6504
7806
9700
3297
6329
2743
2597
4427
497
8404
1459
3529
410
7315
5085
5564
6189
2555
3822
1829
8825
4075
9904
3452
9646
5806
7928
9958
8370
5238
4870
6747
3043
6443
1917
1246
9176
4504
7537
1547
4781
8986
6940
7055
6301
2024
2619
4363
4570
8305
8056
5268
2379
9833
593
3898
5638
8511
3855
5881
5622
598
2627
8656
8905
4535
9892
8081
912
7428
1501
7558
8288
8431
4612
6462
2328
7221
824
8762
7399
753
4029
9768
585
4612
3666
8087
4997
9385
5842
618
1857
8459
1147
761
4867
2912
715
7644
2214
2206
7075
501
2510
1686
6953
4829
781
9641
3590
8170
2267
9484
9812
4716
4095
5351
2802
9082
4735
8634
1574
8456
8967
2711
1091
5707
5614
1796
5224
9692
5867
2298
192
250
3975
9009
6943
6620
532
533
6663
2789
1890
6474
7495
5975
1824
296
6931
8424
804
8495
8753
9761
3079
9834
7341
566
3504
2565
257
9361
4853
2313
1484
701
1321
8418
9185
1843
824
5848
4622
2704
2321
3990
8669
6010
6151
7473
6307
6945
5967
5059
8579
9037
4893
5919
9593
8387
8474
1724
9621
5201
4027
1104
5892
5339
1395
6951
9046
2209
2798
5542
4903
6983
9522
5446
2992
5672
2918
1172
2616
8876
6222
3068
9786
1114
8978
1261
1374
9325
2975
2868
4525
6993
5836
2291
4205
7222
9232
3250
9421
3903
665
6198
885
187
1643
5742
7723
4551
6904
339
5300
3125
5271
6959
6103
4248
8211
9341
5447
3059
2208
1845
51
9909
4126
6120
7130
5231
1244
8424
1007
1899
4621
1883
2076
6254
7615
9790
2679
6392
2002
7969
1391
7263
4928
9358
3385
5012
8699
8822
8061
2780
666
9977
2688
6657
6096
9808
3761
7330
8232
4759
1103
4726
8506
3169
980
7994
4832
3649
4385
8698
3491
7640
7835
292
6998
1219
5294
5696
1914
5229
349
4444
5205
3028
2974
3174
4709
8600
2378
4814
5232
3471
9531
3737
6630
2384
3604
3336
7897
9853
2033
3261
7493
1741
3544
4490
4824
711
2059
6728
5930
4272
3046
3008
7290
7884
6173
3873
6483
8541
560
1714
2011
1964
7315
514
4338
918
3840
2234
2645
7738
5486
137
9469
903
6491
4293
1604
423
2894
9399
4685
5930
2406
3849
3814
8569
9586
2170
7109
145
3875
993
2100
3063
1498
8302
5846
5328
2410
8481
4939
7886
491
4408
662
6972
574
4130
9259
3458
3528
3943
1262
5925
9656
6940
6367
9241
9100
3476
1260
4848
4459
5224
9776
7821
3525
5621
5023
5925
4101
9952
5684
4582
4359
6336
3427
4923
466
2685
255
5858
8492
1507
1782
31
8437
8140
1145
9410
3489
2395
6132
9812
7609
5907
7633
3008
1527
2655
8923
7492
4480
4607
3947
8830
2816
7364
5626
3272
1922
5871
9121
2287
9242
2776
4182
9552
915
5318
845
6268
9577
6967
6080
7186
2873
5586
193
6264
114
989
3755
4584
5586
9566
5287
8393
8803
913
3538
2598
8648
4532
4875
9764
7299
931
1198
87
6239
2033
8220
5815
873
6173
4874
5610
1758
6931
1873
3736
7911
7492
8310
5370
7057
5471
5636
7733
8248
1048
330
8769
5570
5196
8532
4742
7991
9721
6694
4229
3627
4913
1917
4491
2959
6782
100
4707
5586
3838
316
5370
3203
499
2614
2134
5960
8240
9857
4207
9278
187
2976
6722
7247
1507
3337
5237
3101
30
1339
8593
6807
3246
4957
9756
1901
6921
6336
9352
758
6642
4721
5826
7132
7325
7950
3091
7439
9680
7289
8590
1740
2138
7185
8977
5509
522
6087
484
542
7416
9067
9214
2536
4023
8969
4427
2817
5305
3778
3566
3820
373
1265
951
9562
1088
5907
8874
767
5069
7464
2498
7197
6522
3348
2705
7034
1309
5053
9441
598
4119
8654
3124
15
9496
9416
2823
6674
5067
8253
494
7304
9508
3309
6866
2469
1089
7613
3226
6148
5076
7588
5218
3472
2810
9788
505
4109
4840
9936
6571
833
472
9686
838
9959
984
5525
6632
6041
3777
8990
3345
5158
4173
2084
7617
5252
9687
2717
3274
6637
2178
8482
108
4978
152
2477
960
6857
2413
7522
7680
4749
9081
391
4707
64
5907
3213
7969
1557
4076
3187
8580
8239
5261
6196
3491
6822
786
6755
3458
2955
7110
5430
9797
9127
7897
2631
5983
2183
152
3662
6923
1106
4043
3503
3034
1823
6706
2876
3371
2656
6054
1950
894
3188
19
6249
10000
2670
3003
5331
5615
1987
760
7285
1113
531
9906
7086
2704
1931
2621
9617
4901
6654
4994
7925
351
3573
2675
5586
6219
8719
9400
7104
3780
1292
3352
3780
3952
8220
984
1440
2080
3609
8716
3183
4130
8621
2142
6824
2426
4753
8315
7317
3280
3308
7116
5495
8745
9781
1080
4964
8499
479
3941
2278
1762
7283
7922
7578
7376
780
9009
9446
4379
9598
4502
8499
101
8508
7196
2517
5134
7384
9825
288
2565
6940
5773
1310
8594
8718
8138
7092
1070
2078
1243
4696
9351
1039
2274
8601
1809
1282
9920
8052
2753
6296
8424
2844
4803
7493
5352
1811
6751
7050
2089
9306
5863
9726
2489
4456
326
626
3421
1387
2694
6528
6073
3919
9431
8337
2519
3113
1492
4312
1164
6109
607
9578
8944
5401
8945
4295
9076
5695
3218
1164
5000
9071
2763
9354
3526
3080
9970
8811
6331
4538
5338
2403
8447
4769
2614
2839
7872
5970
7141
910
2079
7739
487
1022
5013
1305
7181
4088
6990
398
7116
1990
1342
1752
3217
4858
6696
3186
5542
3026
9588
879
5420
9908
7512
9898
2746
7258
5867
1761
8158
9810
1373
518
2705
6376
1814
9876
2337
8794
2147
1326
2657
3479
4942
5864
210
1638
924
5742
4654
2385
8486
1947
2293
5997
1844
5029
5128
9576
8654
5159
1268
26
5668
3964
8266
9346
5713
2476
8139
7851
3792
2670
1329
8725
407
1530
2236
3195
9136
6880
5571
7621
701
7854
5492
4409
4756
2493
3984
3410
7643
5243
5300
3310
1080
3566
2655
6783
6032
2667
4633
1698
7201
7827
2296
7599
1230
4522
2667
365
3275
8228
9851
3966
7955
5342
8366
2711
7825
4223
7985
7341
1339
3284
650
4283
8714
5169
1066
6620
9701
5689
191
8775
5389
2477
8247
6609
8863
914
6965
4011
9132
8689
9842
8961
5904
90
1671
5602
4303
1529
2943
7507
6677
3583
1789
7265
626
2845
3884
2200
408
4065
974
7661
8406
1095
4270
9142
1999
3108
3152
3004
1796
2993
1964
7690
4947
5499
3291
9241
7018
6224
8621
3695
1681
409
959
4171
5119
6707
6361
7391
2645
9199
5051
2924
293
1194
2065
4156
4292
7081
7151
7952
1948
9105
5641
6885
4604
806
7999
3495
8894
8493
9054
2448
8893
12
6609
5885
8583
4843
5149
1227
4042
199
6015
6199
3258
9944
355
7540
7025
7496
5492
846
8474
3006
9595
4951
5676
7594
8437
4570
6086
7490
7008
6852
9367
5491
4610
9823
333
9749
2924
6239
1822
8929
4312
6944
8873
4657
4483
7771
4026
1848
8607
4373
4845
84
9315
2394
7668
9625
6954
5628
8988
5836
4353
237
1326
837
60
1649
2459
2974
9753
6145
3776
4064
3088
2648
594
7562
418
4610
1283
898
856
7992
973
170
386
514
1668
7330
8006
2530
3165
2359
2757
6355
5060
4681
9869
7509
9519
9621
5528
3295
5558
8606
5933
6142
8041
8216
2625
9315
9104
3471
7306
76
5506
9556
2455
7164
6886
460
1567
1924
4683
6189
153
9733
869
21
9116
2262
1515
4643
5547
7063
5122
3353
5078
3163
1568
7693
4351
672
3037
3530
2612
8533
3086
5057
7571
1845
7382
9128
5633
2064
5316
5776
3671
8050
5787
2786
311
9166
9293
5848
8102
4414
1074
3179
9441
2633
2745
5665
5169
5773
1069
9645
6179
4145
6576
3749
7854
3957
4751
3486
7885
66
9253
1555
9980
6913
6205
290
7953
5497
8002
6054
1785
9067
1107
3099
3573
3842
8755
615
1488
9814
259
7658
5832
6825
1406
3685
2655
6147
9035
540
8078
170
2085
8057
8948
8281
221
6900
5651
96
4827
7426
1036
5924
525
4599
1640
1153
7078
3118
2840
7328
775
545
6026
4046
4220
8672
2066
5128
1085
2017
5289
5034
74
6110
3314
2159
3009
839
2245
7826
8255
5146
5624
653
1618
7254
3670
8687
371
6500
7888
3011
7035
3913
8921
3128
4458
986
130
5533
2994
7283
567
4932
3392
5745
7081
6391
6574
1199
6090
6703
8209
1713
9220
9818
8957
4764
8504
1202
3137
6391
6077
2046
2177
4997
5164
6626
5973
7158
4032
840
4440
6463
7636
7822
2208
6590
6086
655
7780
2176
9222
7862
5753
8442
7679
4710
5079
8056
7776
8206
6320
3852
251
8488
8839
7280
6987
6685
4437
1018
9390
8868
7472
7025
8563
1553
3615
4649
4072
3268
8689
3294
1129
4441
1735
682
9141
6804
8728
8790
6883
5048
2641
7125
3535
3353
4404
2395
1912
8831
3403
1301
9572
2748
199
18
6165
3804
4657
237
8936
3345
3521
1939
7776
7120
2611
8791
5797
1338
9454
2679
8250
2095
9794
1784
7312
6071
4169
9214
6776
9437
2388
6347
4058
2578
6355
223
8246
2885
450
7182
8094
3961
994
7744
2954
3595
8408
8741
6797
7861
1419
5047
1829
3087
8695
9132
9148
4738
8345
5923
6048
733
4144
105
5175
2372
318
3420
5248
2632
2475
5215
8457
3459
2958
1410
7044
3239
150
5715
1100
3434
761
2919
6511
1329
2050
7532
6057
2269
3455
2104
4866
7589
4074
40
1834
6256
3450
8946
8879
7790
4161
7335
1248
8983
8736
166
2222
8876
5871
3312
4183
8496
8095
693
1698
145
8216
7746
4278
3544
1723
9134
3006
7661
9164
4830
3917
4487
3776
2795
2276
9801
129
5389
8783
738
7419
1004
1488
3289
6180
5661
3658
4275
8219
5346
6284
8308
4965
2435
1851
8553
1568
6721
6213
2605
1550
129
8956
7190
4788
3106
6990
6782
8485
7647
7510
5903
524
871
1065
6695
8397
6587
2843
6615
3806
1000
4922
8762
3425
8637
9188
6857
5357
5400
9452
8771
7394
8407
5961
4055
3386
4824
836
1870
4344
220
9637
4859
1081
2575
3427
9468
9152
8134
7956
2958
9124
2877
3593
4422
3387
2780
1278
617
53
729
9379
7437
1009
7213
1492
4386
3910
4192
8120
8245
4402
7757
3103
7348
2205
6520
8689
1357
4653
6645
6179
5650
1395
9762
71
6647
4415
1339
7254
4458
3932
6632
3769
6805
5718
7125
1190
9619
1316
1184
7863
7583
814
2839
6804
3009
9349
5492
6230
5875
4010
2408
3398
7270
4043
3459
3916
8448
6662
1169
2906
593
9666
8539
7388
5383
5663
452
5001
8843
3500
4737
6425
4304
7566
3228
9177
8788
594
5407
4662
4594
9679
8050
1863
3722
3382
7643
4043
43
8803
8813
2500
8468
7351
1762
5724
3013
2204
2599
3730
5694
7326
154
1871
4892
5247
1047
3679
7705
8318
215
2298
7997
138
6026
3592
3511
5542
7625
5418
4344
6438
7909
4685
5662
9661
2283
549
3738
4872
4269
1305
2197
6287
3166
7079
1533
6077
2632
9228
6269
2837
3400
4265
4839
1299
9721
223
6831
9219
5632
3049
5656
5414
7724
3192
6948
9997
3731
685
4868
9864
3854
8930
6150
8884
6008
7674
6834
513
8775
3102
3340
4048
9231
8170
5337
8951
266
4042
8170
5888
7081
5699
3175
6678
8881
122
8549
4485
2671
5290
4348
6515
4219
498
5398
2101
45
2232
2604
693
7198
7809
4732
6429
7852
1942
5379
8108
5974
5422
3996
3054
2995
7161
1606
1875
9148
154
8225
1818
5434
2572
207
9644
4934
5595
1744
4969
9691
6212
5653
8763
4020
2258
5191
1871
4190
2443
9970
164
7856
5839
5082
2724
2999
6678
4589
4020
8696
4687
5829
4130
7250
6026
5647
2183
3494
9255
9017
5059
5466
6543
3821
9477
8791
885
1347
4854
3318
3190
5008
3047
9019
1964
5761
3892
515
2224
7902
1085
6901
5604
5205
6024
3503
2725
81
8862
1979
9088
3920
9309
7504
9605
8785
6294
489
2006
1147
5671
7060
8020
8709
6079
1857
6343
1844
2362
8557
9736
3437
7332
7214
515
3355
716
5104
3426
9568
8947
2513
5361
8256
1890
6839
8914
8174
7318
2793
1195
4863
9844
1088
5445
7796
2935
1787
9630
7161
2218
1248
2472
9540
8452
4851
2894
9159
9946
8185
609
8892
2571
7835
9021
4452
4673
7935
4499
3865
727
5684
8718
2444
6762
4162
239
1570
7813
9859
8722
30
1107
1193
9560
9549
7908
4328
590
7853
4386
3064
8619
6947
898
7639
1398
5561
5573
5888
9416
8165
3445
16
608
207
4168
838
1767
1981
696
2362
3875
3667
5419
3435
5090
3327
9627
5670
3053
4012
607
1671
958
1495
9301
4221
7047
6747
1982
8336
4911
5417
8343
5510
5614
4384
8212
9246
8229
781
3481
2104
4439
8891
7403
1402
2217
8903
7062
5260
2914
7660
6922
5736
1028
8096
1830
9939
6716
3802
158
1627
9210
8491
9001
6697
4748
9086
5942
4851
9857
1297
6945
6169
187
6221
7561
2394
5123
4623
9518
8027
4156
8313
5636
7048
8282
7457
6987
4998
1258
7135
6615
467
7499
7489
9029
4120
6574
6844
8961
6430
8131
7779
2599
8308
3999
159
701
9112
6646
2093
9012
2675
405
4648
1597
8678
2104
8574
3675
5226
7582
2163
7558
5080
1525
6586
9190
9963
3429
34
6392
1560
7803
864
9858
1802
2888
2433
913
1407
4516
9916
5947
6785
6437
7534
7336
414
7981
1010
5630
5562
5037
3187
2515
8426
1646
3578
8388
5066
3602
4780
6616
1405
7508
8347
5071
2269
779
5974
5541
7159
7763
3361
3944
6073
894
1279
6477
748
4154
2107
6300
1064
7158
688
9481
8795
4256
7868
3860
7849
4521
2349
1127
3903
695
6188
8036
3339
4035
3576
497
3672
6927
6305
9735
9685
9449
6212
2306
5476
192
479
6530
9214
1157
7884
8008
5404
5752
3741
5126
2146
7954
6243
6039
8640
4304
4075
1978
8329
9515
4339
2000
8316
644
3609
8000
92
9811
2180
5558
1876
2649
3961
1089
3797
1845
9088
1074
9461
4702
6190
1606
2656
4306
9510
3169
8600
3584
5137
8802
4972
1349
2676
3287
1983
6275
3161
3939
7959
5331
1370
9825
7970
5322
913
1766
7157
1874
4704
6617
6567
893
8213
1096
5189
7722
4255
5662
3179
1265
4464
25
2604
9004
3302
6452
5278
8327
390
5110
3657
1751
4934
1627
7063
5837
5257
6093
7702
9952
4583
6142
2718
4669
7228
9772
4265
3356
5433
7434
4611
1770
9323
7205
2647
2625
3656
9789
951
5911
4898
6473
7652
9822
9964
6588
7533
5220
4554
7108
7045
9127
3249
1637
3795
2350
1408
8050
5696
8705
7358
306
2349
6680
9375
4986
1178
4905
4775
3994
815
9663
466
340
9485
429
6918
7017
7513
1471
4124
6432
597
9237
8059
6256
3460
9457
4306
9146
44
3537
1325
2383
216
2573
7360
1385
7468
4008
7243
8273
3670
7699
8603
5028
8118
7394
3918
7504
8855
9906
3935
1325
9142
1993
7572
4475
3323
3751
3620
3358
7278
6809
5731
9358
9373
4964
2616
6840
8962
9849
6987
2632
7547
7463
9524
7538
4857
3442
5042
5585
3347
850
6901
4363
2834
6346
8828
6147
96
4322
1378
9238
1130
7100
8595
502
3937
1211
9207
2899
1059
6193
7395
480
3655
6918
8008
8502
2233
4923
5961
7445
5764
2861
1807
471
1080
2508
8482
1166
6820
9851
403
9815
8824
871
2190
2760
2072
1396
7523
3122
9453
4917
3592
4982
3709
3473
5357
7806
8387
1317
5250
4150
4168
8921
4611
5238
1429
3092
8268
122
4816
544
9927
3639
1406
3991
8264
3468
5377
5786
8454
6704
2577
3919
1685
6276
7383
7032
4081
5769
8340
1205
1792
4381
125
8267
9610
3418
3232
9751
5405
8039
2169
7205
1677
3565
1195
9931
8897
6563
7591
7351
3266
167
3143
4941
6433
525
3846
2387
8158
2185
5456
9940
6557
7446
8206
8040
863
3312
7790
6258
1350
9949
3463
4891
5387
4648
6696
6158
3084
4286
5382
8214
4443
8515
5028
2749
9031
8865
7000
7188
1049
2456
9002
7596
9892
7207
7509
2628
518
5299
8877
3732
7121
4213
8614
4382
734
5309
539
5683
1468
5911
3896
5901
6299
798
8640
5329
9653
7513
4391
2575
9959
3392
2045
1733
598
9544
6226
2981
6716
6976
8577
5711
1188
9064
1966
3786
6246
2495
9459
7704
279
5229
3604
6568
6017
4117
3771
7543
1630
8152
117
3462
1543
4026
7060
4005
3570
3285
8850
2159
260
7427
7860
3312
6490
9816
7088
2736
4184
8421
2313
6327
3649
5908
4769
1539
1898
8530
9072
5392
6681
1062
728
97
5079
9652
4092
522
2936
2942
2671
5060
2242
2405
245
605
4094
9197
5205
152
7617
7509
6469
3139
3416
3111
4668
7178
1640
3739
2570
8311
6666
5162
281
1744
4813
4364
4130
9613
9170
6791
4672
1411
1069
4907
2006
7028
5977
7202
9044
3594
4710
7386
6723
9990
497
1391
7167
2127
6994
1610
2312
3659
8636
2583
7267
3448
8811
1396
3060
7980
61
9596
9381
2994
6376
3261
21
2353
462
938
5937
7036
8315
4533
7025
685
7788
6065
2802
6656
9540
6978
314
8175
1435
7572
3497
245
841
6547
8216
892
8017
9470
3877
4392
2730
5762
8609
3182
6691
6419
217
5005
952
9106
5680
613
7045
355
7259
6584
9198
9438
6632
632
8883
128
867
9714
8540
956
606
6556
426
4473
2821
3146
234
1430
8193
6915
9713
8400
3793
664
9380
1346
3142
6424
3566
400
4881
2763
9828
1512
5259
8710
1631
7990
8424
2044
8937
903
473
9353
5366
3284
4372
7464
6578
2564
6253
6291
2838
1919
8819
2217
5130
3834
8631
569
4225
3511
3322
5926
6887
454
6510
391
8434
6807
2425
7370
7700
2888
8596
4939
8037
2968
4276
6488
7396
528
4652
233
4312
3471
2440
9432
7295
2944
9991
3393
8319
5186
1193
5206
5630
7693
7461
4063
4499
9877
3307
4072
4638
3776
9001
4548
6734
5150
1036
6004
5669
5678
6227
1854
1022
8658
1285
191
3475
3149
3574
1794
208
4757
8864
5828
4323
6324
1764
695
8074
6935
4757
4586
711
5631
9124
9309
781
159
5312
8314
5828
1539
167
8714
2070
1442
8895
7409
6455
4343
9193
6653
9090
9930
4354
5287
8128
6108
5972
8075
4917
729
2660
5618
6350
1784
6800
8995
1933
2112
7308
9625
5515
7465
8339
9449
780
9107
6857
7225
3449
7924
5751
4413
9727
104
9690
7854
6203
5661
5929
2993
8254
8579
8601
6478
2236
7274
5472
4160
1259
2780
5658
6764
244
5870
8086
2889
4977
4943
113
8416
2866
5855
2828
2592
7823
2517
2320
5899
52
122
8882
8296
574
9356
4773
2801
6630
245
8825
7879
4889
4482
6517
6997
2226
4602
9876
7193
9535
1863
5608
4274
9582
310
8731
7404
4691
1050
3303
4733
1162
2184
3029
1726
1540
9666
6391
8160
1784
5215
7912
6663
1571
4428
3660
3787
9021
3535
2853
438
7262
8451
6577
6843
634
5307
4247
5316
8221
9414
48
9373
1597
4941
2972
5001
4607
1237
5034
6381
6442
2946
4918
9877
9238
8568
3663
8258
3976
6506
570
1238
6831
7137
9945
7455
4317
6065
4644
2537
5478
4683
3783
8940
9614
6745
3940
6094
7972
848
4349
6288
3784
9257
6164
3021
9698
1701
3153
5547
80
5587
8649
8775
2723
8594
8104
8904
6532
2747
1440
2010
7420
5213
2823
8908
3831
8627
6875
1803
9465
3097
9955
3248
2353
6118
8134
3924
9683
1286
1345
1637
6863
9984
411
1459
460
388
362
6983
3126
1792
866
2419
8869
3679
3200
2699
2305
75
6366
3644
3162
6320
6882
7380
4312
5015
3177
3994
8165
4512
7495
6901
4496
7897
8350
6820
8275
585
3802
3274
4241
6532
5684
3109
210
757
5799
4380
822
2164
8014
5849
8475
6769
5102
4660
3658
152
527
1822
4655
8013
597
1024
7783
8937
7834
7931
1396
3510
1205
5627
41
8753
8727
2116
9500
4525
6486
2196
8553
6373
9909
8901
5015
5010
3560
8663
5152
4078
2359
1680
2090
2946
2694
9863
3756
2402
7793
5142
5902
871
2643
7807
9614
1369
9913
997
7758
8272
3183
6310
6518
3091
5211
1533
9965
644
2069
5116
4712
4418
6787
6792
9228
1354
8528
4858
5620
6321
1873
3395
7182
4506
1202
8670
5865
2988
9657
5496
3134
2839
3680
9642
7794
764
3048
7758
1398
5108
4747
6101
1399
3407
4766
2501
4752
3294
7349
371
1488
9212
5631
8660
5592
6823
7329
1456
1684
8859
8817
4808
1697
2496
4450
9481
3250
9362
9112
4638
4469
3859
2612
7733
7256
7369
233
2007
2536
9446
4243
4014
8657
1747
4547
4248
8560
3750
7569
2117
2608
8259
6916
6170
754
3239
5650
5868
2600
4762
505
8934
494
4982
6666
7740
4224
8763
1621
6750
8208
5854
2637
8738
7591
7174
4860
8024
2797
2428
140
5396
686
8920
1565
3304
2158
9079
9162
4749
5714
1540
5556
6198
6512
2221
5812
735
2857
7423
9349
1064
5150
1985
9792
2740
1033
6525
2637
3820
8943
4641
1089
1502
3561
2644
6670
7583
3597
5831
2331
1184
7362
9751
9247
5747
3845
5058
8347
6692
2480
7695
7746
7620
1554
9412
2233
2577
5936
6734
8261
6753
1374
9341
128
6799
3858
8663
4382
7445
4493
8577
503
3728
8328
9740
1349
2172
6671
9686
8855
1024
9254
8474
8634
807
9759
2740
5248
7569
9464
3509
6195
2711
4723
8187
1384
8571
6849
5756
7890
3216
4332
8383
6934
4533
9996
156
8570
8540
9832
9298
9554
969
7771
70
3640
9404
2800
8879
8846
2263
4261
5040
6838
857
5100
8212
9418
1949
3967
7307
5155
173
7563
3962
6570
9432
4109
5139
7971
5814
4436
9398
6773
4081
9458
2287
5358
2257
1165
4203
6384
7290
9233
3222
8137
4332
3307
9428
8145
9139
8609
5173
1185
8045
9126
7745
7477
5108
4758
7321
2795
9184
6719
1442
5138
8050
3719
495
307
6748
4688
8555
4037
5794
1776
4047
2000
6948
5348
144
6086
3956
5308
7261
2001
6307
5005
1351
3288
9753
8662
6073
820
7254
9379
5948
5304
3097
8308
7475
9835
2995
6029
5745
663
9670
1665
2653
6617
7004
2787
2702
959
9959
9953
4824
8139
6831
6165
1426
8458
6701
9364
9268
5828
8742
7089
1131
1839
5396
479
3547
265
6499
9283
918
6168
2821
3561
4658
9815
8212
7350
2648
54
9176
7462
8183
6006
5501
1483
4463
2201
2720
5604
8019
1461
2693
1024
5164
9953
1493
585
217
9856
1741
2999
7897
4552
6550
2554
4367
6636
1777
8879
6680
2826
6340
6736
8823
3714
92
5159
7779
2802
2637
7672
6128
7194
569
3165
7146
2052
3740
9228
3782
7345
2226
1678
1897
650
6097
8128
7276
9738
7006
5829
2564
5219
4438
3260
8924
4521
292
6702
9187
2919
6247
5314
112
6806
353
9123
732
4083
8350
4504
3302
2449
8046
5189
3089
4142
3316
2238
5754
321
9931
8308
5530
4369
1567
6327
763
1849
4903
9940
4759
1149
5254
6735
7946
5597
7731
8668
1553
6080
5045
4845
403
3090
1907
5356
9097
7087
9459
4850
7398
9389
5031
4802
5631
6588
3002
6384
310
7895
6324
5059
9035
3451
3668
8854
921
1398
9395
4338
9343
4439
1057
9736
9393
2954
6965
8489
41
6423
5212
9303
7686
242
5978
3316
8694
8971
9691
8995
8739
7888
5927
9647
1338
9585
8500
4123
2857
7894
8451
2199
4206
9498
3808
3599
2452
2646
3961
4357
9060
1047
3659
6745
3153
1511
1934
1847
2355
1624
2715
1093
1385
8632
740
4587
100
1113
8700
2947
881
9025
7010
5077
8522
2691
549
2847
5327
4501
7194
6260
5538
2727
4878
564
6102
6803
2401
8447
300
5106
9530
1676
5612
2143
8127
5702
5121
6827
522
5992
7725
7522
2942
6246
2086
3482
967
7403
9847
8151
5537
7258
2751
414
7812
8843
7207
213
7289
7498
7183
8693
1047
2794
2709
9164
8486
7820
7864
881
3811
5588
276
6744
1834
2352
2099
2791
1629
1945
2815
7156
9193
7431
7560
7004
8147
6641
9081
7310
4138
6264
6002
7049
9048
8701
6212
9408
8395
4076
2162
2205
9654
2429
822
3361
4771
2911
8016
6390
4846
2705
5419
4038
135
4853
2916
155
1493
1996
7455
7495
8250
5330
4543
9172
5905
2628
462
4299
6694
2614
6494
8222
6907
7307
3456
1678
2091
3346
9932
6928
6041
5351
2839
8040
203
7619
8185
3560
9606
5640
1054
9729
2843
5587
783
8738
8205
1235
3036
6773
5714
1404
6868
2620
8701
2197
6162
2665
5533
7968
1466
1573
3318
4296
1486
5385
3788
1545
8935
3393
9049
1862
3122
1891
9313
3895
629
9391
6995
3655
6163
4582
5049
4904
9066
5623
7092
7102
162
4498
5069
1618
6062
260
7778
9412
7509
1566
956
8317
4949
9995
178
9935
1886
9481
5704
4379
8871
4572
9898
6908
9144
4947
3685
92
2443
776
7184
2595
5265
4126
6078
3200
4376
3855
4485
1884
5411
5432
200
2234
7300
2242
2168
1059
1722
9736
5428
2467
4307
5326
9365
5324
2146
3049
5407
6453
5690
2590
922
2828
6707
6990
7892
2956
844
2376
6705
8120
9672
6895
353
6972
1011
4385
8021
2723
4121
5323
7054
8418
648
8292
3742
4658
3215
1022
1110
8895
5476
2022
3596
4056
9002
1487
7003
9837
5727
3707
7956
5399
2475
182
2370
3476
4557
2264
8064
8668
7577
5117
8960
98
3409
4575
4746
6614
5587
5847
7382
1062
7859
977
6983
8735
4328
3985
8571
54
9556
8400
5443
3904
455
9677
9245
5002
3815
7308
5544
1391
4298
4503
3354
7697
9068
8090
6184
6528
3936
3565
9454
3669
6406
6436
2403
733
2294
2847
778
3723
3120
8085
7618
3565
7762
6862
8557
1576
6043
5974
4831
340
476
8175
8028
1417
6265
6085
9809
2074
1524
9263
7607
7920
7572
10000
527
9857
4720
1295
5453
9704
1253
3070
3268
9005
1805
3699
2454
7838
9663
7276
8169
2013
7324
8070
3420
3588
6028
3229
7527
7542
4365
5133
5462
1936
7007
5979
3666
3600
9138
9110
3304
390
4053
6562
1269
5849
2134
3713
5560
3671
2862
5602
5674
186
3671
967
5638
9690
6060
3164
7231
2298
171
4566
6099
7168
2418
9755
767
3429
747
4061
5684
6665
2497
6943
4387
6495
2529
9937
165
5382
5539
7703
7432
1083
544
3069
2646
6594
8098
1751
766
8259
6307
6855
7300
599
8483
8057
5892
9221
3992
1575
7759
8353
391
2145
4847
2911
3955
6877
166
9484
4579
9462
2441
6987
2530
5077
5455
2501
6818
6211
759
4999
3065
8049
5588
1547
7980
1479
2641
1971
4919
399
323
5300
2534
7034
84
6480
3910
240
7837
363
9692
277
7340
4096
5345
2794
6587
4036
8995
9211
9025
3933
9133
6486
5471
7112
9830
8102
956
4748
375
3143
47
4773
177
1996
3126
5951
2226
963
6304
3792
3104
5518
9752
322
185
8212
4349
1054
9296
5247
4977
8429
1733
447
7414
1562
423
244
8174
2662
3377
94
7425
3544
2080
551
1369
6171
3378
7663
9953
8346
5054
1587
8659
5230
9789
4881
6274
968
127
3124
9387
3724
3562
8674
7150
5849
8908
5323
8501
2285
5408
7799
7693
7478
8340
9052
3648
3591
8589
5474
1937
5516
7051
2469
745
8714
9214
8883
9672
9331
2007
941
4929
7433
9605
2078
5155
8513
7392
3655
2671
2799
3327
363
2150
3541
1289
5789
7122
1751
3136
932
7257
2061
3391
7993
774
2604
8749
2319
3809
755
3250
8728
61
2854
805
5206
3240
70
734
5901
2859
4052
8129
5000
7583
1291
2662
4704
3032
7662
5627
288
9713
891
154
486
3486
8894
2795
7285
1522
7909
7886
1574
2637
564
6770
5867
625
7495
3642
3474
3420
3644
347
1002
4925
4873
7570
7947
2535
5070
8225
2247
5952
8370
4598
1311
9137
9257
469
658
7166
8345
2222
9793
8899
866
7533
9514
234
3048
4862
3644
8556
7073
6510
3480
1946
4079
3300
6345
1023
3399
8582
6965
1768
5053
149
2778
4310
608
3426
1475
8943
5639
3141
9715
8369
673
1112
8593
5586
5964
2236
4141
4910
8736
7612
6846
4688
2785
5064
5701
6174
3646
4539
9806
8689
4678
2583
4872
5276
6000
6337
6092
3512
9468
7681
1880
2015
8783
2346
7591
6620
4572
1731
1529
5181
1216
249
9859
3992
5303
7434
2039
822
1972
1845
1385
6641
4418
6247
3790
2291
4458
9873
7667
3925
9427
1420
7804
8209
3756
5394
6702
8318
8990
104
5372
2079
343
5231
7935
7511
2664
9965
8323
6500
3683
1581
5014
8091
9693
8795
2256
4150
550
9913
8065
9967
1333
7743
58
6953
3136
6750
7145
3999
6844
2516
7943
9052
9611
5877
6562
4148
7715
6758
648
1397
213
5652
1362
9896
4446
5482
4045
6860
7268
3983
6826
474
1725
6874
7418
6726
5497
4562
724
4215
7068
540
3266
6679
8282
1701
826
7870
332
3338
1141
2409
8981
2493
2304
5300
9839
6339
2160
7106
2196
859
7571
3911
7724
4988
636
5094
1423
3225
9299
364
5629
4438
7033
3910
8003
9724
1780
209
3061
2911
2608
3915
7268
4903
9206
7106
3115
3239
6085
5301
4088
3655
1086
3685
516
1712
8770
3803
6801
9942
4158
2430
6254
1190
6330
4256
2787
9974
6329
7713
4758
8928
1627
2025
5704
2706
1004
8809
7809
7080
5984
1897
2608
7060
5572
4989
645
6215
8782
7437
8031
2939
1740
4284
5994
9934
413
8771
9908
6733
8357
4665
7534
1858
8555
3237
4554
9549
2045
2363
8502
9893
6124
1110
6952
3569
6089
7588
1658
6744
6898
9679
9674
8628
3962
7541
8561
6239
8185
351
2971
6542
5007
504
8390
5435
3731
4817
4983
7641
9044
3485
9407
5167
6459
6359
8727
4421
5820
384
1164
4591
1936
2711
3218
7762
251
3652
4000
8427
3994
8836
4968
874
9330
5231
6299
4935
47
3155
4449
9082
8504
3855
4248
4962
2087
4848
1256
9771
7096
2411
4361
905
5112
9443
8657
5354
4969
2657
5654
836
1492
2495
1700
2695
7716
9863
9494
9627
4891
3942
8708
3395
9662
4830
230
3622
1551
1477
5267
521
5752
9618
1416
863
944
73
8081
5903
2720
5608
6729
6076
8093
302
8761
7682
2038
8255
7309
8793
4070
7890
4061
5605
4593
6156
1101
6135
7623
6358
6646
5248
7849
9926
7975
8783
9989
7930
6559
4582
3537
5161
657
3504
7327
1292
1185
9355
1420
367
31
5480
8248
4082
2959
2840
237
4050
848
9724
2281
9358
4971
129
9284
4820
8903
9272
2749
7335
5728
8150
2496
6375
1653
9813
9531
4703
1051
950
6934
1072
8295
7055
7018
1253
1769
7246
7167
2607
8843
9438
1965
3814
9557
1248
507
342
2393
3246
9542
8111
1395
2037
6360
4913
3723
5890
9606
4764
6831
6539
7700
5125
5468
4718
8242
7227
1963
7282
9824
805
6719
3662
6483
8149
6774
6980
365
9158
2099
9897
9142
3485
3807
7375
271
7520
3265
9867
4158
1969
8279
1857
8958
3746
6565
9073
972
401
6354
2670
3071
3072
6322
9544
3094
4970
8398
5323
4127
496
7093
5142
5845
899
2517
6106
293
7646
7846
4441
1488
7999
8162
445
3618
4727
9508
6455
6992
7735
9115
62
2680
7310
1480
5764
2279
9868
2961
8270
2237
53
5286
9947
2817
9667
6052
3100
7312
5772
9405
673
3770
7566
1108
9252
4166
2489
5706
1158
223
6694
1210
2893
4004
2680
530
8147
4421
3481
6417
8523
5399
1702
8469
8206
1368
6394
3179
553
4039
2583
1216
7799
2022
4188
8925
6179
8541
4630
9201
8754
1324
410
3520
5318
4955
5914
3464
1249
1269
1754
9762
6658
3446
113
4863
6678
6498
8032
9095
2410
2488
310
209
4500
6362
9124
2552
4902
5627
1752
5529
6941
2153
9039
4132
8972
4953
9461
2094
6212
1214
1856
4743
6525
3833
9596
5076
2204
9501
4171
4605
3862
4471
6678
8352
833
7675
904
7599
3301
2646
3128
2116
6663
2166
6238
7508
8983
5698
9593
7068
8777
3322
1810
5301
7145
3279
2250
9340
4653
6411
5818
8505
2756
2495
8731
5453
2043
9625
3051
5334
4144
6169
7440
2681
209
5552
188
9182
3123
9771
8124
1899
3092
1807
9064
2111
6951
1314
3324
1603
7715
9132
1982
470
3500
712
7787
5533
2210
838
866
6344
6997
180
9015
9070
7596
1077
135
718
847
8249
2608
5804
55
1671
9779
8870
4849
3102
473
2564
2233
2445
4898
5723
3147
4559
3129
5347
5387
3985
3564
4257
6029
4453
3327
3624
5520
3452
4333
8231
3574
8805
5908
5493
2349
5686
4363
7189
8778
4826
1626
2884
9135
8388
480
4155
2946
3599
9492
206
9449
4929
4454
7351
9372
9645
975
6765
4970
7172
4996
8534
7850
903
4026
2072
8454
262
9251
9105
6952
2750
1989
6086
3012
4333
240
5948
7923
1605
6145
9245
6525
2472
6595
7770
2116
9434
4535
7076
6605
1404
7483
6328
4171
3382
8391
2624
3635
9515
1729
586
2265
5582
6663
5267
9905
8767
3088
9701
2246
1106
8945
644
3568
5540
8404
5674
4973
4812
4623
3452
8080
2105
9770
2251
5478
43
6739
986
9549
341
1562
3687
5913
98
8944
7692
739
3905
7392
2975
5002
6337
3609
8560
3750
3886
6108
8713
8689
2604
4038
6768
4700
5682
892
2051
5715
7622
3027
5263
9827
4579
8940
5740
6542
9757
5305
7271
3662
2696
245
8654
906
3844
9087
6520
9594
5194
5233
8282
7789
1144
6924
4362
6816
7806
8277
2531
7301
1303
7784
7128
7746
8598
4741
4287
8354
45
3431
2015
4605
3666
2542
7376
9374
1629
3895
8968
8687
1001
9123
6475
2136
6046
2710
8942
5726
986
3346
4900
4153
1130
3901
1899
1601
8632
8050
9945
550
1481
1960
7020
7011
6366
4395
8259
7985
8280
9100
6672
1155
8222
5020
3281
6142
9595
4096
3741
2454
7433
514
6598
436
4406
370
2027
3037
8410
3845
5452
1764
7669
2471
649
4035
8730
8898
3893
8883
9871
2438
37
9966
9323
5182
7981
8917
9269
3595
1370
8575
4100
7958
884
8496
8318
4775
3406
8602
493
731
2239
8153
3192
2878
2187
3795
3649
6070
2678
3519
8499
4579
5359
7821
9752
3339
8611
903
6925
9971
1351
2898
9803
4099
1393
9994
8864
4789
8595
9347
7385
834
9373
576
5576
1559
6236
9216
9494
787
4608
9866
5356
1840
9560
5107
5170
8170
7874
3968
23
9215
6856
1699
5187
8239
1693
5924
4901
2161
7145
2285
4859
6517
4726
435
8067
2835
1524
9434
3612
7996
1182
8958
9827
741
5939
6870
8901
3812
837
797
4901
7683
2487
1961
7795
6044
7876
4569
8195
5020
8719
4928
1536
5318
7227
1476
8143
624
909
3628
8610
2081
2585
319
4686
397
7179
5460
6074
9880
6248
974
9436
608
4799
7230
6642
2674
3673
6710
7684
4265
1637
9211
9573
8854
686
9589
9468
3460
3216
9952
7405
7665
270
3965
8053
7440
9415
4126
9193
5662
6964
8629
8134
1762
5858
4775
4427
1404
1485
2110
5659
4986
3194
7105
3840
5745
6693
5181
9195
1782
5132
8473
9438
5393
2437
7490
4706
1852
1615
3898
9378
8569
2526
7512
2204
258
4160
6621
3526
7509
605
9176
2495
3789
8154
6325
9524
4847
1505
601
8493
8502
948
7930
5768
3375
5419
2347
7091
8898
8109
8343
9340
2509
7728
1544
4631
3761
38
8147
1270
633
9196
3755
6287
7350
1953
5810
4070
5322
8276
2562
3823
9214
2366
1464
4462
9649
3801
3427
8547
1910
3643
9760
4409
3244
3177
9030
6995
3206
9050
8255
5703
8246
3883
3863
5595
5826
1547
1538
1148
9813
4090
6835
909
8320
8290
7235
7969
2090
2535
6515
5864
6168
8148
272
9402
1325
1175
8271
6395
225
6525
3971
344
2282
7825
5929
8098
9362
9331
1119
1057
5294
7945
1956
3614
8108
1064
1582
197
3590
9961
7926
9748
8108
71
1033
1306
1237
9294
9565
3326
7692
5410
3660
9964
5108
1462
9936
4469
792
1054
7390
6076
872
1219
1563
8970
2273
3135
1041
7727
3095
8957
9349
3077
9018
381
6247
2128
1548
5812
5444
1113
1221
9094
2951
8193
2429
2886
4535
3211
3930
1924
1161
6667
5007
2714
5636
7270
7714
8541
4997
808
9371
4345
5749
8389
6590
1996
2390
11
7798
7825
1114
892
8792
4055
958
3095
6931
5483
8170
2735
7397
9321
1275
2403
3909
8775
1546
1622
7316
8407
4294
6686
2751
1917
6948
1214
3903
9329
1215
3574
9027
4194
6330
9692
8239
7278
2786
7044
2760
956
1652
2030
2150
2917
4423
6049
3565
7833
9535
880
6240
5703
9431
864
7610
8252
2069
3386
7580
5148
6950
8480
9332
3279
8172
9445
2430
2831
8362
5180
3777
1887
7200
5918
6668
3496
3840
232
1328
5249
2977
9432
2825
2407
296
434
658
4229
5684
112
1250
2633
8582
582
7776
8627
1900
205
1458
2135
7249
5225
4012
6322
3016
2553
9808
8721
2775
3009
3969
5742
2441
8658
22
4601
9082
671
8820
6639
773
69
9262
1228
2515
8911
9846
6279
9106
3177
287
8228
275
4289
4549
3282
8706
6230
2002
1481
9229
7835
9087
3543
6492
9100
17
7447
9761
8827
4085
2407
770
5220
5499
5149
4130
7218
1428
5109
394
3579
3336
660
9733
7875
5806
8438
5978
9672
9909
7080
7506
879
623
5871
9969
630
5191
1612
1331
9266
5883
3965
6359
1381
9104
488
8590
2405
7461
857
5975
796
3381
5707
544
9177
6018
6512
731
5927
3591
110
8670
6078
5971
8638
8573
1161
2123
9894
2300
7996
5732
532
1250
4835
1010
1713
9105
8461
2561
6953
1130
7806
4533
1664
8857
550
49
9578
6467
5505
9679
7010
1582
7523
7521
154
8675
9634
1921
2848
9503
7643
3371
753
4352
6245
4330
5330
6580
6881
2282
9574
6561
6805
3112
5417
7345
3151
4994
5686
8646
4672
2695
2102
2195
216
2246
2743
1723
6032
7455
3100
5548
2699
5717
9890
818
46
5219
7388
8792
9365
6961
5352
6169
72
768
3514
5088
7626
1073
3733
2298
5632
7699
6357
5838
9936
973
9426
7841
301
2525
3388
2991
8232
5152
3799
8268
2244
3060
7059
1609
1894
4284
7768
1957
5042
3155
8909
2668
6092
2641
6830
1724
2214
5060
9426
4023
7897
8851
1863
8188
3249
5241
3052
3354
2266
8715
3496
4501
1774
2428
6100
3659
6703
5741
7480
3618
770
6388
6276
6852
902
4979
8566
3106
38
7992
7119
9799
8716
855
7987
1965
7961
2912
7183
226
1627
678
4717
5265
3097
2690
8914
9790
8422
8267
3407
9182
4654
1557
6033
7421
8400
6473
2400
312
4464
9510
110
5053
2238
9961
7008
198
2873
4191
415
6364
4859
6996
1628
9820
9677
2416
1492
9972
682
6764
9153
7201
194
7059
6495
8584
5405
8885
8886
9859
8394
870
4912
2506
830
3793
2694
5567
9848
4973
1930
6581
1969
3549
6400
3519
7829
9757
3490
384
6520
4516
7575
6704
3448
4069
5287
8844
2954
6047
585
3221
6907
7361
5717
9601
3028
285
5168
2875
5248
7088
1329
7207
2510
9594
2599
2212
9350
6079
2587
5869
2468
161
2572
5907
6095
9723
6624
922
5769
9073
6007
4549
6434
3598
4150
9452
3873
9308
4200
9111
8269
5520
8192
2653
5113
2664
4855
4462
617
9306
2204
3075
9458
6640
855
7426
6362
7469
221
4005
6542
6218
8544
4849
9806
4567
6174
5552
5748
373
6537
4017
7757
6602
8534
2869
9256
5262
9195
9863
4568
3272
2938
5899
9902
5657
3324
8138
5000
3535
2142
1541
1626
2559
8254
3306
7117
4427
8848
2864
4790
7258
8745
4421
3859
9152
9154
3115
4414
232
4851
855
3494
9653
6744
3396
5310
1941
1533
309
7340
5539
3714
8956
8088
1967
4135
5204
8258
2983
9933
4921
2114
8677
9332
5964
9703
8486
952
4116
8708
7667
4961
2201
7320
3578
7461
4503
7383
867
4802
4722
6396
389
5551
6358
4220
9677
3435
2477
4533
3367
7388
6637
3918
6720
4474
3620
7079
5416
9600
5786
3083
4560
9851
2276
11
7312
6769
7384
52
3444
3979
8313
5697
9520
4670
9907
1079
8095
4257
7476
1462
1644
5987
5370
237
460
863
7306
7741
462
4965
2697
6886
4816
4963
6887
4001
3605
6144
4043
8913
122
2355
4609
1515
8889
4515
4459
6984
8762
1934
319
2279
7911
5679
4381
245
8406
1686
9850
8858
6642
2546
5743
3331
9373
4503
9196
4851
646
5112
3763
2632
9332
8362
4137
8220
4750
8586
5203
3511
2394
5512
7654
2178
3064
2034
2413
1469
5585
2262
326
4100
6672
7933
7421
6044
2435
6616
2768
3071
3601
6521
5693
2932
4882
1704
1152
9622
2163
8219
5006
4547
3731
4534
8590
8659
6558
1002
2002
2142
5129
2318
8106
3674
251
5526
9709
4550
4015
2476
7612
7607
871
5178
2412
5743
8746
3554
7239
909
1773
2244
7320
7368
6768
5909
6026
5200
8776
9892
9206
5778
2210
7312
9442
4325
4711
1033
748
600
5374
8350
80
6235
5402
2482
3851
4147
7901
1089
5046
9664
5198
4240
8905
3839
148
6804
9029
797
6696
118
6565
779
9294
6007
6968
4004
8904
7706
4594
4277
7930
6538
511
3331
9011
4353
9342
8785
7306
4388
8448
2503
501
9226
6333
2513
6029
7235
3301
2724
7343
1739
5367
6636
9610
2334
2514
8514
40
8972
2790
9834
5510
5166
3164
6394
1392
2505
5178
8688
8757
5499
3065
9248
4724
9388
3635
2626
8496
6926
7215
7713
8655
2581
6222
8265
6780
8726
8652
8684
9572
3315
8517
6955
8471
3554
5222
1736
6049
2273
424
6680
7762
5353
7801
4359
4740
1435
6975
5109
8351
6063
2821
8880
8635
917
9018
7288
1516
7669
5971
1087
2857
4487
9906
1328
8031
5127
3054
5953
7390
5342
2632
7025
694
433
1383
7298
3732
232
4281
3957
6285
7092
2836
6793
9873
3727
4080
1389
3269
50
2466
6116
6401
4246
9308
6305
9363
4236
2258
6753
9568
6754
3777
2136
9051
7025
1307
2783
7247
5578
6730
5405
2670
1439
2198
2542
7030
8142
5795
298
66
135
8278
6457
4371
7586
2762
3733
1821
5010
2359
3262
3637
8001
5388
2688
5025
6686
5461
4145
2263
2190
9540
6797
5493
3611
1213
2522
1753
8872
2810
1809
8997
2961
139
3367
546
2891
8965
4231
9765
1323
7484
3402
9314
4745
7954
6212
3304
3414
356
7432
7468
1770
6102
2960
5371
9179
5472
7114
8051
155
796
7047
4980
926
2288
7391
5681
1252
1621
7320
4439
978
2595
3753
7588
548
1838
891
3952
2185
196
3293
5819
6289
6243
1189
5467
3588
177
5391
5607
963
2438
586
3753
4716
7967
9425
5958
1462
8618
2270
2430
1212
6013
1891
3624
9716
4647
7566
3774
4833
2732
9583
2995
8965
771
336
4426
938
5717
1906
3766
8145
2482
7509
4734
2323
8807
2565
5649
7424
4826
9943
509
2712
1834
4123
2427
6471
3562
6191
1303
6284
7647
4289
7122
8409
4615
1547
1220
2205
3443
4976
350
7790
4359
6948
1986
3165
9504
7625
589
4329
7567
1088
8905
9391
5202
1332
7735
8754
9387
9029
6912
7034
5191
4033
7316
1679
5571
409
3874
887
5376
6088
8667
9725
3036
652
2889
4413
8267
5342
8732
7708
8295
7636
7098
3496
841
4833
4123
2102
5735
1034
9126
2799
5058
8315
6342
2502
8714
2089
3379
5963
8168
2046
5687
3077
4562
450
7480
4703
7656
8085
2410
5950
7594
1381
1319
8426
8078
5433
2401
5686
8331
3400
8475
3388
1714
4816
5880
2301
8770
1133
8255
6937
3169
5815
1887
9595
8129
9357
4297
5785
9315
8571
1734
6908
9943
3044
7207
8020
350
9598
5580
8671
2997
4054
3933
6575
744
1686
8867
9504
2809
7121
8314
7842
4809
200
7437
2938
1430
3607
596
744
2178
2320
9516
2120
7228
6723
2013
9442
8194
7583
9987
1191
3511
3919
9630
6119
7469
8496
7496
2152
7490
5809
1867
2299
7873
1177
7101
9293
4775
7687
1910
6943
1880
3299
936
982
21
4813
423
89
4270
409
3144
9645
6192
2773
5763
3661
3143
3258
7677
632
940
9534
4795
8803
711
3769
9969
5476
1455
3752
4292
5200
7041
7092
6172
8927
3778
6585
9006
9912
8859
2149
9556
5050
4912
7192
584
8045
2323
8251
551
3253
7785
7210
2055
369
979
3897
7709
2424
7639
3874
7614
4680
965
3785
3606
6607
2244
4485
6519
1102
6624
7948
8016
3409
5140
8591
3328
7453
8715
5743
706
8373
2952
4625
8732
3921
396
6440
8210
8025
313
7697
4578
3142
1482
57
9740
5590
4532
8132
8556
3029
6079
6571
6429
1218
7035
1630
545
5750
7363
3115
4122
2188
9604
2854
6100
9990
1167
4309
8015
1471
3879
2592
6477
7225
4514
6216
2814
9036
4347
1369
2065
2300
9805
367
5382
6839
1987
5917
2588
1223
905
8575
3401
509
3302
1374
498
4459
7547
386
7794
1426
4843
4271
8641
9347
486
3329
8382
6698
4688
