7265
6817
9495
3620
3429
6069
8667
6127
7310
6855
7967
1026
791
2140
9260
6793
166
3258
7951
1478
9946
7695
437
9075
6016
1755
5143
1765
3139
6543
2899
2277
5233
2393
7762
8652
335
8302
6653
9509
5156
6493
534
7811
8623
1667
6477
663
6790
4427
2131
6735
2121
2558
5810
11
6177
2826
1766
1189
1242
6529
3457
6465
796
3092
6991
1121
1393
5517
2504
8413
2009
4902
6223
632
8434
2699
1285
5223
7116
5280
3831
1111
9702
9631
1112
5878
4330
4742
7058
5562
1270
2388
3901
2056
5470
891
5042
8727
8272
9410
7139
280
4311
3361
2776
4618
7924
5925
9831
6913
1204
3662
8014
905
5166
9116
8648
9487
3857
7579
6922
6992
9957
822
921
7300
3577
7827
6026
1848
7236
3164
3993
3421
8389
8633
8029
6312
4558
7860
3224
5752
3395
1238
8522
8551
353
9043
9911
6075
6621
8707
3066
6577
1402
3977
3876
4970
1804
1775
8682
913
4929
4548
4324
5191
3181
2353
1502
7729
2086
6590
5354
7345
7818
5749
7769
45
4791
7680
7984
1411
6386
1049
9852
7778
6890
5601
4621
8684
7366
5177
1471
4168
9715
5785
9349
4769
11
850
4371
3961
7431
9716
1305
7122
7338
9065
9031
4003
8618
7014
5404
6877
8053
5256
6528
6817
2730
3023
7374
96
8190
8835
4254
9778
4620
3603
6421
6495
6317
791
2330
5621
2380
5499
2743
9709
6437
1773
3711
5054
661
988
3804
587
8108
332
7394
838
5219
4768
924
3408
3602
7042
5059
95
644
1479
8455
8826
4135
784
4446
6505
6273
7179
8087
2710
826
3671
9628
1477
6524
3432
2054
4631
5628
1322
7333
846
7954
8247
6118
3429
7163
3050
3515
9671
6394
3843
8496
528
4617
2942
8897
2763
1994
8858
7337
2810
2528
6965
6151
9042
2270
79
5547
7888
1391
2879
607
9335
3000
6715
2763
162
1638
8142
1706
8022
3858
202
423
8465
3134
1194
3102
6992
51
438
9793
4443
9267
7817
5359
1536
7886
905
1297
1150
5648
1894
2358
521
482
5112
2547
3985
5127
4244
2006
8976
4436
4294
9314
9434
5478
4289
6425
5519
4718
8091
1835
5858
5908
7184
9259
5667
9953
555
6808
5601
4314
9156
6112
6660
6141
8650
644
3142
4767
4515
3991
9193
682
3304
509
6150
9458
8798
3542
6049
8763
5367
1906
6544
2551
1164
2210
2503
3584
891
9968
7888
47
7954
6421
8052
8477
7056
3067
3243
3444
7048
4309
4116
2226
6682
265
1683
5479
5671
7722
6115
1037
1501
2658
5452
2656
4859
9820
8104
7614
1670
5991
9525
9614
4285
7577
8090
1340
2517
1332
6648
9556
7505
763
3655
4186
2892
5328
1539
8553
4923
7644
1464
8288
302
8780
943
7025
8599
920
4638
2143
8775
4163
1756
3060
3613
9837
6264
6120
3042
2912
7549
2421
3665
1203
6597
8422
8395
8126
8848
5191
5770
2185
3479
7936
965
6286
4960
1437
7197
1471
3570
5971
7498
5317
9021
2984
7027
7159
978
1942
70
8517
4353
5599
1594
950
4020
1862
949
4742
7044
6709
6917
2396
6518
7872
8672
3351
9300
5868
4813
4743
3713
4184
59
4607
7159
8950
1765
8127
892
3699
8517
7109
9289
110
9923
5182
3837
872
9914
880
9445
8705
3266
5963
6576
3811
9304
7749
9670
5990
2492
5256
174
4415
1736
7323
5239
3492
7323
6121
7181
5839
5103
8343
7814
5026
3525
1650
5888
5312
4394
5332
4016
7650
3168
592
1460
2472
214
3003
335
4570
132
499
8976
1859
9686
4214
7215
7008
2208
4395
4721
9175
2738
2534
4200
8127
4174
1961
3438
8558
9158
7445
8081
2325
9901
1414
6661
114
6282
6987
6549
6404
9350
5524
8253
9036
1611
7341
7917
5683
1736
2637
6731
6338
7035
931
4464
3082
4756
9766
3513
5787
7210
3467
9977
8984
4872
6637
9089
1153
5497
5637
9421
6721
3034
9548
7630
6509
6888
5546
4065
497
57
795
6825
8956
3590
3162
2038
220
4802
7415
5997
2011
882
5973
995
5744
4484
1957
8761
1854
9458
64
8565
4365
9602
6194
873
8364
3614
6802
8851
5535
9461
7550
6364
4925
2585
275
5135
7377
7681
3005
1262
8553
852
4121
6170
5326
6068
4930
9044
7399
6858
7609
1763
6460
5676
4500
6697
1163
3175
5547
8562
2635
4970
4926
9424
7546
5191
4558
4922
4745
9428
6174
3297
279
294
9457
7469
8226
6260
6512
5624
3118
4120
9251
1451
1670
3750
8138
4697
6915
5558
3259
1424
528
58
847
8064
7113
5396
4859
1858
6697
1033
5145
6966
3191
6476
4434
3291
4609
2819
8905
7717
6930
8156
1041
473
3779
1052
5160
694
6601
292
2108
8993
2214
2945
7056
9318
214
1914
1175
6901
4811
8184
5740
9867
6533
2047
3157
1142
4857
3935
732
3660
2090
3638
5997
5860
4680
3030
8418
3154
3313
525
2146
5517
5334
1075
6708
7413
4854
9747
6187
1538
9805
3801
1404
6337
5838
4551
7469
2568
8477
75
8092
2440
3703
4088
173
256
7109
8581
3401
2295
979
5537
9676
8178
8477
6384
5590
3330
8004
1776
4858
7808
7441
8127
4145
3279
2677
3487
7711
3027
5426
5803
7332
9119
9881
7495
9366
6989
7950
2766
9274
8919
176
8950
7096
526
7207
4559
3846
5210
8200
578
3018
5640
8695
9027
792
3245
4387
8494
8137
9804
4296
5468
805
4176
4836
170
3039
2785
4800
4186
3578
6841
3135
2547
7357
2215
8971
3077
7416
7170
3645
2307
2809
4213
3207
3592
9322
7584
2085
7458
7387
8245
4799
8183
2420
1509
226
7323
4284
6891
1509
9726
3731
4634
4147
2961
8714
3117
6028
6129
286
1546
309
4959
5749
3506
424
5071
2963
4373
4402
2224
2617
9192
406
6902
700
2496
4224
6848
9377
5723
8448
4981
2231
2594
7933
944
5701
3960
8937
7851
7371
9236
2809
4993
4615
3224
1937
7568
7587
6330
9782
204
7395
2061
7096
9959
6422
1319
8680
5798
8907
7127
779
1137
1594
8702
3945
7285
4535
2881
5135
1905
3990
9809
6889
8595
3032
8816
8036
618
7019
9692
2686
6287
1752
1655
6245
47
4839
4925
5836
3745
3925
8479
6746
5510
9054
690
4668
3588
3561
1677
7358
9415
1485
6120
9883
6381
6809
7918
8863
5702
7609
1549
1988
1235
5068
8224
3146
9897
5022
8972
5515
8937
9324
2260
6320
8377
2940
2862
3839
8365
4529
3070
9653
7878
9180
9535
4258
7862
7453
3120
3563
6935
6533
5542
43
1601
5639
3180
3371
660
4025
8877
1470
3349
3010
9655
3599
7815
2516
9302
6179
7035
2371
7706
4912
3424
7240
1043
1286
6566
4153
6713
5375
2560
2254
7282
4151
7883
461
7512
416
6351
8262
1877
1573
1272
1531
7036
9077
4037
6338
7129
2945
8699
4834
9721
3997
2074
763
5273
513
4906
1985
5878
9330
6104
3160
3480
3986
5485
2866
6267
1835
3001
8134
5272
6137
1538
2308
5213
5565
519
4216
383
1091
923
103
5078
4861
856
2224
5365
7626
4200
1242
6956
2177
6266
2309
8027
1751
7039
4293
5450
40
4300
722
6167
5828
4894
3254
3266
5403
9334
3639
6484
256
3732
1562
6982
6452
3776
2346
4078
9840
5452
2907
2016
1718
5206
1917
5333
4119
6200
782
4149
500
1494
2189
8192
8252
7307
1458
3654
8514
5087
138
644
693
3564
7616
7135
7330
1835
1212
9044
7277
5983
2933
868
1189
4840
6191
5298
2914
6964
1320
5278
331
5373
3469
8574
4554
4917
4101
3067
1878
6103
3701
2561
9657
3190
9686
8861
5015
2772
7904
2292
8745
2710
5024
1807
9415
1215
8969
2328
52
288
7596
373
7526
2938
820
3953
7846
6786
7010
9714
2888
2585
4148
2545
5765
3833
3279
2654
6595
3056
4936
7214
5756
9950
9011
5170
3038
7980
9362
3080
141
6957
5318
9531
1769
8002
3483
9605
4787
2367
1201
9540
6816
5339
2084
4454
9162
7227
7098
7631
282
3907
6718
7902
5731
5728
3072
8759
5581
4307
3713
7587
3138
904
7117
4897
8896
2474
4501
5557
6705
7566
5096
3520
2904
9044
7964
3939
6270
6936
3443
6542
842
160
6317
8437
7753
9379
7196
3333
5560
2782
2793
8688
3676
1784
3584
2571
4248
9949
8118
952
7514
5087
6336
417
4130
6173
4346
2273
3108
7780
688
5815
9804
6996
4251
7556
8248
3320
2763
3807
6092
5546
2494
9758
9194
6068
4203
3441
6016
4194
6257
3529
9272
2592
5810
5275
639
2030
7539
3737
9800
8217
1425
1486
5212
7541
9033
3460
860
3669
7257
8817
1088
1625
457
282
9557
4650
3713
7447
718
1844
2849
9980
6300
8650
7128
6929
679
4666
2540
2352
4757
3955
3828
9959
3369
4734
5292
4220
8393
4423
3036
9472
6038
5357
9744
7468
9998
5330
4914
715
7164
7754
2568
5338
6403
1569
2266
8946
6226
4796
1297
982
625
6989
2814
3984
1723
8097
77
115
4393
4977
1460
2304
334
1203
9762
2205
8398
4676
4784
5561
2429
9216
898
705
784
5029
9641
8874
1698
2811
9846
4187
1673
4534
45
3386
4504
112
5366
8887
6954
6816
3064
7278
9884
2825
9473
8281
7491
6130
5715
1793
5345
8478
4362
6119
3506
5876
4993
5194
8677
6712
1255
2224
1245
1290
5600
7613
3266
2839
8373
219
1529
1436
9361
1412
4252
8833
1566
3616
4962
7271
7274
2180
5748
1635
8290
1127
7502
3282
8186
8052
9984
9431
275
3103
720
7740
715
3976
578
9079
6060
2097
514
5420
5373
6630
6127
6929
246
2962
6074
9384
5133
1821
1018
3422
2939
393
8568
1124
319
434
2428
2458
3527
3138
197
6107
8978
2640
7059
5037
6601
9437
457
1974
6067
8448
776
8177
1409
6840
7560
6532
535
451
1827
3464
2709
394
6452
3018
819
8870
5466
6210
3881
5654
2316
2858
167
9365
9760
6758
8802
2090
605
6742
537
1372
4918
3810
85
4351
342
610
6666
4033
5938
9365
4418
2389
2382
7101
3132
7839
3310
7003
5366
5617
1735
7397
4981
3368
4154
5656
5448
4750
2397
7849
7986
9179
1658
8061
3529
3864
545
2069
7888
6473
1433
4179
736
3806
1279
3858
3518
4579
2735
757
195
6334
8144
7041
9692
4171
2696
7013
794
6958
4861
653
6136
8383
8705
1539
2247
1123
3598
2008
7586
6895
6177
8312
2574
7446
4044
6082
3898
8643
8703
5958
4976
8720
2998
6541
4765
7558
3553
5549
4515
287
6193
2525
8660
6771
5928
2780
7884
1399
4778
7343
8284
2828
7529
858
2147
1572
8804
6036
2088
9381
1993
8928
8100
6855
5468
2864
4412
9011
287
801
9288
8344
5190
7947
5114
1117
2601
4871
4380
7369
2213
2663
2071
9732
3511
4208
3177
4189
243
5255
3569
4100
4182
3542
954
1523
8271
7231
533
8548
9896
1694
6891
5085
1515
3878
8066
4106
8739
2445
3348
2825
6972
5409
2557
2357
9608
7598
6536
1724
2853
104
7689
8899
3636
516
2296
1906
7737
4693
2327
7632
6378
1091
4590
7883
4959
2655
3862
5571
6964
7200
8387
3936
4483
2817
8157
4090
414
4692
7678
5131
6660
5366
4030
2169
5873
8190
5940
5483
2882
8257
4989
9250
1222
9569
9006
6171
4098
4741
3616
1061
1941
2002
6861
8288
6683
5017
2377
7087
9699
1928
2218
8232
9159
8112
401
5031
6301
6331
2387
9173
6461
7366
8423
7673
6935
9302
5718
1032
4043
9324
3957
7848
3199
818
6135
9872
7699
385
6958
9272
2303
9166
7503
1461
9151
7894
8356
5451
4224
743
4624
2559
9973
4920
231
6907
4221
5939
9803
137
5262
5634
7975
334
6442
5983
205
6014
6358
9028
5285
535
76
2788
1986
9218
2555
2216
6542
8644
2949
1165
1202
2921
7949
1423
1702
4044
7353
3378
4171
4488
9002
4020
6687
7317
9993
8756
3331
8225
7783
8606
8750
9724
3267
2609
8941
5813
4815
7356
4456
9628
