(random, 10 average, n = amount of items)
n	Insertion[s]	Selectionsort	Heapsort	Mergesort
4000	0.010238	0.017616	0.000781	0.000539
8000	0.041352	0.070549	0.001791	0.001154
12000	0.090045	0.160819	0.003117	0.001902
16000	0.160426	0.284113	0.004136	0.002528
20000	0.254444	0.437369	0.005243	0.003262
24000	0.362123	0.629609	0.006497	0.004058
28000	0.495063	0.864498	0.007683	0.004666
32000	0.664726	1.097523	0.009150	0.005414
36000	0.820990	1.391750	0.009983	0.006122
40000	0.996076	1.725184	0.010624	0.006852
44000	1.158413	2.071197	0.011928	0.007930
48000	1.423841	2.456632	0.013305	0.008507
52000	1.636673	2.898076	0.015262	0.009279
56000	1.919044	3.327372	0.016088	0.010195
60000	2.190572	3.798412	0.018106	0.010899

(ascending, 10 average)

n	Insertion[s]	Selectionsort	Heapsort	Mergesort
4000	0.010134	0.018168	0.000689	0.000278
8000	0.041937	0.069654	0.001572	0.000621
12000	0.095227	0.157906	0.002606	0.000990
16000	0.163773	0.279493	0.003247	0.001404
20000	0.256376	0.432172	0.003971	0.001785
24000	0.369762	0.640384	0.005167	0.002071
28000	0.514584	0.865329	0.005843	0.002643
32000	0.660859	1.145895	0.006727	0.002752
36000	0.843968	1.417460	0.008002	0.003250
40000	1.035951	1.707100	0.008542	0.003763
44000	1.249464	2.049009	0.009395	0.004151
48000	1.481695	2.466106	0.010666	0.004635
52000	1.715440	2.867813	0.011688	0.004995
56000	1.953053	3.325054	0.012288	0.005383
60000	2.196424	3.855383	0.013495	0.005530

(descending, 10 average)

n	Insertion[s]	Selectionsort	Heapsort	Mergesort
4000	0.010086
8000	0.039149
12000	0.090072
16000	0.157816
20000	0.249388
24000	0.366943
28000	0.498718
32000	0.640636
36000	0.810497
40000	1.000398
44000	1.185247
48000	1.413939
52000	1.642814
56000	1.908560
60000	2.204508

(stała?

(V shaped)