./target/main
=== Task I: Euler and Hamilton Cycle Algorithms ===

Measuring execution times for 15 measurement points...
Vertices	Euler(30%)	Hamilton(30%)	Euler(70%)	Hamilton(70%)
--------	----------	-------------	----------	-------------
Graph with 4 vertices and 4 edges:
Adjacency Matrix:
0 1 1 0 
1 0 0 1 
1 0 0 1 
0 1 1 0 
Graph with 4 vertices and 4 edges:
Adjacency Matrix:
0 1 1 0 
1 0 0 1 
1 0 0 1 
0 1 1 0 
4		0.000004	0.000002		0.000002	0.000002
Graph with 8 vertices and 8 edges:
Adjacency Matrix:
0 0 0 1 0 0 0 1 
0 0 1 0 0 0 1 0 
0 1 0 0 1 0 0 0 
1 0 0 0 0 1 0 0 
0 0 1 0 0 0 0 1 
0 0 0 1 0 0 1 0 
0 1 0 0 0 1 0 0 
1 0 0 0 1 0 0 0 
Graph with 8 vertices and 17 edges:
Adjacency Matrix:
0 0 1 1 1 0 0 1 
0 0 1 0 0 0 0 1 
1 1 0 1 1 1 1 0 
1 0 1 0 1 1 0 0 
1 0 1 1 0 1 1 1 
0 0 1 1 1 0 1 0 
0 0 1 0 1 1 0 1 
1 1 0 0 1 0 1 0 
8		0.000003	0.000002		0.000003	0.000003
Graph with 12 vertices and 18 edges:
Adjacency Matrix:
0 0 0 0 0 0 0 0 1 0 1 0 
0 0 1 0 0 1 0 0 0 0 0 0 
0 1 0 0 0 0 0 0 1 0 0 0 
0 0 0 0 0 1 0 0 0 1 0 0 
0 0 0 0 0 0 0 1 1 0 1 1 
0 1 0 1 0 0 0 0 0 0 0 0 
0 0 0 0 0 0 0 1 1 1 0 1 
0 0 0 0 1 0 1 0 1 0 1 0 
1 0 1 0 1 0 1 1 0 0 1 0 
0 0 0 1 0 0 1 0 0 0 0 0 
1 0 0 0 1 0 0 1 1 0 0 0 
0 0 0 0 1 0 1 0 0 0 0 0 
Graph with 12 vertices and 45 edges:
Adjacency Matrix:
0 0 1 0 1 1 0 0 0 1 1 1 
0 0 1 1 0 0 1 1 1 1 1 1 
1 1 0 0 1 0 1 1 0 1 1 1 
0 1 0 0 0 1 1 1 1 0 0 1 
1 0 1 0 0 1 1 0 1 0 1 0 
1 0 0 1 1 0 0 1 1 0 0 1 
0 1 1 1 1 0 0 1 1 1 0 1 
0 1 1 1 0 1 1 0 0 1 1 1 
0 1 0 1 1 1 1 0 0 1 1 1 
1 1 1 0 0 0 1 1 1 0 1 1 
1 1 1 0 1 0 0 1 1 1 0 1 
1 1 1 1 0 1 1 1 1 1 1 0 
12		0.000004	0.000004		0.000007	0.000003
Graph with 16 vertices and 34 edges:
Adjacency Matrix:
0 0 1 0 0 0 0 0 0 0 0 0 1 0 0 0 
0 0 0 0 0 0 0 0 0 0 1 0 0 0 0 1 
1 0 0 0 0 1 0 0 0 0 0 0 0 1 1 0 
0 0 0 0 1 1 0 1 0 1 0 1 0 0 0 1 
0 0 0 1 0 0 1 0 1 0 0 0 1 1 0 1 
0 0 1 1 0 0 1 0 0 0 0 0 0 1 0 0 
0 0 0 0 1 1 0 0 1 0 0 0 1 1 0 1 
0 0 0 1 0 0 0 0 1 1 0 1 0 0 0 0 
0 0 0 0 1 0 1 1 0 0 0 0 0 0 0 1 
0 0 0 1 0 0 0 1 0 0 0 0 0 1 0 1 
0 1 0 0 0 0 0 0 0 0 0 1 0 0 0 0 
0 0 0 1 0 0 0 1 0 0 1 0 0 0 1 0 
1 0 0 0 1 0 1 0 0 0 0 0 0 0 0 1 
0 0 1 0 1 1 1 0 0 1 0 0 0 0 0 1 
0 0 1 0 0 0 0 0 0 0 0 1 0 0 0 0 
0 1 0 1 1 0 1 0 1 1 0 0 1 1 0 0 
Graph with 16 vertices and 82 edges:
Adjacency Matrix:
0 0 1 1 0 1 0 1 1 0 1 1 0 1 1 1 
0 0 1 1 1 0 1 0 0 0 1 1 1 1 1 1 
1 1 0 1 0 0 0 0 1 1 0 1 1 1 1 1 
1 1 1 0 1 0 0 1 1 0 0 0 0 0 1 1 
0 1 0 1 0 1 1 0 1 1 1 1 1 0 1 0 
1 0 0 0 1 0 1 1 1 0 1 1 1 1 1 0 
0 1 0 0 1 1 0 0 0 1 1 1 1 1 1 1 
1 0 0 1 0 1 0 0 0 0 0 1 1 1 1 1 
1 0 1 1 1 1 0 0 0 0 1 1 0 1 1 1 
0 0 1 0 1 0 1 0 0 0 1 1 1 0 1 1 
1 1 0 0 1 1 1 0 1 1 0 1 0 1 1 0 
1 1 1 0 1 1 1 1 1 1 1 0 1 1 1 1 
0 1 1 0 1 1 1 1 0 1 0 1 0 0 1 1 
1 1 1 0 0 1 1 1 1 0 1 1 0 0 0 1 
1 1 1 1 1 1 1 1 1 1 1 1 1 0 0 1 
1 1 1 1 0 0 1 1 1 1 0 1 1 1 1 0 
16		0.000010	0.004086		0.000014	0.000006
Graph with 20 vertices and 56 edges:
Adjacency Matrix:
0 0 0 0 1 0 1 0 0 0 0 0 0 1 0 0 0 0 1 0 
0 0 0 1 1 0 0 0 0 0 1 1 1 0 0 0 0 0 1 0 
0 0 0 1 0 0 0 0 0 0 0 0 0 0 1 1 0 1 0 0 
0 1 1 0 1 1 0 0 0 0 1 0 1 0 1 0 0 0 1 0 
1 1 0 1 0 0 1 0 0 0 0 0 1 0 1 1 1 0 0 0 
0 0 0 1 0 0 1 0 1 1 1 1 1 1 0 0 0 0 0 0 
1 0 0 0 1 1 0 0 1 0 0 0 1 0 0 1 1 0 1 0 
0 0 0 0 0 0 0 0 1 0 0 0 0 0 0 0 0 0 0 1 
0 0 0 0 0 1 1 1 0 1 1 0 0 0 0 0 1 0 0 0 
0 0 0 0 0 1 0 0 1 0 0 0 0 1 0 0 1 0 0 0 
0 1 0 1 0 1 0 0 1 0 0 0 0 0 0 1 0 1 1 1 
0 1 0 0 0 1 0 0 0 0 0 0 0 0 0 0 1 0 1 0 
0 1 0 1 1 1 1 0 0 0 0 0 0 0 0 0 0 0 0 1 
1 0 0 0 0 1 0 0 0 1 0 0 0 0 0 0 0 0 1 0 
0 0 1 1 1 0 0 0 0 0 0 0 0 0 0 0 0 1 0 0 
0 0 1 0 1 0 1 0 0 0 1 0 0 0 0 0 1 0 0 1 
0 0 0 0 1 0 1 0 1 1 0 1 0 0 0 1 0 0 0 0 
0 0 1 0 0 0 0 0 0 0 1 0 0 0 1 0 0 0 1 0 
1 1 0 1 0 0 1 0 0 0 1 1 0 1 0 0 0 1 0 0 
0 0 0 0 0 0 0 1 0 0 1 0 1 0 0 1 0 0 0 0 
Graph with 20 vertices and 131 edges:
Adjacency Matrix:
0 0 1 1 1 0 0 1 0 1 1 1 0 0 1 1 0 0 0 1 
0 0 1 1 1 0 1 1 0 0 0 1 1 1 1 0 1 1 0 1 
1 1 0 1 1 1 1 1 1 1 1 0 1 0 1 1 0 0 1 0 
1 1 1 0 1 1 0 0 1 0 0 0 1 0 1 1 0 1 1 1 
1 1 1 1 0 0 0 1 1 1 1 1 1 0 1 1 1 1 0 0 
0 0 1 1 0 0 1 1 0 1 1 0 1 1 0 1 1 0 1 1 
0 1 1 0 0 1 0 1 1 1 1 1 1 1 1 1 1 1 1 1 
1 1 1 0 1 1 1 0 1 1 1 0 1 1 1 0 1 1 1 1 
0 0 1 1 1 0 1 1 0 1 1 1 1 1 1 0 0 1 1 1 
1 0 1 0 1 1 1 1 1 0 1 1 0 1 1 1 1 0 0 1 
1 0 1 0 1 1 1 1 1 1 0 0 1 1 1 1 1 0 0 1 
1 1 0 0 1 0 1 0 1 1 0 0 1 0 1 1 1 1 1 0 
0 1 1 1 1 1 1 1 1 0 1 1 0 1 0 1 1 1 1 1 
0 1 0 0 0 1 1 1 1 1 1 0 1 0 0 1 0 0 0 1 
1 1 1 1 1 0 1 1 1 1 1 1 0 0 0 1 1 0 1 0 
1 0 1 1 1 1 1 0 0 1 1 1 1 1 1 0 1 0 1 0 
0 1 0 0 1 1 1 1 0 1 1 1 1 0 1 1 0 1 1 1 
0 1 0 1 1 0 1 1 1 0 0 1 1 0 0 0 1 0 1 0 
0 0 1 1 0 1 1 1 1 0 0 1 1 0 1 1 1 1 0 0 
1 1 0 1 0 1 1 1 1 1 1 0 1 1 0 0 1 0 0 0 
20		0.000015	0.000079		0.000030	0.000014
Graph with 24 vertices and 81 edges:
Adjacency Matrix:
0 0 1 1 0 1 0 0 1 1 0 0 1 1 0 1 1 0 0 0 1 1 0 1 
0 0 0 0 0 0 0 0 0 1 1 0 1 0 1 0 0 0 0 0 0 0 0 0 
1 0 0 0 1 0 1 0 0 0 1 1 1 0 0 0 0 0 1 1 0 0 0 0 
1 0 0 0 0 0 1 0 0 1 0 0 0 0 0 1 0 1 0 0 0 0 1 0 
0 0 1 0 0 0 0 1 0 0 1 0 0 0 0 0 1 1 1 1 0 1 0 0 
1 0 0 0 0 0 0 0 1 0 0 1 0 1 0 0 0 0 0 0 0 0 0 0 
0 0 1 1 0 0 0 0 1 1 0 0 0 0 0 1 0 0 0 0 0 0 0 1 
0 0 0 0 1 0 0 0 0 0 1 0 1 0 0 0 0 0 0 1 0 0 0 0 
1 0 0 0 0 1 1 0 0 0 0 0 0 1 1 1 0 0 1 0 0 1 0 0 
1 1 0 1 0 0 1 0 0 0 1 0 0 0 0 0 0 0 1 1 0 0 0 1 
0 1 1 0 1 0 0 1 0 1 0 1 0 0 0 0 1 0 0 1 0 0 1 1 
0 0 1 0 0 1 0 0 0 0 1 0 0 0 0 1 0 1 0 1 1 0 1 0 
1 1 1 0 0 0 0 1 0 0 0 0 0 0 0 0 1 0 0 1 0 0 0 0 
1 0 0 0 0 1 0 0 1 0 0 0 0 0 0 0 0 0 0 0 0 1 0 0 
0 1 0 0 0 0 0 0 1 0 0 0 0 0 0 0 1 1 0 0 1 1 0 0 
1 0 0 1 0 0 1 0 1 0 0 1 0 0 0 0 0 1 0 1 0 1 0 0 
1 0 0 0 1 0 0 0 0 0 1 0 1 0 1 0 0 0 1 1 0 0 1 0 
0 0 0 1 1 0 0 0 0 0 0 1 0 0 1 1 0 0 0 1 1 0 1 0 
0 0 1 0 1 0 0 0 1 1 0 0 0 0 0 0 1 0 0 0 0 0 1 0 
0 0 1 0 1 0 0 1 0 1 1 1 1 0 0 1 1 1 0 0 0 0 0 0 
1 0 0 0 0 0 0 0 0 0 0 1 0 0 1 0 0 1 0 0 0 0 0 0 
1 0 0 0 1 0 0 0 1 0 0 0 0 1 1 1 0 0 0 0 0 0 0 0 
0 0 0 1 0 0 0 0 0 0 1 1 0 0 0 0 1 1 1 0 0 0 0 0 
1 0 0 0 0 0 1 0 0 1 1 0 0 0 0 0 0 0 0 0 0 0 0 0 
Graph with 24 vertices and 192 edges:
Adjacency Matrix:
0 1 1 1 1 1 1 0 1 0 0 0 1 0 1 1 0 1 0 0 1 1 0 1 
1 0 1 1 1 1 1 1 0 0 0 1 0 1 1 1 0 1 0 1 1 1 0 1 
1 1 0 0 0 1 1 0 1 1 1 1 1 0 1 0 0 1 1 1 0 1 0 0 
1 1 0 0 0 1 1 1 1 0 1 1 0 1 1 0 1 1 0 1 0 1 1 1 
1 1 0 0 0 0 0 1 0 1 0 0 1 0 1 1 1 0 0 1 1 1 0 1 
1 1 1 1 0 0 1 0 1 1 1 1 0 1 1 1 1 1 1 0 1 0 0 0 
1 1 1 1 0 1 0 1 0 1 1 1 0 1 1 1 1 1 0 0 0 1 1 0 
0 1 0 1 1 0 1 0 1 1 1 0 1 1 0 1 1 1 0 0 1 1 1 1 
1 0 1 1 0 1 0 1 0 1 1 1 1 0 1 1 0 1 1 1 1 1 1 1 
0 0 1 0 1 1 1 1 1 0 0 1 1 1 1 1 1 1 0 1 1 1 1 1 
0 0 1 1 0 1 1 1 1 0 0 1 0 0 1 1 0 1 1 1 0 1 1 0 
0 1 1 1 0 1 1 0 1 1 1 0 1 0 1 1 1 1 1 1 1 1 1 0 
1 0 1 0 1 0 0 1 1 1 0 1 0 1 1 1 1 1 1 0 1 0 1 1 
0 1 0 1 0 1 1 1 0 1 0 0 1 0 1 1 0 0 1 1 0 1 1 1 
1 1 1 1 1 1 1 0 1 1 1 1 1 1 0 0 1 1 1 1 0 1 1 1 
1 1 0 0 1 1 1 1 1 1 1 1 1 1 0 0 0 1 1 1 0 1 1 1 
0 0 0 1 1 1 1 1 0 1 0 1 1 0 1 0 0 1 0 1 1 1 1 0 
1 1 1 1 0 1 1 1 1 1 1 1 1 0 1 1 1 0 1 1 1 1 0 1 
0 0 1 0 0 1 0 0 1 0 1 1 1 1 1 1 0 1 0 1 1 0 1 1 
0 1 1 1 1 0 0 0 1 1 1 1 0 1 1 1 1 1 1 0 1 0 1 0 
1 1 0 0 1 1 0 1 1 1 0 1 1 0 0 0 1 1 1 1 0 1 1 1 
1 1 1 1 1 0 1 1 1 1 1 1 0 1 1 1 1 1 0 0 1 0 1 0 
0 0 0 1 0 0 1 1 1 1 1 1 1 1 1 1 1 0 1 1 1 1 0 0 
1 1 0 1 1 0 0 1 1 1 0 0 1 1 1 1 0 1 1 0 1 0 0 0 
24		0.000035	0.009986		0.000107	0.000016
Graph with 28 vertices and 112 edges:
Adjacency Matrix:
0 0 0 0 1 1 0 0 0 0 0 0 0 0 0 0 1 0 1 1 0 0 0 0 0 1 0 0 
0 0 0 1 0 0 1 0 1 0 0 1 0 1 0 0 0 0 0 1 0 0 0 0 1 1 1 1 
0 0 0 1 1 1 0 0 0 0 1 1 0 1 1 0 0 0 0 0 0 1 0 0 1 0 1 0 
0 1 1 0 0 0 0 0 1 0 0 0 0 1 1 0 1 0 0 0 0 0 0 1 1 1 1 0 
1 0 1 0 0 1 0 0 0 1 1 0 1 0 0 0 0 0 1 0 0 0 1 0 0 0 0 0 
1 0 1 0 1 0 1 1 0 0 1 0 0 1 1 1 1 1 1 0 1 0 0 1 0 0 0 0 
0 1 0 0 0 1 0 1 0 1 1 1 0 0 1 0 1 1 0 0 0 0 0 0 0 1 0 0 
0 0 0 0 0 1 1 0 0 0 0 0 0 0 0 0 0 0 0 0 1 0 0 0 1 0 0 0 
0 1 0 1 0 0 0 0 0 1 0 1 0 0 0 1 0 0 0 0 0 0 0 0 0 1 0 0 
0 0 0 0 1 0 1 0 1 0 1 0 0 1 1 0 0 0 0 0 0 1 1 0 0 0 0 0 
0 0 1 0 1 1 1 0 0 1 0 0 0 1 0 0 0 1 0 1 1 0 0 0 0 0 1 0 
0 1 1 0 0 0 1 0 1 0 0 0 0 1 0 1 0 1 0 1 0 1 0 0 0 0 1 0 
0 0 0 0 1 0 0 0 0 0 0 0 0 0 0 0 0 0 0 0 0 1 0 0 0 0 0 0 
0 1 1 1 0 1 0 0 0 1 1 1 0 0 1 0 0 0 0 0 0 0 0 1 0 1 0 0 
0 0 1 1 0 1 1 0 0 1 0 0 0 1 0 1 0 0 0 1 1 1 0 0 1 1 0 0 
0 0 0 0 0 1 0 0 1 0 0 1 0 0 1 0 0 0 0 0 0 0 0 0 0 0 0 0 
1 0 0 1 0 1 1 0 0 0 0 0 0 0 0 0 0 1 0 0 1 1 0 1 0 1 1 0 
0 0 0 0 0 1 1 0 0 0 1 1 0 0 0 0 1 0 0 0 0 1 1 0 1 