6269
3808
2627
11878
9451
10159
7
4214
328
8810
11
12
4362
10676
10584
9079
17
18
9598
2739
9552
4381
1361
6603
6232
26
6587
2328
29
30
11160
1088
33
3901
6134
36
3651
11157
9128
87
5312
819
941
11232
1580
6175
4378
6643
7532
50
3680
1511
5033
10013
6559
56
6033
58
4548
10561
3597
11197
10504
1438
3082
10303
594
8480
3668
9369
10842
8306
9746
74
11777
4870
11098
2204
6666
11282
7973
2425
1179
6519
7740
3001
7449
3543
4846
7356
6907
11881
2417
94
11776
8785
4501
2962
3522
6600
101
102
347
104
7738
6001
107
6881
4753
1991
7304
1951
5701
2810
4565
116
8146
7609
3259
5352
11658
6467
10608
124
7815
7883
8495
3438
10405
8719
131
1490
133
10905
9564
136
137
9159
5961
2992
1174
1592
3875
7226
411
7347
147
153
149
150
6918
9826
9300
1201
1553
6465
8373
158
9602
8817
7715
492
8854
164
165
166
10060
3356
7245
8779
10635
5343
5146
174
5916
7377
11527
11730
8636
11586
7584
182
9940
1515
2059
11009
3353
6397
10619
5511
7110
9566
5502
3242
5712
196
9151
9923
199
870
9432
2445
6050
6947
9066
206
4135
5034
209
210
11465
10592
9391
891
1467
8949
2840
218
1981
2075
10007
172
7875
10607
8411
2050
3246
7616
5934
230
9737
9423
11872
6221
892
236
8124
10960
239
7379
241
4624
243
2130
9078
10118
993
3867
2426
11695
5949
11994
9630
7767
6875
256
10401
4579
3283
3474
261
262
263
1844
5256
9861
8181
2699
7131
1519
9571
8872
1224
11648
4833
6424
8819
4561
1989
280
8717
282
5016
472
11682
3131
1559
2332
289
42
291
292
3750
1681
3883
9962
8930
298
3368
8661
301
3433
2150
2760
636
238
6772
9776
309
2530
402
312
2224
3580
7718
442
6271
11456
6674
10989
7420
7018
6203
2258
7707
6610
11712
7786
6302
9389
331
11091
9221
1251
3715
1000
643
338
6978
340
8792
1190
1094
826
8087
4847
6802
10817
11307
11154
351
4005
1741
3982
355
4185
8386
358
10376
7154
1809
8355
5461
364
4478
9499
5656
7906
7374
6521
371
1093
3694
11533
5982
994
7662
297
3161
9069
5167
8033
8695
8908
7273
39
7138
4256
11179
8112
10926
1054
8497
4949
9525
9794
3932
1355
753
10983
9258
8401
9658
457
8620
2703
6332
8883
10093
410
6121
11745
8432
414
11627
10426
4935
24
3063
5299
5589
821
5666
4364
1822
9495
4386
6944
4457
8025
11109
432
7851
8220
11735
436
4290
10053
10383
6486
10266
1437
9744
3233
5498
6736
705
881
8228
8851
451
1143
10657
1629
3321
8547
6260
2749
3483
3735
461
3870
1429
9111
465
4482
8986
7635
692
735
11460
3409
1219
2713
475
6737
9055
751
2158
4183
1603
482
4299
7994
2132
772
7567
488
2688
4398
4504
9825
2586
2732
5890
985
7378
354
11871
6138
4955
6867
6535
9473
2053
2859
3968
6030
5123
1703
6113
9542
513
2001
4087
4309
695
5360
519
8370
6307
7561
523
9493
10669
4097
11271
8596
5939
1662
11557
532
6403
143
8016
7520
537
1655
6381
6010
5357
627
9425
4813
3467
10359
3838
548
8614
6389
4574
552
7156
730
8305
212
8073
4418
4999
6580
7141
1533
7202
4281
565
11587
8940
5206
6141
9143
9545
1518
5188
1446
10797
6248
8235
6372
5879
3440
3778
1178
8714
11418
2393
1488
587
6075
589
9438
3075
10649
7876
67
595
10700
597
1961
865
5233
9753
9168
3594
7884
7657
4636
406
8796
10332
1244
11978
4319
7594
4973
7846
4204
10235
500
11997
11501
6499
622
9585
9575
9302
8836
7717
628
460
630
631
9183
2438
4654
11857
9902
637
638
639
9336
641
122
6871
6524
645
9118
5860
10143
649
9092
5068
4695
11826
9763
7432
10964
7831
6520
6290
329
1501
5525
167
11822
9671
4109
7206
672
321
670
4910
3970
5213
3944
10737
6439
3728
2180
9570
11663
8445
8820
604
10356
4394
686
2329
10708
689
690
4397
6318
4016
694
8095
2505
8421
9547
5764
3733
2343
702
1904
6684
11741
10888
978
1056
3325
10693
1639
4188
713
930
10798
716
4338
6432
5019
8852
7452
11254
723
724
7633
3221
727
423
327
389
731
10245
3443
296
207
3232
737
2365
2582
835
2433
7123
6784
10564
726
746
2483
2895
9999
10446
6555
7867
3792
1159
6620
11373
8272
575
9501
4092
8114
7982
8360
764
8403
10225
6689
768
11819
10293
8860
3751
807
1713
1972
8104
5862
3285
3787
9508
2013
1770
2352
2370
9799
524
787
788
4864
5336
791
6598
4850
9933
10123
9878
7478
2473
11088
10641
7285
8649
6837
5198
7344
10935
3948
8294
3841
1452
7215
812
5634
9592
815
816
270
818
7733
3903
11221
11378
9042
6430
825
5001
827
828
9133
811
8303
8041
7514
834
2419
3770
10092
838
958
2084
9477
7461
7979
4428
8640
3942
8843
9810
6876
6890
8371
852
1451
6725
687
9649
10393
1015
11692
11655
861
862
1232
5590
5760
8173
10247
10001
5581
9397
3407
7647
396
874
979
1240
877
2029
8211
11094
6789
11345
883
884
3570
886
4168
6614
7266
2311
2917
9777
6396
5355
6406
3526
2140
2189
4818
3009
5524
10478
3316
8052
2589
11146
5570
831
10668
910
911
5268
61
5205
644
2605
8825
10129
8167
11201
409
10839
661
924
5317
5224
2527
2171
3370
714
1502
6161
933
11577
935
936
3975
1604
10416
11343
8893
11635
943
4498
11896
9448
1341
6896
8
1990
7981
4616
9158
5430
10194
956
3561
9346
10249
3553
1389
9314
973
11190
8450
5973
10859
10029
3866
5911
5892
972
1776
8599
6948
1307
8848
9831
11212
980
4070
5361
983
6913
8955
11786
9034
5842
9783
11983
1607
8889
674
913
6869
7333
154
151
588
4538
9439
1002
9455
6791
1827
8262
1007
1008
1372
1010
965
5105
2071
10628
4444
8464
4696
2169
9817
10218
10467
7920
8069
1024
11539
2898
1719
2500
10161
7164
5585
1032
7820
1562
5675
2822
2285
3211
11425
10992
11089
11490
9227
10711
1
1046
1047
5291
4706
6265
1051
8245
761
9108
11349
708
4727
1058
6878
10987
1164
8344
9039
663
3314
10015
4676
6690
10212
5492
9682
1072
1073
5977
2478
4374
452
7760
2668
5894
11332
2618
2233
1669
448
113
1087
8579
3160
11421
6968
8751
5882
11851
7363
3202
10788
585
5639
2467
5866
68
6347
6228
4143
6116
10204
9503
10344
5722
4148
7284
1113
7490
10281
1116
11142
9251
227
10638
4348
7531
9770
950
157
4756
7329
9428
1129
7873
8639
7170
1133
1134
8484
4470
2835
9283
3544
1611
10739
1142
11707
9237
1193
8966
8841
9296
1149
1590
6441
6708
1153
8013
1135
7499
1157
4423
8110
2305
3261
4644
1163
6143
9252
9859
1167
4653
6542
5322
7207
7856
3146
11984
1390
6098
2947
10623
7113
7570
9126
11102
4898
2608
11525
2976
1187
1188
11375
342
299
1192
8722
5889
5864
10070
8700
5024
8971
11804
698
11773
11505
1204
10637
1206
3484
793
2610
2156
1211
4370
1213
11558
2803
6002
7682
346
5058
4827
1221
1222
8156
3179
2157
6004
1227
8944
11992
1230
10765
1542
6792
8182
556
10942
11374
1238
6652
4710
9960
4442
9538
10824
1245
11407
1247
5569
8737
9752
5445
1674
11524
7912
2371
10771
5846
9805
573
11906
3017
11794
1064
2667
3914
1137
1215
10031
10812
1270
8992
9673
8351
1274
6104
2100
7915
5709
168
1280
1512
8922
1183
7022
9949
8925
2856
1564
4545
3518
7506
1292
1293
5480
9200
1083
4865
1298
7339
5861
1209
9243
5623
1482
1220
9390
7101
8917
1309
4953
92
2687
380
2813
4667
6821
1317
8627
4934
1320
6529
10497
4353
747
9301
7967
9468
4379
2969
5706
11127
3548
1333
245
858
4332
1846
4979
5521
2994
8393
1342
3154
4991
378
5893
7289
11382
2315
3255
1351
10800
401
1354
3136
3852
10181
9700
9330
1360
5451
7548
463
8610
11660
427
6926
306
10897
11700
11227
7180
5689
10128
3766
10904
10629
1378
1379
3186
814
6257
7230
11950
1385
4455
2807
10624
8008
697
564
8888
2074
11147
1395
11831
3130
1269
1399
8120
8815
8170
10618
1404
10290
6644
8736
9297
1409
9291
3380
2265
6642
11927
5705
1416
3678
3420
3833
2121
8928
7312
9121
8365
11111
10122
1427
11863
11673
1900
1869
2414
1433
7114
2819
1184
259
64
898
10661
3943
5655
1443
1578
11403
1057
1447
7870
1449
1138
3974
8486
7167
7497
11085
9663
8550
6798
3334
4460
1461
2481
8366
5783
4948
9846
370
512
1469
1470
9010
2338
132
7590
10006
9234
2211
7351
9627
5375
9845
2860
4758
8026
5920
3102
1487
586
11427
11328
2522
1492
1493
3111
8020
265
10982
9073
2009
10539
9664
4919
1503
1504
10278
10484
2373
5830
6655
2247
3012
7528
8243
5044
3683
11099
4515
10775
8946
1520
1594
1522
10423
3736
11390
1526
11595
1528
11649
987
8031
652
387
6231
10779
10518
4140
2347
3434
968
9795
5929
7418
433
5168
8452
1547
2912
3559
598
918
1552
8919
23
996
5787
1557
3966
508
6105
1561
2215
11299
4527
11139
5446
4694
6324
11000
3392
1571
10131
10410
4931
9626
1576
7607
8399
6123
6895
2765
9969
4976
1584
8935
7750
1587
1588
3432
2316
1591
3237
10017
1946
3106
8459
5867
10046
4509
2303
1909
6681
9747
9233
1605
4038
446
610
3759
4816
2830
10512
3002
10398
1615
2455
8286
8711
9690
6656
10043
984
8906
1624
3549
1626
10692
9316
6701
1630
1299
7342
9677
4822
3529
3585
6577
11031
711
1640
8535
3767
4056
2730
1645
6706
1381
11852
1649
5050
2952
3238
88
1034
538
10863
4232
3873
7696
4874
5528
3309
7317
4806
11912
11958
3431
1956
4216
8518
9685
3816
6872
1456
3934
1296
6925
10791
6588
10109
10047
1014
1253
141
9778
110
1687
1688
7354
6268
1691
1692
11058
1694
5919
8419
4024
8398
823
1700
1701
3682
8947
7234
4280
1706
10465
2281
5578
11723
471
1712
257
1799
9553
5452
3747
1718
1101
2255
1721
10728
1723
1724
1725
9819
3184
10991
9903
7382
712
5442
1733
1734
5110
1736
8138
1356
3121
1740
10664
4805
6165
2775
1745
7882
5959
10320
4101
4971
10750
11137
3906
319
10573
8174
10567
9922
8074
8970
5331
11797
1763
5852
3643
8861
9175
1768
7476
10610
1771
1772
3853
6189
1775
365
10799
8227
7464
11049
8140
8604
9174
8567
4740
1786
10385
5028
1789
3475
2368
5811
3614
3018
1742
10368
8814
1798
1714
10984
9179
1802
11999
1804
6031
9782
2109
7853
9667
9786
3542
1959
8137
5076
10563
60
4566
9096
3387
1820
3911
8356
10891
10330
2128
3470
9046
4273
11963
6509
3565
1832
601
1834
4471
276
5998
1902
10727
5637
11446
3372
11260
4966
332
1758
7319
5295
3993
1850
5633
10042
5321
4012
8061
8238
6507
11678
8824
4505
10025
8487
1863
7701
9703
1866
843
8208
1431
1523
1871
254
2134
479
1757
4928
1877
1878
8098
5200
8179
1882
3856
1884
1885
1953
7752
1888
5455
1890
2027
2354
5171
10823
3022
7204
11959
11546
1899
2166
10032
5132
3679
1653
1801
1919
3212
6596
9254
3670
9554
10360
8977
2761
6349
5397
10420
4393
4841
4480
1228
5850
4233
10452
125
1926
1583
3740
1731
1683
10590
6275
1933
9617
6581
863
8107
5558
7411
3916
8673
2345
1889
5987
4522
11985
6256
6803
57
5318
9769
9521
1766
8023
720
6046
11381
4358
140
1960
2524
1962
2896
11612
9945
9163
11353
5516
1969
5804
1780
4279
11451
3247
9371
11564
1977
2120
148
11570
8014
10274
1711
6957
1985
9489
1539
1988
1939
10301
4499
1825
1421
10924
11116
10380
1997
1998
7493
4843
9867
3962
8873
4532
2005
1541
2007
6328
6909
3596
5313
10954
7963
2014
6338
11677
2017
6206
2019
10534
7737
1023
6080
2248
6181
2026
7162
4832
161
11497
2031
4506
8089
1250
10921
2036
11609
7855
4572
6421
2041
8914
9870
287
11426
2046
514
10259
5086
9569
5828
8077
9043
5508
10113
11830
7099
8121
3135
2060
11166
10807
6979
8287
8730
3960
5215
497
4314
2070
3485
2072
1445
577
2384
2076
2077
1739
2079
310
11810
540
8932
4514
5245
1041
7479
2412
6712
2090
2091
623
2093
2094
2095
10945
8119
7694
11969
2918
9334
6972
4247
8684
2105
2710
2107
179
1747
8510
1261
2023
1975
8433
3971
4787
5713
251
2998
7667
10045
2122
5311
10139
9051
9170
8011
11269
5749
5470
1095
6686
11097
9762
3395
8101
1325
2138
3195
1122
2141
4222
8833
4489
4006
3508
10506
2148
1566
9910
2151
522
1565
9362
11043
5091
2913
9971
551
2160
1442
4952
5134
869
5507
9837
11387
4866
5332
10718
6330
533
2639
1026
10553
7190
3913
2178
3243
4363
9864
7299
5863
3523
8769
1932
8771
5674
5768
7085
6137
2192
775
9293
1275
2196
8523
8312
3416
771
5800
7643
6849
78
10580
3502
4890
545
3271
11593
5981
2212
11169
8142
5209
4174
10707
8270
2219
3891
6704
2222
8329
4268
9076
2661
6443
9321
412
7999
4745
5337
5543
6125
11204
4869
3262
4001
6204
7265
4127
11993
1496
2244
3413
2246
2663
8521
9995
2919
3836
2252
7632
3528
9471
2256
8556
10552
3446
2995
9203
6668
111
6263
8320
1633
4958
1126
105
5849
6106
5756
2273
2693
7334
11429
11067
1115
2532
1420
7880
1574
1186
1011
10995
2286
2287
2554
7237
11749
2291
11128
8059
8871
8879
2152
5125
1340
2299
1704
3287
9097
1600
5729
10482
5646
7711
2308
8323
11817
3384
5150
9891
5597
11759
6025
10449
5193
11398
607
1397
1727
2838
11542
2325
2996
3461
2241
1037
8489
10832
4076
8750
10151
9887
2336
2577
300
2339
2965
5080
6662
10939
11818
188
322
6723
10809
7579
6845
4121
8913
397
5252
563
2356
10010
5467
5306
213
8524
8336
2363
8354
6054
2366
313
5369
9518
4655
11145
2372
11363
6087
555
541
4071
6159
456
2380
3402
2382
2383
4107
8338
5203
11589
9354
9974
4122
9836
9067
10357
6911
5077
729
4077
5555
129
8456
11164
11274
11273
3021
10828
5184
9721
10675
3388
9433
2411
3972
2413
1432
9356
8083
7035
10753
11979
704
4642
9996
6637
6274
901
9977
9138
2024
5632
4017
4447
2988
10947
2434
2435
10099
473
1829
10207
1636
1690
4115
9459
2444
202
681
9137
8291
7147
7282
2361
1049
8756
7671
7451
3671
1555
2458
706
5795
4373
7658
11703
2025
8998
11684
10087
4627
2469
11313
1001
2557
7359
2745
4276
6930
1363
6343
7891
8420
6253
10480
2643
2484
11038
6823
3612
9144
2489
7008
2491
9584
4116
237
11174
4901
10880
2498
2499
7039
2501
3829
9284
2504
2722
62
6722
1102
4096
3270
7254
9937
7470
2514
8630
728
4334
3582
4524
1423
2521
5418
9889
7435
3593
2526
4475
10309
3477
2008
11785
2279
7052
8705
3814
85
11580
8538
9619
4169
8189
10095
6114
449
2966
2546
7992
2548
2549
223
9973
5752
2628
2288
6795
2556
6900
9694
4019
10903
3681
11666
10938
11670
3707
2566
2567
3373
8979
5809
8787
2572
2573
7887
9555
10535
2570
9844
2579
8257
4635
8632
7674
2584
4767
6859
3572
2588
6140
2590
10327
4359
3510
8837
576
9833
6901
10556
7118
1391
2601
2602
5698
11439
7764
2606
454
10126
8805
909
11775
4137
9829
5556
5649
8900
1005
5762
10578
543
2621
1243
2623
4604
6437
9332
7988
8273
2629
2977
99
3480
6288
2740
8593
5490
2637
4686
9906
10362
2641
2642
93
8068
10103
5429
1527
2418
11887
11391
2935
9367
2450
2654
2655
2656
7500
2658
498
2899
5218
9263
10027
4666
10636
9453
8381
6112
1796
11478
5513
10210
10067
11360
7010
2676
9539
2671
3049
7484
10847
2682
9607
10375
7030
3219
1004
1248
517
6532
2691
455
9959
11245
2695
11159
7187
4828
8605
2657
9645
5014
145
10190
10892
2221
6212
2708
4618
5154
2711
5428
8200
4041
9576
2963
7735
11922
363
2492
6208
9033
2723
806
11956
4193
612
6964
5843
7765
3386
8139
11393
7689
2735
10436
2883
8048
8457
6166
5416
7654
9472
9040
4403
9951
2387
2748
3359
2101
1656
3448
5275
4719
2755
603
11156
281
2759
5553
10701
2762
2763
2764
4523
6829
283
907
2769
10165
7060
4136
707
2774
1044
6742
9266
2778
1558
2780
2781
5619
2783
2784
5136
2786
5963
11467
2789
2790
2791
8237
4748
3645
11261
65
10547
10238
4568
5149
1050
7014
6956
2804
789
49
10509
10005
11642
9201
1833
10464
6415
11572
9287
6903
5464
2818
9758
10510
4186
6923
1242
7539
2958
2826
2949
1792
5029
4684
7961
1987
2833
8443
5687
2836
6007
5161
4414
8628
4113
2463
3217
8964
9548
180
2847
2848
9095
5794
8903
8505
2263
6841
3335
1168
2772
7421
8417
10950
8895
2862
11701
5807
2750
8558
10841
2868
7486
10837
2871
4431
7269
7000
6008
8214
2959
1117
10541
11937
7213
10387
11177
2884
2901
947
5788
5744
11529
11588
8857
7650
1422
3788
3995
10548
10936
9376
7828
2900
6089
6215
8141
4612
11966
4
9268
2908
4942
7830
2911
3171
7475
571
5048
2135
3151
9
7754
4789
971
5190
2237
1667
7159
7078
6292
1259
977
8530
2620
11793
3490
2934
4690
5869
2937
8106
11724
10872
2941
9335
6676
1686
11129
2974
7817
8217
4274
5345
2951
10279
6132
353
11234
11884
2957
611
6369
6045
6812
4705
2480
11402
6825
232
4622
10287
3280
6127
7512
2972
2973
7249
9754
1239
3810
2197
1966
1954
10286
6889
11312
2984
2985
8029
9467
8395
7068
5825
5549
1906
9895
6516
7692
2326
10228
1635
6038
9323
1672
2850
3003
10861
765
4053
3007
3008
1366
3010
8943
1276
3013
8534
1855
3016
6651
5533
1147
9131
4015
11123
2350
11694
5608
3026
3713
6297
3892
10239
11217
5731
5413
7794
3035
7203
3323
3038
1330
7227
6186
2257
1641
3044
1999
1344
4714
2529
5829
8712
3051
7268
4947
6283
11315
11681
10662
2033
9004
3060
4462
11484
7036
3311
7392
1980
3067
5941
3069
3610
11675
10969
3073
2096
6020
8842
6405
1585
6184
9536
6991
2874
2249
3084
7665
4129
9679
6086
11408
3090
7298
3092
629
7558
5820
3096
8761
10685
7360
10627
2672
1486
837
5023
8152
1595
11827
2360
3109
6065
3745
3360
2228
3465
3115
3116
6836
10922
3119
10593
5485
3122
277
3124
7976
3126
3127
3513
11543
3268
1840
3132
3133
1233
3608
1705
9366
11480
11926
1279
8301
3142
5155
9742
3145
5716
932
11899
392
3150
7104
2188
1148
7708
6696
4039
1271
8654
10068
1967
6198
11252
6373
7300
7233
3166
8232
3168
5088
6311
267
1218
2064
3174
3412
5326
3177
5927
273
1402
3181
7874
3183
5733
5401
10299
5614
9865
6043
2685
3191
5902
3193
437
10843
1785
7517
5895
5221
9529
9665
9701
7040
4546
9651
10572
5880
391
3209
5262
10697
2044
11412
453
3935
1435
4683
8066
9304
4046
8618
3396
10323
10716
6122
6194
3763
20
10355
2376
4984
8669
2696
3234
8340
6861
2801
4743
1166
2814
5010
6665
2174
1223
3245
1759
9248
10231
3569
6036
10562
6308
10030
3371
2770
10307
3257
10311
4700
7216
2496
8324
4451
2379
2045
3266
8716
7214
3269
10102
7629
3272
4446
11877
1597
3276
3277
3278
3279
5251
6758
1814
4382
6063
4855
959
1308
9550
3980
162
7952
1175
10717
225
5827
9942
9781
3298
1572
774
416
3302
9662
9983
953
8018
7314
7814
9992
3310
6029
4033
5484
9115
7481
5620
9279
10754
3319
11033
5732
6902
343
11585
8271
9839
3327
5383
3329
3330
6015
11948
11708
112
11885
9814
5621
10108
173
7055
3389
221
1920
5642
3100
5647
3347
7652
3349
3350
1616
3205
2068
9181
8666
6779
7729
4339
7406
4598
6336
11065
11170
9771
4888
8713
3367
1754
3369
7242
1550
6694
7168
5720
3071
117
3377
6423
5263
1646
3281
3382
3383
5363
3455
1417
990
10214
5415
2651
6771
11940
9060
1176
6510
613
11334
2817
6540
10626
7672
2381
11133
3404
229
7796
5576
3053
11077
264
2701
3340
4685
9285
431
1459
5177
11561
1556
9005
2261
3422
6950
3424
6463
10134
1671
2099
9328
341
1471
820
7821
10101
3435
6774
3437
11356
3307
4375
9609
2612
4152
6073
3445
5703
8663
9324
10106
8520
2507
11448
10940
8909
3039
7387
11389
8447
6575
2839
7681
7819
9886
10434
1112
10071
1114
2719
9650
3723
8229
3472
9796
191
10493
11976
8728
8180
3479
5658
272
2355
780
2020
1779
757
1282
4227
6162
11829
7059
3492
9427
3494
7934
3658
10495
215
1171
2307
3501
4031
6862
1938
2624
3506
8522
4250
203
9863
3511
1693
3408
1944
8788
4577
3517
5665
9290
10252
10457
1849
2184
2441
6976
4327
2235
11801
11002
3220
2869
1089
2736
3534
11624
4313
657
6103
7544
6628
3541
6013
4564
1811
3050
5758
3547
5173
5164
2812
95
5853
3739
9012
2863
7350
10349
8479
7061
9899
11263
3562
890
5678
1978
2686
8378
7115
4647
501
1507
8650
2519
3996
3575
2485
9985
7930
790
5746
5388
10586
130
7410
7519
10413
3587
3588
3589
8213
5229
3592
8435
7573
3595
5346
9310
3598
4630
5420
2632
3602
3603
6916
7705
9628
3607
2979
3609
11400
7726
408
3613
10439
97
8388
2824
11925
8269
10870
10571
7364
3623
3624
11161
3626
7297
2788
3629
11225
1513
11671
2127
6312
3635
8611
693
3638
3639
8725
8950
9460
4450
6750
1821
11316
4293
9655
234
9122
37
6346
3653
5211
2964
7091
2374
8195
3659
2662
9013
3662
7697
8206
4241
3666
2318
2581
8290
10680
11306
3672
11679
1075
9466
3676
4530
10035
8809
11022
2925
10404
11183
11839
4848
11041
9388
9791
3965
3690
11233
3692
3693
6669
1039
3696
9123
2147
11380
3700
1334
9640
10734
794
9632
8424
2565
6216
9589
10997
7759
3712
8915
4943
11347
9146
6337
11250
5124
9222
9806
3722
9062
3724
6744
3726
10440
7492
3729
6484
9840
833
2876
1071
2421
5872
44
10560
6287
2110
8056
6688
9228
5265
7308
8797
11894
6780
11782
11251
6164
1761
3753
9934
2550
4155
9524
3758
10153
6971
3520
4776
3854
1408
10217
10275
11024
3768
8878
8406
4246
8657
6987
3774
45
4863
9442
3093
3779
1289
4014
11018
9031
11630
3095
6564
4093
10335
11706
3790
6056
11268
3793
2015
3795
2217
4960
3328
8901
5813
3801
4221
3803
7571
3507
7267
11433
6671
4954
4331
7129
7878
3813
1272
6570
418
8164
3818
8708
8109
7897
8298
3823
5937
3825
9595
5944
7734
9107
214
740
5226
6649
6885
3312
2456
1494
7533
6388
4786
10176
3842
6154
109
10953
8407
3847
8739
4307
3850
2092
9176
7941
894
7389
8127
3857
10581
3859
6657
8784
2944
4950
6827
6711
6176
1090
5799
11864
5717
3871
5380
2890
4272
7970
3459
3493
3878
5596
9624
11920
7103
1020
9608
6805
9345
3887
9670
10179
11010
2220
7384
5307
4220
3895
10188
2904
1225
11444
2866
9873
5172
8818
8249
5208
4590
660
2333
3025
3910
2423
4575
7454
525
9086
8553
1331
2928
4739
3920
3921
2746
2705
1575
9724
1892
6469
1976
10268
11126
8863
4631
3933
76
3215
5547
3937
10865
8942
4037
5106
11095
8115
3381
6522
5567
3947
10900
5145
9834
7568
1123
8428
3954
4240
11153
8987
3958
6811
8749
11690
1145
4336
11935
10107
1535
1905
8568
1883
11337
9365
9099
9751
5838
9997
3628
5592
4939
3979
11795
8752
171
5296
186
2242
8467
4619
8409
9739
570
3991
2585
7612
3994
1104
1644
7194
9815
1818
7251
7811
7974
4003
10270
9452
6319
4007
4008
1319
4157
187
2545
11195
3791
8603
7188
3837
8882
11742
7324
4021
9059
2698
5081
4025
9563
2043
3415
7898
4030
6906
11552
4271
5396
4035
2139
5560
8941
3156
1680
7946
2295
4043
3274
5822
7983
7348
7235
9654
4050
5694
6193
2902
4054
3640
3059
3300
4058
11384
5059
3821
11331
8219
7580
2805
7587
7063
4300
7069
6824
526
5138
683
9614
5904
3744
3990
7081
1085
7574
4081
10164
10816
6341
8892
4086
9154
6471
4089
6148
7177
7739
2225
1229
11939
1475
4419
4181
738
10075
1450
2394
4103
9130
1441
590
2116
3738
5122
6607
4142
4328
8233
435
4734
8721
7513
10490
3941
4120
1255
2375
3555
4124
2229
10656
11725
11039
3086
9789
4131
5189
4133
10885
8560
3771
2537
4138
3978
1537
3308
5724
7996
11229
10943
4146
7106
8504
7089
8103
11265
2114
6908
11081
6794
2018
1316
7218
10786
6451
949
1151
11982
9072
6238
1726
4167
7918
6661
4051
6770
4264
4508
5309
4175
7128
8655
4178
2712
5776
7614
8676
2342
4184
5779
2538
801
8855
9288
4190
9103
10651
3144
4194
11008
4196
10254
11435
4199
9399
7294
1262
10852
5090
7669
3719
1652
4208
1454
5244
9315
5514
4213
216
11597
596
3710
11664
8732
4777
8149
8559
2177
4224
11068
11029
3488
11553
7175
11962
4231
9400
10062
3318
5958
6730
4052
10089
10479
9341
1345
271
4243
5049
2193
5055
3908
9457
4975
6844
5022
10295
4646
11476
11062
10233
10475
1154
4259
4260
4261
3473
3905
6606
4845
7736
1887
4887
11811
11865
10881
3085
7619
7446
7244
7562
4277
2677
1266
8623
2516
10733
8682
3512
4285
558
2700
4288
2314
11445
6500
486
8028
4717
4295
16
7082
4298
10670
4068
4301
9282
4303
3460
10004
2619
4409
3123
10408
4987
3024
4892
10409
2069
7686
7184
8043
6946
8132
8753
10040
4322
3342
10253
11981
4326
535
5737
3441
4900
3294
6993
4333
688
4335
3922
4337
4454
1217
655
2472
1601
10967
3104
4345
7336
4347
667
5410
2816
5613
11861
6118
4354
6597
10860
10077
2617
4798
914
4361
9436
9828
3054
2082
9790
11656
4368
3134
4095
4371
8325
11419
11904
3630
11541
8707
10386
5094
11916
9444
8379
6266
1161
79
11036
4387
11787
7560
8347
1411
4392
11471
11974
4728
9396
691
4893
10039
5254
8626
4304
2931
8594
8865
4587
439
4408
2457
5017
7238
4760
4413
4402
3214
4416
9167
4426
5858
5831
632
4445
8876
3936
9102
9787
7462
2124
2792
21
2872
9736
8468
1473
11001
9990
8297
398
5488
4440
542
10813
3425
1872
3574
8997
11714
11632
4449
562
3499
7352
6083
1508
90
4529
3120
1460
2037
11084
1813
5659
10167
5662
7642
1043
4467
6539
5230
1380
1835
4894
6853
5968
5431
10455
4588
2042
7581
4223
10364
2459
9340
1281
4485
4486
4487
6663
11957
2543
4491
5338
5976
240
3226
5899
4497
266
5766
10710
11440
5242
316
1418
6357
2032
11236
6647
1546
759
6629
3074
6468
5302
5192
3374
3708
9558
810
2929
1921
1812
5069
10157
4525
377
7003
6136
3591
11636
11970
4834
4533
8463
1880
32
7986
3952
9622
4278
9112
5769
4543
5881
10654
11513
1302
59
2664
4550
10759
4552
83
3664
2313
10531
4802
6187
6413
6504
10058
6077
4563
5753
204
10522
11583
5441
4569
5181
9498
6149
4573
493
9272
4576
11746
5021
11017
4580
11114
4582
1419
6920
2283
9981
6877
8681
4589
7960
7553
4592
7278
2960
9884
4057
2720
9734
5095
8096
3761
4602
9958
4079
8959
11037
11333
7825
4503
2034
4611
9177
2741
8512
374
3646
1930
3361
11125
3840
10211
5548
9885
4995
8772
6032
6488
7762
4804
7722
1060
10406
5938
8258
2341
6785
2980
1760
5405
4207
7948
6955
5007
7955
3718
2583
9141
9978
11652
11428
4325
8566
8259
6461
1121
8830
4657
3452
8755
4660
11093
1717
7987
4664
6178
8678
6929
7109
1774
11150
5005
2889
4860
8177
646
4192
7236
560
7511
11350
2330
9567
11686
4799
10351
9946
7690
6426
4689
3462
5179
1973
4693
1567
6378
10856
4697
6476
1338
3260
3757
7144
3648
11330
4594
1858
9456
4708
4709
2513
7137
4018
2578
10174
4715
7591
7316
7773
7295
5038
2702
4722
2464
4724
11536
4726
10447
7772
11771
3227
4535
11938
4733
2223
4938
7148
159
10542
5805
11902
11220
4742
9646
10369
9188
10326
4747
3028
1191
6939
3341
10277
3927
3169
844
8075
9986
6941
4759
2798
11044
11711
7871
6394
5738
1948
183
4993
7199
8519
8396
8862
11173
7403
6994
803
7286
531
10814
4780
7508
4782
8009
10568
9874
3799
3885
4788
2201
8332
9709
4678
6300
11438
11504
3014
11506
2054
11487
6360
4801
4557
144
6636
11987
5711
1256
8147
9091
2714
10236
4812
521
25
4815
5520
8160
5539
4617
1052
7436
9240
4823
4824
9968
5735
6707
9490
8757
8498
8609
6945
11702
4098
10020
10689
10617
4889
5478
8634
3500
7365
7928
4844
5477
9696
4774
6361
4849
7695
4877
4852
3969
7007
7396
813
11324
2704
4859
10772
4861
1661
8869
7489
11367
2448
4867
4868
5759
5624
4871
3149
10782
1660
10066
4876
9206
4878
6565
1746
4881
4882
9543
3401
10469
4886
3078
7229
1066
10262
2892
4228
43
11729
11300
5745
7787
6766
4212
2880
8881
7503
2113
8311
7066
10063
5362
745
5979
7777
2270
4912
4262
7597
4915
4916
6545
2321
385
4920
2832
9026
1392
5680
6583
4926
7527
6856
4163
5462
249
4932
2062
11710
6531
5225
4937
10374
6047
4940
4856
7613
9872
2398
3129
8276
6998
7246
8631
5734
1735
11721
9024
2262
10743
4956
2254
10914
4144
10172
1830
6981
922
6110
3727
192
2630
8105
4969
4970
8849
9565
3558
4974
228
9089
8598
2648
11770
9631
721
6173
4983
8027
1897
6094
9862
7552
2594
2119
1444
4992
10297
4061
6251
4996
11491
4998
857
4340
4562
8540
2555
9223
208
3884
4807
8767
7077
7088
5011
7400
784
4765
6242
1606
5622
5327
8562
9458
11148
1177
8326
4607
4312
5886
5027
1119
5781
4023
5031
4330
6740
10605
9068
1986
5037
4088
2183
5040
5041
2453
4670
5673
6196
10956
5047
3999
1958
6404
2088
2111
10876
5054
1305
11960
4761
618
11452
5170
5061
3061
2797
9364
6705
3882
2306
4465
1530
10054
10154
3083
2744
2240
1048
7173
9199
11875
4851
8723
7071
7951
3172
10342
5085
5425
808
8448
3248
3652
5993
6442
10752
11726
5664
5096
2867
850
6574
9276
8791
9897
5103
4811
5051
11285
5107
2083
5109
9506
5127
1323
5113
5114
9136
6240
9941
11634
5147
10546
372
10781
7328
8960
7866
7634
11698
1709
4265
4420
5131
518
2052
367
5135
5786
8777
211
3128
4730
1484
3430
6699
7554
7991
11215
6417
2395
10018
5465
5151
5152
1929
3789
9212
4242
8934
9045
2678
438
7412
8675
5250
3929
5165
10203
8454
9720
11082
11659
10755
4641
9718
2576
11522
11991
6680
7585
2751
8431
5175
10437
9683
6301
680
11176
4239
134
8768
2922
4171
1517
8514
9520
5195
4201
6733
804
6697
5663
6747
3400
4069
11654
3045
4072
10195
10086
8426
5210
7239
1030
830
6234
5159
10820
3322
8968
4251
10132
7861
10373
434
318
6549
7281
5227
9722
3904
4469
7745
5232
5594
5234
8789
5236
9641
5238
1335
7157
2625
2993
4269
6392
7380
7415
5247
7467
1491
659
5098
895
10310
3621
10934
1189
4796
5258
3955
5260
3114
11631
5648
11454
3344
4492
1524
10229
10505
5270
10966
4305
5261
6284
4064
5121
5277
1430
4275
5280
6864
5282
5283
9514
9120
7491
1235
5288
841
4159
3033
7425
4500
7757
1848
5974
10576
1300
7732
6169
9653
6364
10555
5304
8551
7540
2796
5308
3291
10583
5725
41
344
4526
8442
11449
11936
3786
1182
5320
7090
11942
5323
11406
1258
5657
8727
10875
5329
4902
10613
1018
2208
11364
4483
1462
2190
10257
5740
5340
8502
5342
6658
9809
9020
6399
5354
2377
6281
9481
3647
1301
6258
3827
3616
2454
6970
5358
7646
6371
7545
9318
1544
5364
10160
3178
4323
6963
11882
4084
5371
3375
6496
1619
4302
7399
6997
6309
3677
8801
2173
4924
9509
11323
10352
669
415
10084
11575
3590
554
5392
11856
5394
5395
7465
5671
5398
5522
5140
8974
6556
5403
5399
5604
2845
5407
10117
11482
4013
1738
2747
8937
5414
7041
3684
11155
7962
7098
7758
5402
5087
6058
1875
10595
8246
5427
4179
8436
954
7656
2320
10720
8070
1428
9594
5437
5438
1698
5440
10314
1012
11629
10273
11194
1695
5447
9424
7279
5120
10271
6120
5453
3845
3418
2942
9084
6068
5459
7977
6623
5391
2176
11526
11576
5466
6842
5468
4350
9178
4981
5472
6713
8171
5475
5719
2207
5859
11198
1294
6943
5092
3611
3709
5064
2616
11341
8690
10646
10714
6040
9711
10906
8517
5495
6765
5497
6478
10319
9491
4896
4513
3081
3164
2447
8264
3769
7917
6446
3752
10333
8574
10896
1263
2335
11625
10907
7427
11847
8188
4688
178
5582
6457
9868
5526
10489
5844
8754
4606
5531
5532
7370
9139
5535
5536
5537
7450
3605
5540
5541
6967
7405
6490
1169
2446
4605
3687
8184
11284
5551
4429
2239
5334
544
11083
5557
928
5559
9322
8991
1203
278
1793
5565
3036
2210
5568
1857
9756
5571
5572
5573
11242
7578
3152
9402
2440
11511
4316
8255
5214
5583
11296
2475
114
1498
5588
916
8284
5591
1810
9987
9793
5595
1436
5960
5983
7053
2636
4254
5602
11796
5700
9431
4390
3802
10630
1362
7679
9583
10023
9788
3187
11874
7116
5617
5618
5545
7599
73
2002
6518
6543
5625
7375
5627
5802
5629
10620
5631
3286
3503
4632
5635
5636
626
10427
653
5640
5641
4623
8175
5840
7933
1940
7683
4809
553
1664
8625
5652
325
9213
8616
4349
8633
3052
2159
8404
5661
650
4875
11143
2284
10399
9022
5004
5669
2873
3393
5672
6775
9443
3023
5877
2653
3564
284
10378
7592
5682
5683
6250
5685
1805
2752
10665
6452
11249
5691
5692
8806
4149
5695
1053
7680
6060
8380
2195
11413
2768
10833
5704
3807
9998
859
3125
4436
5710
1393
6245
9029
11222
2724
8244
10091
7306
7174
8542
7947
6278
5723
9621
7778
2226
718
6314
4091
9462
561
3926
8012
5454
7293
5274
400
8670
11366
11292
4721
6356
5743
2322
11132
5912
3637
1787
7611
6459
5751
2301
9605
11134
5755
7196
5757
3391
8292
11405
10169
1082
1009
699
9801
4872
9313
3755
1505
1165
1612
5772
6160
8193
5775
6097
5930
5778
7346
1622
847
1132
2292
4435
10596
749
11574
8698
5789
4933
5791
8130
10421
6225
426
3777
5910
3
3881
11738
11972
5628
11647
5980
9644
5806
2490
11498
2406
5810
8875
10644
3834
11911
5815
2304
3800
7151
8513
969
2126
4755
5823
4830
9693
9988
2933
4367
5356
2885
5616
5222
7728
8126
3029
7407
5577
4372
3950
10884
5841
1257
8646
4862
3654
754
5847
10263
11971
7865
3855
4679
9085
491
5855
5856
9532
8202
6128
2319
8927
1651
11909
1128
11951
2595
9264
9292
6566
9210
4385
5630
11653
5909
10587
3815
8225
5174
6764
1172
84
2717
5883
2259
5885
5026
6820
5645
11986
11562
1673
11304
2646
8660
315
11996
6578
9824
10538
3105
5901
656
5903
9229
8315
3170
9280
8485
11362
3203
3031
1942
5913
477
5915
4191
8148
5918
756
11293
4817
5922
7182
11052
9375
5926
8224
3139
755
10415
2825
5932
11945
4028
5803
5936
11396
1478
9169
4255
10177
3489
6807
4287
6527
5187
6857
11893
6619
6243
7621
10968
198
3189
5955
10055
6340
6969
10645
4289
3798
5962
10789
3305
2056
7222
5967
4474
5062
366
5139
7713
2078
2511
931
4493
3390
5978
1852
11545
8093
375
5530
7631
5985
3224
6720
8488
1752
5990
5991
10491
6768
6227
2231
5996
2278
4978
6014
6000
6732
11763
3296
6746
307
4775
8572
2897
4000
6511
6011
10009
6436
5999
3669
5347
6017
11685
1084
975
6021
6022
7639
6024
5075
6026
2525
6028
3439
2493
5141
1152
4034
8592
10191
846
6059
11537
6039
4172
8692
10137
11184
8369
11209
10392
8313
1913
480
11026
2509
9187
11078
4099
6362
3464
8726
4139
6386
274
6061
2706
11200
6617
6448
4651
2809
8375
8194
2155
6071
4380
781
7045
6197
1369
839
6078
6079
5900
8687
11287
4453
1162
8548
10384
4609
2954
7414
5509
10261
6092
6093
5824
8004
6096
1076
6384
7993
9348
3306
6102
7231
6608
10524
9675
2729
6108
6109
6167
1403
2645
511
8476
4128
2227
6117
6514
3811
3782
4626
9914
8602
1753
1901
7232
1911
4258
9303
5404
8466
1374
7755
2182
6377
8760
822
3531
6139
1468
4541
6142
11199
5763
4244
10000
8651
8583
9382
4180
11063
4507
6153
2115
6155
6156
11020
7457
9463
4880
1728
10854
11608
6070
7277
3080
9403
6168
9429
1424
4495
1185
9267
6703
6293
1068
4448
10064
6179
3336
3530
2271
2391
1815
4766
3163
10683
10609
2569
7630
1062
3497
11235
7020
8317
9422
1365
10684
5643
6200
6201
2353
4062
10972
10784
3783
7002
10830
7054
430
8302
4567
6213
10614
3705
3091
10488
8982
6219
5750
6455
1893
2048
6224
5736
9355
3491
7929
6229
6230
9419
10818
6233
5180
11754
6236
3019
7102
6174
11270
8000
1918
5668
6244
4536
6393
6247
4988
6249
10722
11716
5056
11122
6254
888
1824
9856
2531
4176
7522
6313
8266
7358
9113
9306
3889
3737
9172
1045
7660
5606
6272
11004
520
7501
4820
7320
11266
6279
6280
9984
6100
6006
1965
6285
1949
10530
3471
4772
7224
530
11342
428
10574
7557
4027
7437
9002
7105
320
5435
4716
4206
4922
3405
6847
9850
763
11178
6310
7848
5310
4737
8775
11873
1922
490
5797
9688
417
9792
4909
7617
11256
11523
9417
1100
8600
6329
7864
6331
6801
6333
8770
6276
10288
2564
4094
1364
3252
3897
10100
9333
8472
4638
1623
3345
7357
8856
8058
7263
6352
8333
6354
5832
4026
6048
6358
3332
4248
3938
10487
2104
6996
6365
6366
5335
6368
6264
5300
1907
11512
11515
6374
1838
6376
1339
3159
6379
10639
7894
6382
6383
10803
6385
6195
6387
5439
4119
3098
3055
2553
9398
2388
9877
7730
7712
11623
3176
2503
5888
6261
2591
5612
8319
1864
10244
6408
6409
11012
6411
741
7186
7057
9691
2367
4853
8635
7355
6420
11172
5013
7775
2400
3225
9361
6427
5727
696
7283
7117
7521
7395
11870
7434
8392
2063
5153
5101
6440
782
9975
11598
777
6445
7990
10196
4595
8470
2203
1589
2337
10761
8885
2721
9406
2165
6458
9572
2559
1078
11372
2186
1514
1170
19
3554
11544
6638
6568
10110
2399
9931
11691
6475
8310
6988
3805
6479
6480
6481
5777
1895
662
10242
5043
6487
4749
2162
2087
5699
796
10353
6494
6550
3358
6497
11392
5660
6715
5348
6839
5272
5143
3399
905
4082
1677
4461
2149
2560
9326
3989
5073
6515
5767
6517
666
4677
502
1479
925
6523
9510
2357
6526
4369
6528
2520
6296
9317
546
2112
5448
503
8051
6537
1394
11359
6743
11914
9003
7125
5216
8686
9469
6547
11932
9710
5046
7805
11140
944
6554
658
8800
4810
6558
11053
6350
6144
2679
4317
4560
8887
5191
8135
6852
893
8532
6571
10370
6573
2297
72
5878
1637
7515
7841
4160
1935
4156
470
6584
4821
10083
7092
3423
9449
2921
10719
6975
6721
6158
5301
345
3717
393
4090
9475
9629
8926
3909
8526
6605
2317
4085
547
2470
8250
6611
6612
5460
7372
11913
2206
6064
887
8509
7889
10372
6622
8345
7361
9309
7901
8251
9888
10696
7710
4610
6632
8973
6634
6435
360
4539
9866
6639
6640
3699
1155
11766
2877
8552
7221
4173
5784
10898
9350
2214
3295
9219
5994
6868
1499
11946
8685
6563
6660
8260
2117
1383
4377
3199
8279
10445
1464
7822
6670
8503
6672
6673
6826
4791
8330
11477
8735
9195
9018
3346
885
6683
8667
5925
1657
6687
11383
330
6270
9965
9704
6693
11590
3456
8328
4663
6698
8555
2843
2854
1628
5816
3796
4141
2853
2408
7608
1440
9920
8570
4570
5473
7818
395
1290
9761
8781
10080
8891
1013
4357
10098
3832
10094
6726
6727
3731
6949
10429
4773
106
5456
1551
1324
8418
4718
1405
7325
8408
9590
11567
5279
11789
6745
10363
5201
6627
5873
7847
7922
6299
4284
10570
2650
6756
6757
4990
6759
6760
11867
1212
6763
3047
2615
9478
10622
10787
3527
1303
3546
7401
6773
3931
6222
9496
6777
2153
4153
4344
9726
8952
6783
10857
5182
6778
6787
466
1036
5512
1414
10849
5104
3756
9194
7954
1352
4020
11264
1582
11025
4648
4608
9708
10706
6806
447
4913
6910
11358
7006
10049
3076
6834
11241
11045
6817
11538
5082
11528
5785
3478
2486
10394
9593
6865
3754
6828
1398
5554
11259
11013
440
11573
10198
3313
9642
9080
11104
3250
9009
8337
6843
11329
6182
3333
1676
1321
1111
7318
2191
9255
8516
6185
7836
3797
671
5089
2310
7626
4399
10981
10347
4551
3147
6866
4808
9966
4047
11003
4102
468
9412
11841
2561
6799
6618
10612
1915
6880
9483
6749
9943
6150
3641
4945
6887
1081
9327
4165
222
7842
10582
2563
5818
2580
6897
2795
11086
5144
11112
6171
11876
6904
6905
9811
6848
2915
5325
2351
832
9740
10909
3725
1983
5836
4519
9551
10124
4603
5393
6922
6851
3573
7075
3720
549
3661
582
709
10550
6932
9597
10648
8652
6192
3293
6447
7038
2905
10496
6942
2167
2502
2644
4318
9381
795
3427
2787
6951
8362
9523
7620
10715
9680
2238
10104
6959
2541
6961
7919
8658
5351
11348
6966
743
11518
783
6548
1708
2102
6973
703
5626
7096
6977
4640
7742
6980
4556
5956
1984
11243
3988
6986
1995
7622
7677
6990
290
5801
8993
1483
6995
10591
3288
10652
6477
10878
7001
7200
4203
3537
1870
7331
4854
8382
10462
10269
10050
7012
7768
8205
7015
5025
5411
7741
7661
10223
7021
9058
1936
7024
3253
1288
6273
10400
871
11121
7031
7032
10526
7034
10074
9093
7037
3748
2487
1349
10721
11531
6751
3997
1545
1131
11605
4389
5754
7050
9505
2533
8123
6209
1994
7056
3764
350
11548
9991
1549
7062
8921
7064
4962
5032
3429
9582
10511
3482
8088
651
3275
7074
2324
10895
5834
9568
9702
7080
11205
80
4965
9823
2495
11119
7087
8176
2437
10061
6538
8113
2282
8416
7095
5730
8049
5419
715
3046
11430
7936
1707
1318
9561
10173
7107
7108
7119
11325
9036
5989
2604
11443
3403
8092
3557
9416
1817
7120
4738
10757
981
7124
6207
6838
323
912
8316
7130
4637
7132
7763
6076
9220
9530
4711
6419
7605
7140
6277
7433
6776
4704
10185
7761
6172
5045
7013
1474
3290
7152
478
11683
9405
3077
929
5924
2267
550
9104
2887
1568
3057
9513
7956
5297
970
7169
4836
8491
7593
8460
9522
5851
536
5249
2932
7179
4906
11757
11346
505
829
7185
4559
7706
8710
7161
8186
7191
7192
5964
7044
6091
7209
2542
2327
6965
9298
3622
3417
679
2692
758
3239
10048
11462
10962
7210
6016
11923
2881
311
3385
1534
8668
2552
7219
8586
7896
4476
7072
9114
7225
4929
9915
10515
11897
6489
10679
4675
2385
2799
8434
10119
8938
9299
9445
7240
7505
11182
5449
6355
8094
805
1359
9027
1807
11055
8453
2443
160
10366
7255
11800
7274
10598
2858
11181
11919
3697
10178
10294
10705
7337
6761
896
4585
9947
6425
7272
3167
1716
8619
7276
10424
5957
10324
2039
11023
11767
2477
9216
1823
7869
5599
3339
163
11488
7291
10846
1682
3540
9748
7296
8894
6797
8285
1040
7301
2213
1061
11508
1579
5324
7307
7241
7309
4542
2981
6808
200
3223
10240
9056
5796
3987
1252
3331
6157
10673
9101
2346
2137
11210
7160
2216
3292
7440
1202
7332
3040
8222
7335
8957
676
7338
6561
7026
8688
10944
770
2479
11216
4468
4884
4769
7349
337
6460
539
35
3716
6147
1106
3576
3915
5235
8905
2275
5575
11566
5417
11594
7366
7367
7368
1697
7546
7371
3861
1955
7747
6495
1856
8645
6850
4286
7902
3451
10528
4459
8183
11496
7228
11303
5409
3468
9242
5491
11728
7393
224
1859
567
1118
5914
4599
529
6552
9803
2920
7404
11103
3957
10361
3567
7409
3584
11138
4123
7413
4735
10773
6870
2834
1618
9171
10879
967
5231
7322
3566
8441
6482
7927
11395
10250
8288
8564
2369
3453
5243
6367
10682
11715
6822
534
4961
1439
7442
4488
7444
5523
11485
7447
4154
5605
1150
146
5471
7691
9140
7455
5372
5966
7458
388
11753
5314
6938
3809
3188
3011
11422
5248
748
10977
2392
8539
8846
5408
640
499
10152
9372
11149
1367
11230
407
2593
11100
2680
963
10471
7795
9152
11843
9800
10604
5728
6813
11606
7495
11929
2218
9936
5527
4329
4197
4600
2909
7504
1028
620
7474
10597
2562
9235
6502
5792
7834
717
244
7516
3983
10746
1744
8207
836
9479
11340
7524
7525
3862
4927
4441
10913
11762
3304
6626
3896
420
10180
10712
7537
7538
7859
9882
10033
7542
1968
9767
6211
6472
7547
11855
957
7550
7551
10337
9557
5072
5607
7556
10456
5382
7559
5197
1762
317
5947
4067
4355
7566
946
10213
11719
7212
3804
11011
3917
4080
7575
5108
9415
9732
8065
5935
7863
2757
6592
4315
8046
7586
5865
8128
7589
9516
11657
11532
9224
8256
8390
4674
5292
5030
2143
8050
10919
7602
8343
250
10978
5586
5158
7881
4042
1914
3828
1480
2349
4126
6067
9344
3180
7618
1828
5257
8743
4412
9156
5718
4936
8587
2512
11188
10973
5708
5833
7744
5426
5126
458
7424
11836
7638
10758
7832
7641
11118
725
7441
8144
9387
872
7648
7649
10514
7651
3348
9842
2294
11750
5328
6814
2785
11507
10632
1620
9579
7663
3426
8307
5702
8242
5350
381
3218
4434
4112
6492
920
760
3463
4957
4613
9100
304
6339
8134
9329
4111
11859
3201
8226
7688
1003
9797
557
8972
9586
8081
3578
1659
156
7698
7699
7700
10946
11639
7703
5469
1608
11579
3469
11027
7709
6321
10472
7172
5065
11853
7183
7716
10730
8405
7725
5538
8886
9537
7051
7724
11519
4692
7727
5984
3357
10996
9733
5385
6246
4712
421
889
9838
9065
10565
3898
429
11135
7468
1586
6738
7065
779
9202
7749
9560
9719
11021
4707
1477
10774
7756
474
10523
11019
1284
7146
10736
11040
11311
11092
7766
8215
1613
1038
7770
7771
5294
10780
10197
1851
4458
7256
1079
2879
3458
11208
7782
9924
9484
7067
8427
1196
3812
5319
6710
9088
7792
6832
6090
4311
1246
8154
7798
2298
11820
2410
5341
7803
7804
10585
7806
5433
2378
34
9957
5344
5593
7813
2743
1139
7816
6984
6685
6422
4342
510
2010
7823
11466
1924
7826
6119
11866
7829
11517
11907
7685
7833
4117
7835
1908
7315
1291
10232
11988
3912
7623
5945
998
1931
615
6335
8169
7849
9063
11213
10453
11816
6553
5975
4217
6919
10292
9611
6239
7313
9319
10111
2462
10321
8978
3015
7439
4249
10941
7270
450
10545
4725
10306
593
9470
128
7879
9540
2066
10893
4040
9741
3819
6434
1941
7888
4986
945
11336
7892
7459
1647
4549
5111
5421
4029
7899
7900
1029
3946
7903
11535
7016
2773
7093
7908
7909
6762
7376
399
5790
7914
8197
7381
1105
8549
2401
5519
2436
3048
3824
7924
5099
7926
1214
10920
7460
11411
7931
1396
8807
5071
6879
3919
8352
6633
5194
8078
1314
6418
5293
7944
8694
2851
9238
1205
7526
11737
126
1837
5240
3781
5036
2523
7957
7958
11731
1675
11253
11066
9250
7201
7965
10902
4502
9275
3141
2690
1765
14
10241
906
7975
8190
2348
28
1764
8704
10082
3776
9743
7984
3037
4537
2466
11850
7198
4754
4270
10097
7625
2888
7995
7430
4591
9166
459
1241
7564
8002
504
8394
8005
9647
8007
3732
9816
8010
9440
4858
8536
1304
8015
1485
8017
3175
6291
2390
8588
11247
10602
8024
3251
4234
9393
11792
1538
5770
9858
8032
382
7217
3241
3365
8037
8038
8039
915
4963
6126
6084
3984
6344
2439
8047
8091
7259
5373
10
665
1903
4652
8055
9917
8221
1199
9377
8060
578
10052
6873
11015
4661
3155
10829
8040
10694
10024
8071
11218
3273
1410
7600
11297
5133
7155
7483
3900
9106
8082
10790
11455
10713
8828
4518
9485
3058
8090
583
6893
5542
169
2771
5330
3143
5653
8099
8100
2849
8102
3618
8239
7940
3773
9507
8545
2670
103
3571
10112
4713
10951
2065
8116
10844
9196
700
1400
11352
8122
7904
10318
4790
2280
7390
3940
3822
9359
8131
11318
5316
3397
6567
6298
8990
8981
6085
7271
6534
7181
5644
6391
8145
10215
1322
269
1943
2659
2991
2802
9921
1614
253
11650
11568
10569
8159
719
860
8162
1790
1529
677
10532
2943
3108
4750
4073
11050
742
866
4145
1934
6914
4793
8178
9053
2422
9849
1663
11860
6917
2754
356
3976
6576
9531
797
8413
11441
5422
4885
3414
8196
3949
8478
8199
8003
1670
1033
6124
11832
7176
8718
481
6303
46
8996
10993
8212
47
5942
4132
8216
2945
8218
10219
7247
6739
6544
9048
10255
7305
3619
10655
2544
4658
8230
8231
10193
2841
8234
7673
6815
7791
10325
4601
10339
8241
11281
7473
7659
9729
10965
2
8248
1525
5376
8999
11559
4424
8254
10248
2123
9370
10008
3466
9281
279
9135
11450
6579
11821
9090
4150
8268
3868
6322
4558
6888
9612
8274
8275
3721
4964
8278
902
2424
8267
8282
2170
6407
752
3064
4296
8773
854
11076
2427
1210
8293
4401
8295
11833
6449
559
1862
2362
2118
4517
4911
10764
10835
4668
3874
11289
516
11168
926
3860
7121
6042
1666
6199
8697
4825
10442
6530
2300
6793
5084
9157
7723
10994
7774
386
11246
6410
8331
9006
6353
10365
8335
6395
8440
4045
8339
10731
8341
8342
7569
3674
3182
8346
3907
8348
8349
5269
6572
7086
8353
1540
9032
5400
11151
8358
8359
4078
8361
1326
8363
8745
9386
1463
3849
8368
3734
8866
851
1843
10334
8172
4406
8376
10886
10674
5992
5284
5739
11732
8383
7343
8385
6111
8387
5891
7935
7595
4839
4238
3675
8490
3820
10425
4308
5130
10485
8400
9409
5083
1894
5366
10767
6819
7615
2405
1665
10867
5434
1070
10146
368
8415
4226
7383
2098
1696
2146
527
9049
8423
9193
1800
8868
10887
8397
614
8430
6560
6960
4977
142
8054
2518
9706
9892
7321
11056
8364
4237
6052
8527
275
8446
2517
1947
11854
4219
8451
6569
934
2753
8455
11901
6190
3876
495
2742
8461
2488
2831
1016
9601
6131
9648
11607
4829
11248
11621
1898
8473
11437
3939
11101
5584
7083
8391
6512
8481
1570
8483
3192
10147
9686
7907
10350
3005
10076
8035
4245
8493
2234
2607
7890
792
7290
10848
2734
4531
4771
3656
11809
2852
2756
8507
5684
3509
1928
8511
9623
5819
2614
5504
6714
5494
4778
4770
6641
2057
11228
4656
484
8546
3204
11823
8528
8529
11108
2726
10432
8533
4944
3043
2161
11791
9527
7262
4838
8541
6412
8543
258
9637
8699
3848
8469
3760
220
5598
11824
1110
8554
10422
2106
8557
5003
7288
5289
8561
5921
9587
776
5839
231
3998
1831
5579
8580
5505
3378
9808
8573
11298
9925
8577
509
7048
9116
7985
1836
6602
1368
8585
4481
10044
10826
7684
2086
8591
2181
2635
5285
8595
2983
8597
2465
1937
7416
7391
9008
6513
2011
9289
6809
2016
8608
3741
3094
2272
8612
8613
138
7852
8437
8617
7448
778
8410
8621
100
7453
9492
6282
7748
2893
4891
6034
7627
394
4267
8500
4842
6501
3505
175
8638
1216
6892
1497
8642
8643
2067
362
2990
8647
8648
802
11953
5489
6429
8653
4629
3826
4659
11895
9717
5281
11385
2185
1751
5387
8664
3918
4202
11755
9410
7824
8948
4310
8672
5212
11610
5162
9497
8677
11073
8679
11240
5253
2364
8683
6320
1861
11006
6081
7341
9257
7840
1795
11888
8693
7945
1854
8696
6323
1521
8458
5496
6983
8702
8703
3631
2534
5298
9610
11014
1715
9110
4883
3560
11060
8933
3604
3267
11751
4554
1343
8720
11211
11778
3780
1783
11042
1803
4921
4989
6594
8571
8350
52
1617
1979
10141
2276
2449
4982
11676
8740
2968
7860
5965
7257
3326
11560
3207
288
10866
115
2080
4763
6962
3615
1006
6018
1867
6433
4520
10037
10521
7158
8402
8764
8691
8766
10382
9186
1472
7577
11760
11941
507
11798
2870
8776
7373
8778
5670
8569
10411
7719
5650
4968
184
3600
3282
3515
798
8790
2828
6485
1458
8794
8795
5067
11550
8798
11286
3450
6804
10802
8803
8804
10492
9780
3992
10631
8689
9678
8811
10021
9705
11805
8606
8816
3650
10976
2430
6473
53
8822
1195
4422
3924
8252
10444
8086
8829
8474
8831
9035
9896
8834
3504
2953
1777
5278
2432
4625
4410
6462
9378
8844
10346
3449
10371
4432
2131
1842
7872
4263
6752
10990
10948
1412
2891
8858
8859
4343
1992
1826
10156
7353
4792
7676
2640
8578
5370
8870
2125
2506
3923
4803
476
2936
8125
5546
6731
10971
9909
9738
5487
1237
9712
8283
4036
9132
4396
8389
8240
3844
5761
9037
6177
8896
9908
8898
8899
5486
9993
11046
6557
8904
9600
9160
5696
4669
10284
6170
8911
8912
3299
9007
3027
11638
9082
3772
5857
4620
77
2397
2540
8924
11788
7670
75
2251
4118
9912
3689
9038
6650
10901
3863
2733
10952
6921
10745
11930
3436
5574
4511
10016
8945
10135
1581
3264
7972
3476
8951
8826
4985
8954
9692
8956
10056
7507
2230
1130
8961
8962
5587
8045
766
11502
9153
8731
8969
11432
1226
7438
3644
1173
8880
7195
379
11799
5676
8980
3784
2647
8983
8984
1336
5137
10144
8988
2800
8209
2857
5515
305
8994
1387
3113
1207
8372
964
1912
9001
4439
6616
3303
7746
4496
6541
7480
10660
2051
11319
8897
2638
9014
11464
10088
376
2482
6788
2293
5814
11167
10703
2089
1109
4075
7604
9028
1634
9030
9192
7252
10057
11521
9695
7111
4283
8823
1063
8671
8036
6003
9352
9044
1891
6145
9519
11436
4826
9050
6327
9052
5066
9054
7398
11509
9057
3301
4022
10264
3088
1197
6037
9064
11516
855
6729
5035
2675
9638
942
8662
10915
2420
4004
2187
9077
4415
6899
7311
4466
5255
8563
3986
591
4218
9087
10166
3087
2707
5128
10289
9765
9528
1156
11457
3551
10168
1963
6786
2946
7193
5771
6505
9162
9232
469
8902
7463
7535
7017
4731
255
2038
3337
8482
3839
9511
3363
9869
8499
1516
1315
9124
3667
10499
9277
5566
9129
5264
4125
6074
1146
8412
4356
5115
8187
11761
6675
6
6095
9142
2924
8832
2415
246
9147
9148
9149
4795
4421
5681
6334
3568
4189
6855
4205
1543
5510
11294
8001
10096
6252
8584
769
3794
8133
2452
9972
10796
7419
4395
8582
7094
9904
9854
71
5374
5349
9759
4534
9182
6884
9426
7943
10419
10322
8143
464
7655
734
11461
5615
7189
5479
1853
9197
9320
4918
4757
4346
8021
6289
6562
9205
7248
82
9208
9209
11947
9211
7862
9081
1373
9215
1536
9217
11967
4779
9231
6304
2731
6630
900
9379
11277
1847
1599
1945
4895
314
9189
7636
1476
11931
9236
3606
9775
9239
9534
9241
4010
9689
4066
2168
9246
10470
6728
10336
2108
3351
11602
940
8853
11322
10834
6940
3032
2515
5359
4781
923
8236
4494
9265
1769
11272
2073
9269
11192
10158
2194
9728
9274
4484
3872
6466
9278
10889
9606
2055
7264
1819
6069
3320
7534
4292
1609
7628
3519
1332
673
7029
9294
9295
648
404
5186
3411
286
8706
10285
2777
9487
8161
9070
9307
9308
10304
5686
9311
9312
7541
8261
4211
10760
7369
1200
6924
4528
3354
10313
7969
5365
9325
7049
2982
5875
3256
11231
11842
11768
10343
3079
3698
5677
9337
9338
3398
4104
1158
9342
2404
1531
10448
2536
4400
1506
10477
9929
5157
974
5015
1136
5339
9226
1386
9358
2274
9360
4980
2154
9363
8765
2199
11890
2652
8644
1260
1699
9725
11030
9373
9374
10312
8163
6306
7845
1642
2878
10808
4741
9383
9384
445
6351
3343
10206
3355
424
11514
3688
10999
9480
961
3843
5241
10740
10525
9926
4215
1722
4365
528
6218
10155
5580
7127
739
7471
9411
3118
4783
8923
293
2599
6326
11640
2660
2767
9421
5817
10827
7397
515
11327
2820
11072
7563
1957
2476
6748
10222
642
10315
8637
8847
6450
5906
7809
9441
10671
8438
2975
4044
9446
373
11626
8108
6702
11355
9935
1881
334
6220
4473
3249
3634
7989
3642
9461
4182
2970
9464
9465
7197
7208
5006
10536
9047
5898
2407
579
9474
7258
4764
574
9357
8192
9394
3486
9482
1548
6585
633
9486
3617
3317
5367
4166
5500
767
4456
7555
982
8204
9980
123
7721
5378
4490
2782
4544
5476
9812
1160
9843
3315
1684
1923
5780
10450
2738
10783
9515
10864
5450
9727
2806
10744
10234
9127
11414
8920
10762
9526
999
11520
11747
9155
9952
326
9533
6898
9535
1019
1099
2431
487
1273
390
2568
7837
2547
9852
9546
9822
3236
9549
4703
4230
4417
3034
1327
10220
3663
3173
5020
3685
10036
4628
2697
1950
7485
10923
3535
11469
9418
248
6180
5156
5601
1208
8155
4672
10925
2022
9578
7345
9580
6719
2989
1596
4925
7877
7693
6401
3254
2471
6741
9591
11807
6027
5196
4597
9596
853
10690
7073
7042
6654
3066
9603
9604
1357
10853
10230
8191
8318
4634
4702
1925
3973
4210
6586
9616
2179
10494
3289
9620
2145
8802
2021
3880
10461
3442
3649
1806
11955
11481
736
9401
3157
6454
8758
9636
4997
2510
9639
8989
6646
7253
6152
11136
6927
6992
8006
3394
9408
3362
10354
7498
1729
3579
7910
8327
9075
664
9659
9660
6590
7025
8963
8590
6735
11765
2821
11903
9918
6107
4376
9672
2961
1784
4209
1415
1267
7938
10658
10201
1782
9437
195
8439
1407
7666
10792
7122
7303
939
668
6202
8581
11113
4187
6130
9697
10258
9699
1358
5970
7211
1865
856
4200
2200
8622
10643
7644
9150
2967
10766
6648
9714
9715
11892
5042
5474
8615
6769
9932
4665
8477
3925
5057
2926
9500
9273
303
201
9731
5954
11825
10691
9735
1311
2097
4837
5169
6912
6380
8253
2865
997
10931
1065
3231
2674
8774
9750
2172
7431
8747
11071
2626
2250
908
6551
226
11344
6717
5931
3985
6370
3556
9766
9880
9948
2827
11633
5315
6999
11368
4751
2592
8537
9244
7422
3097
6315
3297
5499
2776
8515
7126
11064
9353
9976
6483
11665
6933
876
875
873
617
7838
10002
9798
4699
3817
7959
9802
7606
9804
4586
10527
3552
2290
11965
4615
3258
11814
2613
1017
9674
7502
11889
2598
4908
3601
9821
581
8744
11051
11995
1886
11616
5239
5972
9830
2574
9832
2596
2815
6057
4510
7070
8165
11338
9430
1265
4032
11540
6129
3894
405
960
3749
8494
4011
11769
927
9853
91
9855
9989
9857
3200
5950
3158
9025
4553
6101
8576
3742
5693
6677
7223
5112
3228
986
10672
4383
4785
9875
9876
10594
7005
9879
2396
3137
10414
4941
6858
70
7518
3563
2389
5000
9890
8471
11613
9893
9894
6755
2103
5102
9898
7429
9900
9901
10073
6595
3421
11377
3577
9907
1348
5907
9745
9911
8746
9913
8374
5444
7812
1788
8277
9919
8506
2987
22
10549
4048
9476
3953
9927
9928
11835
10749
7793
845
2508
6191
4110
6428
11397
11255
9939
4472
8910
10508
5933
9944
6262
11733
5742
6474
8076
9950
1035
11838
9953
10805
9955
9956
4106
1466
3701
48
7292
9015
9963
2386
10418
5707
3185
120
1297
9970
4946
10601
10503
3062
2409
9395
6716
2416
9979
7456
9905
9982
3103
6678
11534
6985
7079
5482
7664
11434
1097
10145
7678
9994
3627
10200
8839
3196
2886
6146
11061
1231
4130
8967
2808
11668
3583
1996
8733
6525
10291
10012
11371
6438
6259
785
2823
3230
8151
2539
8812
10022
5884
5493
10937
10026
5390
10028
1277
1845
1091
5654
333
10034
9261
9184
2793
10038
6470
4321
10041
1808
2551
2296
3967
10663
4819
11569
10417
7640
3743
5436
5160
5070
3879
7857
10391
7801
8884
8575
3457
2939
2694
2202
7135
4252
2673
193
1127
5679
11620
1254
3101
2359
7027
5715
9125
7549
4701
6753
10081
951
1569
6345
1025
7530
4512
9559
4384
10090
10831
7171
4074
7046
7783
4736
1074
2163
4158
6019
1059
2779
966
1268
10105
848
10958
2232
4673
11016
10687
5202
10298
10114
5748
10116
11180
7596
4049
10120
10955
1426
9684
9847
897
118
5166
5276
10483
10130
5611
9434
1098
1710
4555
268
8314
10138
8939
10140
1510
4994
5897
9818
7134
9253
2906
7362
10149
10150
2334
4547
4164
634
3419
308
10738
9784
7905
9779
5273
9204
7964
7807
7588
7529
5481
10930
948
9643
10171
7028
1313
9967
840
2260
2811
995
937
3703
5079
10182
5946
6709
7145
10186
10187
5905
10189
1577
2882
10192
566
955
4831
5
10381
6835
2999
6682
5837
10202
10653
1107
10205
403
11646
10806
7980
8501
5424
6974
9723
11404
10183
10723
10014
7466
7327
7510
10221
7668
2986
10224
1181
6928
9517
383
11239
3229
8044
11581
10019
2855
3665
9488
10237
6935
3030
4083
6692
1679
10243
824
732
10246
51
3636
1031
2061
2894
10811
4324
6695
2727
2474
8201
9698
247
9225
3099
3775
5848
4930
10265
6718
10267
1868
7423
1350
9259
10272
5008
1982
11604
10276
10389
9214
3263
10280
9098
10282
10283
3454
7731
11784
8741
11416
11310
11202
5871
10882
5406
4752
5948
10296
4768
4835
11578
10300
5747
10302
66
10529
4687
4341
11314
11949
9392
2971
8589
5259
1778
1125
4161
10260
4266
1816
8296
7004
6316
919
6635
7097
10051
3162
1337
1375
10329
952
10724
2728
10735
9447
89
336
1236
10338
9707
10340
10341
10777
11105
7923
10345
10121
5826
11886
10742
4479
5097
4905
11317
572
5389
467
5812
10358
4614
9000
1643
3695
8185
5286
8334
9494
10367
762
7494
4404
6267
6012
7076
5774
10751
1376
5223
10328
10379
3864
5119
1406
7323
8097
6055
369
619
8976
6604
10390
7084
6453
3657
5219
2323
10927
10397
1108
6953
10819
8780
10402
10403
11207
11048
10011
10407
4294
2956
1573
10003
3444
6790
2903
6188
6782
7790
8641
773
1917
4059
3550
9930
8607
8129
2340
1737
10428
5610
10430
849
5940
10433
5228
10435
5266
55
10438
3673
7637
7966
10059
10443
11499
6667
10974
339
6954
6115
8544
10698
2914
2829
4438
2837
609
4671
10458
10763
10460
2955
10459
10463
9916
1198
494
11915
10468
6400
904
2709
357
10473
10474
6781
10476
9134
10308
6593
11206
10481
10979
7477
27
6035
10317
7572
6217
3691
2997
6989
2331
6533
11468
8958
9541
5100
10498
1593
4477
9173
10502
11619
63
11622
1312
10507
69
4633
7895
6066
13
1069
8629
7386
10516
10142
8309
10519
5267
8508
7788
10666
1720
11803
8247
294
592
5741
1560
11667
3963
10533
3886
11144
8840
11705
9404
7624
10540
2683
2494
2358
10544
6295
81
701
3265
7844
6931
4100
10454
2175
10554
6833
8053
10557
1042
10537
1952
7310
10615
6072
744
3714
10836
7428
1910
621
6754
9613
3206
11674
7601
10575
3981
9768
96
5765
9785
7753
3704
11975
1384
6599
9119
2133
10588
7939
7953
10747
11365
9260
10633
2725
7043
6286
3831
10599
10600
5074
11921
10603
10125
921
2428
6414
5609
11772
8384
3961
1756
7112
6214
11267
4055
962
9964
1310
5714
11224
10729
4162
5953
10625
624
10226
817
710
9105
568
295
1481
10634
4800
11858
3065
10559
8867
10640
5384
10642
11288
10579
8034
189
10647
5908
1377
10650
6325
6915
2129
7058
6767
359
2245
6009
10659
6840
7932
7937
7250
9635
1448
6375
3899
6645
11214
10451
135
152
3352
7779
177
4405
10677
4723
1797
3056
10681
9588
7949
9961
6390
882
8742
10688
5876
584
5600
1627
6624
1732
10695
2689
10702
8280
5129
10957
10589
7100
1346
10704
7302
5943
4229
5721
8067
3888
10348
7536
6863
11944
11401
10862
9347
3893
3197
10985
11837
8738
10216
1927
1120
10726
1067
2950
8158
2030
8729
10732
3406
7714
8289
3110
5333
9841
1141
2669
1234
6235
5377
5457
11879
1286
1287
10748
9454
3000
569
5093
6508
11370
413
1638
4516
7487
7808
10078
10916
11279
7275
4682
324
6151
9339
10768
10769
10770
5845
5550
2927
8759
10776
8496
11357
10778
10980
6589
176
1092
9599
6464
9757
7472
4540
205
1249
10127
335
7743
10793
10794
10795
5821
9305
6734
6431
4427
10801
5995
441
8072
9954
10208
1860
8150
8931
10810
9573
2209
917
6653
9420
9760
1650
11571
1563
9634
10821
6342
5667
10305
2402
8715
2938
10621
10412
5808
1879
6621
5178
6133
11641
4236
11828
9019
9165
1689
10611
5969
7150
8117
10845
10838
1532
9871
4899
10850
5237
422
6241
5798
10825
4151
2716
10858
7839
5176
8425
3089
880
4917
7136
11563
7153
10868
506
9145
10871
7143
10873
10874
899
7488
10877
5207
1022
2497
6210
685
7023
1080
7704
8377
11079
6317
2948
10890
5988
10929
9661
10894
3447
260
3746
9413
3956
6625
10709
1283
2403
2844
11617
3148
9681
9938
8624
11262
10911
10912
6005
4593
7784
9730
10917
2035
3533
7402
2047
8793
809
7781
2266
3338
7443
10928
9574
8019
3020
4306
10933
10741
2312
1264
11163
4914
7011
7925
8975
5305
8835
5564
5185
6854
7885
6183
4063
8166
4584
4645
11790
2012
4147
2198
2028
11120
11556
11409
10961
7916
1773
2861
3959
5271
9249
8203
170
10970
9755
1371
1702
9450
4463
4639
7469
10840
8168
7394
4411
6049
10184
9271
2737
10986
197
10988
4650
54
10500
3581
11880
5971
7139
5561
8022
600
6493
6506
3730
11917
1370
989
3410
8422
11007
8936
3846
5379
9331
4680
8985
1077
9247
8429
7968
6691
4744
9687
11744
11812
9414
864
4253
6402
1489
11028
11196
7009
5116
11032
7780
7799
3235
6936
6591
8864
2603
7133
10227
9343
8300
2164
6816
5386
10395
11423
7598
348
11780
9774
6894
11054
4897
11302
11057
8080
5928
3366
11226
7950
1631
4681
11258
684
2277
11130
11069
11070
4002
5463
11278
11074
11075
11394
5874
3865
879
11080
4698
9713
3655
11980
10804
4291
11087
7163
6041
6503
10175
5986
6223
9764
4907
7340
8953
6498
6664
11351
9061
3240
3858
9286
10699
11474
11900
443
1495
11110
1425
5563
2558
4581
1455
682
11117
3107
1388
5142
3117
9164
7166
11124
7978
2611
2264
11223
10686
11326
11131
606
5793
8492
6205
8367
7827
5854
12000
2468
11141
5039
625
10520
4257
4643
483
10148
11410
8918
8357
2622
1453
11301
6546
8965
7687
11158
3532
31
3625
2461
6830
2236
11165
3902
8057
4225
6444
9380
11171
7543
2253
1730
11175
4873
5483
903
11651
3379
3930
7720
5651
9435
11185
11186
11187
5952
11189
11549
3599
9270
11193
5517
10883
1610
3524
1839
9881
8783
3498
6416
11203
4649
1668
4195
11802
5997
8308
7326
5368
4407
4794
9262
9657
4114
2907
9094
11846
800
3545
10551
2633
4814
6099
2049
11115
5917
1970
8210
7523
11555
5063
11688
1124
4746
11237
11238
496
6934
11908
8118
2442
11244
9351
5117
1749
7913
635
3525
10396
11096
11834
3514
3830
5887
8111
7220
7645
7388
1413
7260
4923
1632
11379
4621
419
2142
8449
5060
7850
6582
10577
7702
11275
11276
9577
991
4430
11280
1306
6363
11283
9117
6800
3006
6082
10975
10949
11290
2004
8734
7998
8601
9385
2451
6700
2875
9656
462
4452
4578
2571
1648
11305
4762
678
3042
7868
10162
7653
6398
2666
4433
4571
6023
7603
4134
11059
11320
11321
3702
10851
8157
8063
2136
10910
3216
11473
5423
4596
4840
8838
5199
11335
9190
9180
5053
11339
8680
1625
5353
4857
8724
7033
5923
1347
3806
1055
4720
2634
8565
444
9368
3487
11933
127
8085
5773
602
11361
9207
8709
1743
3112
121
5603
352
6846
5246
7330
1791
1873
3586
4360
11376
6348
1509
4352
8321
86
9161
3190
3140
2930
799
9083
11388
384
3951
10667
605
5381
2003
7149
9011
4903
11924
11399
1781
1027
3785
4320
4729
11415
11090
10918
4464
3877
9256
11989
3213
4198
6135
5303
6226
11417
1755
4443
654
6294
2535
40
11424
599
878
10725
3041
9851
1598
2794
733
5782
4967
9218
8748
5432
3153
6615
6982
988
11442
10466
8821
3194
1841
11447
3765
9198
8263
842
4060
11453
6659
8084
3210
3633
11458
11459
5012
4235
8153
9716
1382
1278
9245
7165
4170
9023
2600
10256
11472
1086
11106
11475
2268
9041
5951
5287
3138
3964
9827
11483
9556
38
11486
1500
185
11489
5183
5562
11492
7287
11494
11495
7385
219
3706
155
3070
361
3516
11503
3711
1748
4797
190
5148
2923
11510
11918
8827
3004
7610
8465
11998
3324
5688
1103
1896
8763
1654
8877
3851
8462
9021
10377
11500
11463
11530
2269
8064
10065
4662
8414
9749
3481
7417
10085
9652
5052
2978
786
5835
7886
9618
11547
8701
8782
608
11551
4904
4177
11554
8656
1678
9109
1140
4784
8786
9502
11849
5217
11672
4366
3495
2609
2006
8030
7445
108
1621
8850
6796
11614
4009
4065
9185
7893
119
5544
11582
10388
11584
3538
11704
5503
7785
5412
6051
11591
11592
3284
11815
2429
11596
1767
1602
11599
11600
6609
10170
11603
98
194
4425
2864
6163
4879
1554
11611
7576
9773
7019
11615
938
11162
11618
722
11601
4351
9562
2528
9071
10441
11470
8304
11628
5443
9669
6088
7751
10251
5118
7426
3890
11637
8079
11740
6724
6491
9835
11643
233
11645
3835
7911
8062
750
7261
9017
10517
6882
5204
1194
4691
1750
2058
5002
8281
11661
11662
6255
6891
11565
11697
8995
10133
11669
4959
3632
3762
9074
7802
6958
580
8799
6359
2715
11680
1964
6456
8525
5518
6044
6937
11687
7921
11689
4108
3072
7854
11693
8665
8762
11696
7509
6613
11699
2309
8322
9230
2842
11257
8890
11952
2205
7205
11709
7776
9772
5290
11713
1874
11035
6952
9860
11005
11891
10199
4297
11722
10678
8531
10558
2665
11727
6831
7408
867
2460
10899
992
11734
1285
10998
11910
7243
11739
11034
3364
5018
11743
10316
8874
9191
7797
11748
6810
11107
3539
11752
9349
11386
3198
11756
9668
11758
11047
5896
1353
3536
11493
489
9666
3521
11354
7178
10079
10136
7858
8475
2684
11774
2681
9544
2766
11479
11779
8808
8845
9848
11783
9820
7583
10331
4388
2289
7942
11718
2000
4282
5868
2587
8223
3977
10815
868
6305
9615
242
7142
7582
11764
9883
647
7997
11808
5726
2081
3165
10616
11420
11717
5697
3496
10932
2344
1876
7800
4391
7675
5078
10069
9016
2631
7843
3376
9581
10959
181
9504
10513
5506
7810
8674
9625
675
235
11840
10566
8444
1434
2718
11845
7769
1295
11848
285
10115
11806
11720
3068
1974
11295
9813
11844
1916
1465
10963
3686
11862
8907
3869
1329
10606
6631
11868
11869
2302
7971
11644
2040
2846
11813
4951
3945
8265
5638
1457
10163
2597
11152
7789
2243
3208
2649
11369
7280
425
7565
1993
8042
3620
9676
616
5529
11898
10855
2910
10501
11736
8916
6874
11905
4437
1328
6886
11291
10431
11309
7047
11990
9807
1021
10908
2758
485
349
5501
11308
5690
1180
976
6883
10209
5458
11928
7496
10785
9407
2575
217
11934
4521
7482
1401
4732
6601
5534
9633
10543
11943
1685
11191
9512
5870
2916
139
15
6679
1658
1096
11954
3222
11883
2144
5009
8659
8813
11961
8299
10756
11964
10072
11219
2940
11968
3428
6053
5163
10486
11973
3244
10822
6860
11977
302
5220
4105
4972
11431
2085
6062
10869
6237
3928
6818
4583
11781
1144
8136
6536
252
1794
3660
8929
8198
1971
5552
