930
8575
2784
9976
10819
4521
7450
14998
9
4946
10842
12
13
3552
5607
799
8042
8172
19
6866
21
12080
14547
2060
25
26
27
15464
12617
30
13652
1975
4829
8918
35
36
434
9706
13658
5142
3301
15110
43
14537
12619
902
9654
508
6991
6233
8493
13687
13977
7178
3170
11532
1730
58
59
11494
7596
62
11444
4057
8939
10968
8257
68
69
6066
71
1497
15652
2211
1673
76
1534
3431
148
15048
7372
2791
83
5463
10580
13823
87
7051
11918
7944
11134
10137
781
13349
7807
10455
12923
98
5319
15694
15422
11806
7167
6368
105
102
10515
7641
8963
13231
11170
2570
113
11983
9896
2542
961
14702
658
13600
11871
8871
15343
15822
13200
9809
6753
128
129
15454
10741
14648
7182
6879
135
7956
1836
11657
8199
5834
5889
14981
8333
1742
4290
146
14573
3034
2287
2602
2873
4524
5744
1057
3674
3163
10271
7911
10557
14014
11827
162
7496
164
260
166
968
10973
8737
663
1370
5721
173
174
7168
15390
14598
15414
10731
1013
2051
10995
183
4592
8095
1535
22
14305
5135
3737
2651
4800
9705
7709
2321
13352
1678
13083
207
9102
6854
10830
15635
9066
4900
206
199
10341
6152
13920
12677
212
406
9217
9798
8790
8399
5274
219
8859
4532
12346
13516
10224
14878
13900
7402
1389
13455
2770
231
12237
2664
4348
12834
1417
10495
3744
8631
240
6367
7713
14033
2644
8865
2703
109
4981
12580
841
5520
10760
4295
12499
255
2033
9388
1064
6692
10428
12761
1999
15416
880
9211
266
5496
268
8707
201
14333
272
10612
7648
13105
4649
15434
5298
8525
9225
15019
2296
3888
15925
12241
13238
11149
3877
289
1069
13820
785
293
10184
12595
1279
297
12938
15187
300
8887
302
303
11071
305
5648
9467
11911
13393
14795
15337
5270
4360
8422
9848
6047
317
8048
319
2947
321
15338
8558
2541
325
9591
13177
13270
11076
14405
15929
2160
9154
3032
335
14751
1551
5574
5844
6400
341
2016
1821
7342
13987
12209
347
13165
8285
1950
1801
3041
12918
196
2380
10372
874
3405
359
11017
8816
13453
8616
11844
7841
2633
2744
14278
7780
278
1935
11079
9958
2648
9179
6325
2266
5688
10436
8948
1624
382
5198
1513
5441
13025
387
11793
3234
10478
391
1776
11281
9525
8174
396
3140
7436
11885
400
5824
10136
11095
12133
10332
8161
3481
7993
13047
15429
5831
10866
10367
414
415
416
417
7192
6071
3633
8620
3502
2240
3354
126
7906
9134
428
13376
13289
2010
4709
2824
37
435
9871
437
15080
439
440
3577
2204
7590
15896
15776
2690
983
4172
5467
12799
15247
7671
15170
7677
6526
456
14688
6435
8243
1186
8105
232
463
15359
465
9345
6819
8639
469
470
5095
2792
13518
13751
15952
14067
477
478
15987
11798
14302
10734
10678
4974
485
8022
15586
4807
12518
490
7866
4058
2959
953
2695
15301
4748
11034
4392
500
4054
14948
10496
11761
141
13156
12838
9281
7811
5292
7508
4104
336
13864
11875
4836
9044
6850
8685
15965
4902
142
523
10150
13796
12293
8836
5580
10013
7647
15244
532
1280
15708
10454
4841
12541
9548
12283
6005
5781
4004
543
9161
5617
4316
12391
3578
549
5788
551
7447
9234
10144
6121
15910
557
15995
15060
560
3833
10117
563
11449
11987
4267
6954
4731
1179
10805
8458
572
15144
1429
4387
8253
14434
7681
11783
12487
3547
7037
2181
4754
8997
586
1674
9059
1149
6155
591
12176
14087
15378
3286
12231
5098
11951
11664
3754
9259
10346
13166
4838
15196
14221
13183
2309
609
10628
2312
11480
954
614
7749
11037
7603
1911
8689
15877
3905
14606
2348
7201
12052
7736
627
11528
4707
630
13939
6204
6135
5523
14445
1753
14059
1058
10267
12593
13465
7390
643
10125
8625
646
647
5182
9775
10880
4033
12449
12646
4247
1384
14362
12429
6313
2551
13358
4109
7383
13259
5378
7263
666
15722
14201
2533
12206
671
3900
13381
2511
675
1296
1006
5509
13817
6559
318
11588
6857
6409
6527
15767
7398
814
211
10858
691
692
4779
9253
14178
6223
7561
3596
11024
12590
833
702
703
13867
5886
9041
15801
5474
13549
710
6616
5551
713
3466
4163
15430
717
493
312
1583
5539
14223
7070
1297
8232
9275
12711
728
729
504
1607
8492
733
13116
5260
736
6500
738
8632
9435
6619
3775
1109
7521
745
7969
15982
4609
13131
750
3321
3121
7933
3591
755
1305
279
13132
759
6396
761
8038
11910
764
11383
13745
13137
376
12874
770
137
1574
773
4278
5733
8065
714
15728
12048
14681
13682
5453
9957
784
5988
786
13378
12027
6925
11682
10369
14273
4759
13797
12674
10033
7239
2013
2294
800
13014
10285
7572
9053
974
7005
807
15533
7129
12910
8648
7701
7414
5594
4991
816
11654
13392
5187
15379
9924
5530
2906
13419
4793
715
14935
9172
829
14856
6206
832
1182
12008
15369
3423
12034
10113
7777
5438
4223
14094
14808
15119
845
7117
5106
4526
849
14373
12511
8744
8389
4293
15399
6038
1891
11695
3047
1694
10986
1689
13070
15484
865
4362
14760
3546
7838
15711
10846
7704
3732
357
12028
4634
877
15172
879
10829
3438
4594
6593
884
8676
10989
11084
13429
11538
11834
2532
11468
12089
11356
12367
8747
14785
898
10078
10903
4503
46
9218
5939
2220
9703
1546
12212
1110
11548
911
220
8276
9358
10553
1136
4347
918
8634
2208
5116
5755
14873
12662
9686
5584
1339
928
1487
10439
8420
932
2225
4674
11061
5334
1040
8819
939
940
1423
942
4809
944
945
1554
947
4720
7369
11066
12561
3660
7935
8428
955
956
8221
4704
2356
960
15993
15867
11576
4398
11493
4077
8565
8908
5904
6157
9569
6676
14554
6562
15522
15963
977
14089
15772
14971
2445
6916
1825
5349
2392
1603
8822
3351
13472
990
263
10394
5567
994
7835
1849
2762
998
210
6689
13771
9266
8614
1004
1005
12985
3360
6845
4273
7816
3783
6516
2997
3175
484
9644
1099
14679
9479
11955
1021
7836
1023
2983
2359
8933
2460
1991
14653
5396
11776
7856
1111
15463
1035
4116
10737
6075
11398
15535
12306
2521
4821
4334
855
2075
9554
5684
1049
4179
10466
14042
15800
2299
1104
15841
11112
2628
156
11214
14449
14481
3565
8962
9426
2385
1067
1282
290
2442
1071
9920
1750
6824
1075
7917
1560
12410
14011
1080
5692
12832
14613
3604
5970
11554
10934
14749
1089
1222
1265
1092
1102
7422
1095
15526
1097
6140
11692
6996
1101
6910
9564
5762
127
7631
4799
11898
14657
15898
12966
6734
1634
6760
10356
1330
568
13679
4032
1033
7606
1536
14587
6370
9397
5888
1127
2482
2052
5882
8173
6795
9108
11330
1135
9029
13315
8924
11715
895
9758
15697
6470
13406
6707
830
1147
12753
4357
1862
7921
1152
1153
10507
334
8658
9016
1158
5452
12152
4527
1162
11814
6355
4893
6864
14551
14237
4130
15551
11670
4311
13674
4384
8745
14035
1228
15576
14833
6159
13139
8469
6724
9085
1185
6934
13372
2271
10112
5071
10645
10295
5046
13907
1195
7898
14005
453
11297
1200
10501
6597
6874
1204
817
9745
11778
12462
576
8272
15956
15384
4064
1214
641
10313
12066
311
4463
6890
14018
225
4555
1224
11380
15205
14854
636
9582
11118
1252
2764
10213
5066
1235
7857
6603
2235
11177
10090
14708
1775
8390
2772
7325
5154
10391
1248
11763
10520
1251
14147
15970
12559
447
15556
15860
3406
1259
5537
2322
6302
2293
12920
14359
6523
2841
1268
5806
15071
1271
13437
1273
4767
8494
12375
351
7957
296
6190
7145
6341
5791
15095
4781
15008
13320
8445
13121
5222
7947
15261
1293
6301
13651
5531
5841
1298
2558
10334
1301
8108
1303
9744
11517
1306
175
5244
12508
9090
5461
1009
4520
5511
14904
1090
4996
1318
11201
12648
1321
1322
208
8218
14288
13653
10648
14951
3520
8152
4788
9128
11559
6272
1335
9021
1337
8434
7478
6592
4917
15258
10020
3189
11974
1346
1347
12634
8080
1350
1351
9602
13688
12036
14570
1196
466
3065
5107
8942
10617
1362
1363
11501
9587
1169
1367
5448
11578
11232
9230
3966
4491
2498
14936
10051
3484
9808
7867
1480
1552
8683
552
1129
6632
5138
4497
1388
9350
11185
9441
15031
13009
638
5521
11072
1397
1398
934
10442
14188
9983
10461
6333
14900
10473
7217
6343
11315
2540
15580
5031
3133
14261
3080
15132
11299
11676
9895
2027
8788
13033
5153
13182
10890
4518
8792
6087
12424
1430
3508
3862
10809
1434
4819
13202
4389
4590
15157
7107
12382
1565
13557
10109
4587
9923
9551
13584
1449
901
410
15204
2583
8979
6574
6567
10947
2802
11822
7769
3266
7389
2618
5151
3319
3498
9192
10348
7310
10699
1471
15374
1473
2619
3253
3786
1477
9181
12695
10585
4405
15717
11757
10278
348
9425
14118
11013
2727
4010
1491
600
11458
1494
1495
9816
9501
1498
3507
7140
13677
15989
1503
9168
10787
5905
6834
8131
1929
566
7180
10296
14807
7441
2427
4321
15084
9095
15831
9329
378
10549
1287
1524
3874
650
9131
10575
5464
10158
6769
1532
1533
6865
1931
5512
7636
14633
8115
1540
6508
10142
628
1711
13778
4217
3886
697
13595
3107
4750
1115
6051
1003
379
10368
4591
13723
1729
14528
10915
14722
8519
3046
8210
3309
5050
12564
1569
4556
2180
14498
9912
6512
3256
4693
14437
1578
1245
275
1355
10924
11718
6447
1871
13136
13285
1588
492
8817
4830
12526
9927
13739
8832
1786
10714
8132
9375
4048
12509
14989
4437
1823
14185
3404
6117
3515
12059
418
9597
3493
11930
14283
15136
1707
4343
1188
1572
5299
10247
5047
1623
1292
11580
6126
1627
12912
4038
9158
1631
1632
3635
5710
1635
5505
11888
1725
9631
11894
216
12489
3792
6380
1645
5481
7147
12697
6030
3758
13241
12041
14844
9731
3955
12195
15941
1658
7011
9677
14008
12599
6357
12984
6084
2486
7977
1668
14552
7083
5374
2917
10916
2573
1041
5909
4873
15249
2859
1792
2071
4071
15766
8140
2986
11794
1687
13988
15969
1446
5728
12321
13237
634
11711
14846
1657
11101
7776
10293
3254
8701
14830
10789
13281
623
1616
9771
3138
1310
1544
14612
6630
11067
8959
8375
3587
11943
1239
13700
9568
1722
1093
4843
13367
3112
1727
6107
1496
6924
2111
8121
10370
10554
2203
2088
14002
15428
11891
5398
13374
8880
9298
1744
4238
1746
9491
8190
13756
10415
15720
3625
14190
9324
3756
5734
2396
10301
8741
6042
11087
3024
8764
13080
593
3313
5849
380
1414
1068
13101
1772
1969
10061
3281
13512
11457
9674
1779
5428
5109
15178
1783
9846
10351
6583
10241
13044
1789
1790
2900
15605
13938
615
11068
1796
12478
14526
9025
6652
6074
5525
2376
1876
90
3967
2224
6678
3070
6184
8703
14007
7003
1814
2153
11029
13807
6702
12932
11082
2596
1822
12085
245
4240
6324
13947
10546
11749
1830
10792
1832
1833
10337
12131
7114
14452
4302
1875
6754
14635
14640
4020
6078
9078
1846
5704
15320
11890
15238
3857
1852
3373
6131
1964
4840
2547
11197
14144
1860
3214
8586
1863
913
9598
1866
13910
5064
10600
9288
2567
5450
6502
1309
9356
10097
2869
1878
4202
2789
13895
1882
10105
14783
1885
12047
3226
9439
7280
15592
972
10
14472
12517
2143
6505
1897
1898
13951
5246
1901
13657
1903
1904
1905
15072
5507
15755
4459
3088
1327
13759
9782
1914
3490
5495
14111
6065
14779
13448
14740
2704
1923
7608
1925
14129
9246
1928
1509
8930
2847
13491
15988
1934
6327
1951
704
11050
9378
5051
12265
6281
11934
4515
7728
6123
1947
4998
6929
13819
3016
11646
136
2935
9933
1956
6640
5111
2343
1960
9873
6659
15594
3222
10216
11666
3152
6259
14486
8874
9716
7096
7297
1837
6589
9040
322
4951
9483
10658
10168
12916
1983
1334
15039
12816
9386
1988
3804
13048
1028
1167
6218
1994
5075
1328
3223
2728
262
3921
11425
9201
3510
2004
787
2006
14863
9316
4597
3282
15951
3800
5898
5930
2015
12458
5838
12187
8699
2556
8228
4041
2023
12898
15473
15016
15944
7380
5465
11048
12770
6216
1098
8425
5682
2007
11054
2038
655
2012
2041
14553
15619
3320
722
13554
10299
2048
12081
7600
14725
4541
13610
6480
8734
2056
6501
1816
15529
24
4993
2371
14649
15915
6889
11592
10828
2693
6116
3849
6307
2390
9714
2074
14070
1966
15406
6942
2079
3078
1266
6454
7950
5800
9129
7420
14728
9065
15940
10481
5630
5785
1202
8837
2095
7209
15555
18
2099
11289
2621
11567
7870
12852
2105
3720
11992
13413
12727
9019
978
5356
15827
613
2731
6003
11340
2118
6816
14909
221
11178
12982
14604
2125
2811
15974
10411
401
6257
7763
2132
2133
14385
8975
10262
2137
2138
2139
8995
2141
2142
14698
274
12567
2146
2147
15452
5784
4755
5809
13575
12735
6841
12829
8415
2157
6735
11633
15712
9954
9838
10790
14977
3429
5029
13789
15470
2117
7074
2171
7569
5727
4449
13324
10226
15327
2178
6036
1671
7481
1828
2183
11007
3331
2186
14652
10201
5336
2190
5073
13772
12461
13634
9652
8468
2361
11460
1584
11279
2201
13795
7408
6901
10085
14124
3173
12841
130
14102
3705
9261
7711
15923
9047
9376
10467
9210
6312
15971
2591
4861
9028
8780
2420
5957
14301
4252
3975
2230
7566
15759
2233
13995
5672
5993
6427
2238
1380
1312
9523
11815
12229
6596
2245
1888
3060
13632
2078
6347
9764
5257
1550
11328
2255
1641
8662
8740
8772
10164
7279
7689
1571
14264
5730
377
9447
2379
10477
5581
14331
14727
2699
14632
6031
2276
2277
3634
4066
5665
4248
3091
11113
13878
14915
14248
4
3536
10029
6093
14655
3097
1665
7303
3816
9432
15817
14555
15961
6605
13090
7086
1170
2304
4895
14549
6681
2308
10877
2310
4970
15319
14700
14975
2315
49
14905
9545
15685
8694
11545
1453
82
1575
1371
2974
6677
8825
5236
10469
10941
11422
15779
13213
6320
5664
2337
11710
12702
7030
12221
13533
8769
10023
14220
11640
6037
2025
2349
8660
2592
2839
15066
7457
2355
13868
2357
123
3482
926
14895
3167
4952
13783
8505
9857
1193
1677
10745
8532
13625
8489
740
2414
7734
15168
10837
15256
7791
12225
1445
3260
5792
8815
242
2403
14210
2388
6289
2072
2391
5105
12332
10322
15282
8195
3082
9427
13833
2047
15426
7135
1978
6018
15824
5947
13629
2408
2409
2410
4076
6146
2413
10277
13422
1794
2417
818
6471
8349
2421
12342
2423
13898
5651
15142
14371
11542
2467
3169
3452
4354
2433
6837
13054
7446
14787
11354
8581
6826
5756
3542
15419
3529
7312
11807
1519
2641
14214
13967
1278
3015
9521
15173
14562
13056
2457
1998
9209
5593
1982
15272
8906
12064
6653
15748
11990
5998
2496
7691
2471
6847
2473
3117
12943
8529
2477
14332
2479
2480
14843
13741
14519
14592
13917
5027
756
8867
2489
15659
10488
2492
2493
5956
12758
11229
14376
12586
14213
3093
2436
8938
13222
2808
2536
12563
8014
11527
2237
7206
2572
12712
13521
13877
3274
1984
7668
827
9199
6541
1042
864
253
354
14344
5347
4573
2528
2228
2530
7351
7871
2239
1970
2011
5510
10665
13274
9300
11287
324
9142
1733
8427
2545
1412
12915
900
2549
534
2330
7612
2553
2554
13206
11462
1681
12119
2559
12431
2561
13577
2563
14218
2565
8814
6486
15293
15148
8249
1198
3767
13210
5748
12435
14215
13510
213
2598
10210
11873
2035
15153
8130
5667
2018
2587
7624
2589
2437
7357
10339
9543
8717
13621
4279
3054
6637
3027
12766
4296
10800
14911
2604
6279
3717
2607
2608
8950
9788
10100
1564
340
2022
2188
13893
4144
13964
4928
2620
10234
2101
4081
2624
10793
14566
3845
12504
9755
2630
12404
12864
10659
10686
2635
2636
6935
11896
3519
915
6496
2642
2643
12087
2645
15038
14699
13482
7072
3981
3932
7978
6655
2654
15733
10088
15521
2658
7148
13350
13667
14298
2663
11700
3827
2666
2667
14361
3697
2670
11386
7467
14585
198
15788
6993
8447
9160
2679
2680
1138
8191
10623
16
9669
15587
5025
4469
2154
1485
2615
13742
15381
11220
360
13318
6720
8480
15235
2700
4237
2702
10038
7272
15931
5718
1751
5406
8449
14133
14182
42
10561
15986
9555
2716
326
1567
8773
15234
5079
2722
8223
883
4550
9549
13604
4741
8059
7471
14972
10410
12395
10433
2735
2736
3057
2738
4126
7489
8019
8994
7410
367
8552
11478
14424
9113
12565
7884
5411
13394
11736
2754
7672
4604
9967
12463
14132
3725
3473
3721
14769
1232
7247
124
6750
4143
4015
11443
8133
4315
3432
5218
365
11598
15729
6581
6913
15275
15669
13570
7102
12451
7415
6294
11011
14525
15976
10656
6034
9308
11973
15199
4211
9921
8623
8091
10160
8834
2801
804
3400
6852
5820
13885
11308
7275
12183
751
10196
1203
8438
11174
13373
11957
172
10889
4011
5263
15446
3064
612
8570
1022
540
2827
13343
12104
14016
9781
3283
6519
12819
2835
67
14469
14192
4982
15387
15795
4975
3308
11950
2845
1854
9762
14758
10153
2850
6613
5348
1676
13754
12531
662
4728
2858
374
11742
2861
3134
9264
6020
4606
14050
9379
3790
7278
14838
6774
12010
2655
1563
8495
14267
3665
1959
2879
9421
2610
2882
11454
3779
15212
10046
3178
2241
14106
11156
9906
11358
7091
4371
13851
2896
2897
2898
10243
5582
11719
9414
4744
2904
6600
7888
8968
14826
3924
941
788
2912
14236
10479
2915
14271
7225
2918
12060
2920
4870
2922
11373
677
2925
1374
9177
13314
9235
14569
11856
7186
2933
15578
1559
1377
15308
15756
2939
10898
3653
2864
7452
2944
7539
10897
6027
4679
4322
8981
444
2952
13479
11782
6742
14467
4132
15356
5716
11804
10930
7645
2963
7719
6948
4640
10250
10603
826
7887
2971
8853
3607
6099
15513
14228
2769
10885
14515
3366
6362
2600
7813
12594
1669
9599
5342
12896
4644
12937
6731
9840
6744
6894
2995
15467
10607
8554
7698
2481
5513
1017
3003
4232
3005
15840
2367
3008
3009
14974
8009
3012
3013
15906
3882
6635
7485
1922
10736
7710
7026
3022
8411
8840
6903
8842
13232
3028
11803
11653
11627
8028
2732
3199
1223
9120
14043
3903
3039
7176
8793
5104
12652
4476
15561
15052
15825
15525
7687
9724
4769
10505
7194
10202
13802
1053
1424
6787
4806
2247
12139
11263
4255
558
10982
3001
15760
7745
6350
5127
339
3072
9147
5310
6737
15111
15899
11430
11241
7640
364
5549
14737
13155
3085
12230
3087
4798
10259
967
7972
6525
5620
7717
6799
12672
13284
3098
11961
12419
5603
9178
14233
13094
10867
8849
604
7155
3109
9337
1542
8076
6243
6915
3115
3116
5176
14367
10225
6111
2217
3699
3123
3124
12988
10389
2116
1760
13544
3755
15367
14249
2098
4853
15534
5421
269
7060
2577
15686
14172
226
3143
14729
3145
6348
3784
10929
8237
15122
7371
15687
13494
9260
10292
3156
2517
14426
5439
12901
10485
9359
6266
6241
15306
4823
1029
8337
1579
3196
3171
7405
5864
8171
8517
5072
342
4424
13456
7822
3181
3182
2416
2381
1441
2458
15024
10448
3963
15948
6638
14411
3193
346
12125
1670
195
8351
15911
14252
3201
3202
5707
12869
11647
9566
12203
3208
14422
9972
1254
6040
10215
1861
12107
14419
14487
653
1819
3220
2721
14885
6572
3224
3225
7260
3227
2447
2571
4078
594
3232
3233
15279
10706
11570
5286
6017
574
3240
8284
4579
7621
13546
10610
7424
13386
6296
3249
9452
8899
8496
13830
15545
1341
3840
15894
15900
12335
13961
14379
3262
12185
3264
15093
73
5371
3268
12049
15523
5980
15666
1249
10786
13195
2790
12364
2259
3215
9766
5925
14546
3872
12936
13294
3467
6882
8524
4188
14167
11699
3292
11600
14891
1701
3296
8709
7708
88
3300
2490
3499
1808
5493
15197
11851
3307
8888
7432
11530
12407
7817
10820
5129
3315
14294
3317
12029
1465
5828
13650
2927
11738
13383
13216
1500
10769
3328
1774
6021
8811
9455
3333
12025
3517
3336
3337
5876
1972
4472
8408
12070
1458
2073
8144
13689
13346
3348
177
3350
2431
3352
11399
9372
3355
2782
3357
11316
10239
8283
13944
3362
3363
13441
3365
1246
8259
14721
3369
13308
6293
10217
13107
12614
3543
5212
6656
14625
3893
12688
3381
2290
5355
11963
15681
3386
12649
230
712
12551
5987
3656
2958
133
12977
192
5928
5484
14714
2803
654
13077
15505
8665
951
10430
163
3994
3409
4000
11218
3412
3413
735
5287
11222
8985
6337
14141
3420
14672
3422
6393
3424
14245
1797
11972
4471
11940
15191
9700
4178
10911
8242
5848
2084
4651
5859
7732
948
3427
15695
3443
15597
3445
3446
8770
182
2529
8330
1060
115
3453
14874
155
2384
13201
8771
13506
12772
3461
4866
3463
95
3465
6254
4593
1659
8056
11933
12077
3694
780
4355
3899
3476
513
8007
5480
10360
399
15782
6353
14956
4582
3757
7149
11191
7241
11726
9366
6450
13124
13894
15962
1489
3527
4391
518
15895
11569
9641
690
8096
3505
1697
706
8785
6665
11294
15905
3218
7292
673
10608
5456
2914
6077
7131
9970
11475
15494
8212
11687
3525
7662
15252
12626
1894
7557
2766
10939
11853
11775
8145
14322
13598
11562
14447
6587
1234
1633
3375
3544
14012
12823
603
14323
13036
4859
8479
14
8482
8207
875
13309
10145
3558
7678
15820
1197
3562
15872
338
13421
7475
14984
8464
3569
8931
3571
14955
7800
3561
15785
9127
11686
548
5052
8327
3581
454
4938
5860
12468
1052
7697
2110
11144
3590
11838
3592
10764
15461
2246
14259
14153
3598
12908
6917
3852
15547
5601
3950
11133
14295
15284
12053
14629
3610
5900
7595
10450
15805
8890
12245
5115
4614
12123
12952
4386
7738
10340
2892
8295
14821
8820
6382
12472
6268
3631
10918
3217
4523
14865
12611
149
14382
3639
3863
3641
1145
4812
427
4621
3646
7805
7340
12103
11632
1411
15217
14453
8114
9305
14242
13060
10756
525
6785
14667
2671
3460
3664
7008
8841
1216
3589
3669
3237
5426
3672
11498
8194
4745
2599
3677
10045
4079
3541
3681
6089
870
12815
1208
7985
8287
7939
3689
12907
5238
7438
9103
3447
5283
14145
6414
11127
648
5070
3701
5062
852
3704
4447
3706
3707
11264
14645
10589
12873
3712
11518
1723
121
3716
7652
15882
9229
9033
5216
13736
3723
3724
13488
313
14914
9842
3729
5961
12430
11531
12256
8001
8418
4044
3147
3738
3739
6406
12904
3742
12362
8122
6452
12957
14897
2325
13858
6821
11523
3401
11270
11361
3130
10744
11350
13442
3759
8497
3761
5995
3763
6186
3765
4176
1274
2222
15377
5680
1079
8696
489
12167
6375
8204
12291
13397
14910
3582
1824
12006
12215
2755
4877
9883
12661
8025
11631
3693
14511
1643
7333
1702
6868
5118
13794
323
3799
13905
8787
3802
9194
6950
13224
9402
15978
12207
3809
11852
10140
11704
6863
4047
4670
11845
9068
5137
6971
9563
3595
8465
12731
3824
7166
3826
12714
3137
3829
10750
15704
5969
3964
7526
5250
15954
2836
11506
3839
9850
11055
3842
9613
3844
6829
3846
4482
15794
13673
3850
6964
11626
8051
4455
684
3856
3601
6957
3597
11630
4019
15098
514
12616
9051
10964
12092
3273
3869
3870
10702
13950
3231
9173
14600
8916
14848
1126
14112
3880
15045
14790
9276
8454
13902
5917
4341
6727
5404
14999
9063
11269
11607
6394
12978
11247
3897
15040
4309
6153
3901
3688
8350
13565
999
8828
1621
7876
822
3910
15351
8759
13293
10420
14987
5207
4184
11904
15061
13619
3997
9024
13728
13594
2302
1761
11298
13957
3929
7809
3931
7927
2849
2955
5196
9557
5288
3938
1219
8548
5049
13963
7881
7987
3945
3946
5304
110
4827
12141
6196
3952
3953
15005
7453
4949
5535
2683
3959
10660
11859
8129
4259
12072
5550
4052
5177
10050
7849
3970
7421
13431
3973
10963
3675
12496
3977
464
3979
7370
6050
13217
11572
1206
819
4127
13862
1010
3989
5331
15300
3659
152
10796
5190
14658
6280
11147
15074
4633
2681
288
47
7830
7931
4006
8185
6721
5750
13948
3778
6433
797
9774
3018
15424
3299
6148
5326
9962
10091
4912
8109
12934
12235
9533
4027
5746
11688
15830
15802
620
651
5363
15307
2019
981
5038
8394
11760
10185
6759
3853
14571
442
3793
12480
12216
4049
12040
13196
8667
4879
14064
10667
1692
8452
11980
10808
5673
4061
6304
4063
4089
7417
8650
4067
2605
7381
4856
3069
14774
495
4749
4554
188
3806
3042
6052
2926
5502
4082
4883
4822
14431
3752
1225
9431
8752
3686
4091
14763
15410
6134
4095
1995
14142
10305
8478
9574
4101
1056
13887
10244
12136
13296
7829
8506
4685
10081
4111
795
2297
9462
4115
9144
3197
4118
4331
5799
4837
8385
9436
4124
7695
7790
4510
12660
4129
11282
2990
4452
1682
1784
4135
14046
4137
10273
4139
5942
878
8361
5248
3627
1250
10670
9146
2187
4149
8417
3149
5491
4153
8395
5647
3698
9236
10552
9567
15927
12310
12608
13004
5460
3311
2799
11004
6239
2733
8560
4171
2767
8627
8655
5878
13901
4177
14707
8250
14339
7786
11601
7203
16000
10206
15190
7955
4534
15334
11275
1734
2478
4193
4114
13501
3999
13061
7828
13173
12941
5629
701
4613
13522
4205
7344
3391
823
721
254
31
13211
7195
12855
9524
9001
2209
2215
14121
4460
13040
4349
2734
4512
10952
527
11677
4228
6291
9299
10833
976
10869
14161
6772
12096
14061
14208
4517
7646
5330
11832
4159
5726
2090
13941
1839
11215
6979
4250
1315
5437
4253
732
14595
6718
13477
12538
15886
11755
4261
7274
3868
3068
5910
14036
12140
4268
9629
4270
3166
4675
12889
9974
4275
2055
7493
601
1521
3025
4281
4282
10416
7019
7305
15230
15283
5850
3787
10198
4074
4988
9780
10630
15725
11154
15344
3414
5446
7505
1817
11841
10951
2045
4305
9104
15243
4308
8383
7885
15201
9509
1614
7334
1244
6297
7101
4318
13813
3259
9805
1867
8813
3554
4325
10107
1448
12337
9478
11764
5297
6622
10237
11721
4335
7294
8371
6725
5370
1556
14713
5899
1617
1595
1528
4765
917
7270
15105
4350
7796
1726
12990
14027
744
10232
8751
10775
4918
7913
14670
13635
9091
10352
9405
4366
4367
1365
171
7872
14693
949
9489
2404
4921
541
10462
4378
853
10671
10431
7347
9941
2469
6943
13468
12851
15485
1437
8852
10754
13192
7358
15491
15762
6275
4772
4956
9471
3344
1233
12542
4403
12459
15253
4406
5940
7904
13417
4410
4411
287
4413
11407
7059
2785
4417
1124
11842
2737
4421
14285
5949
8727
7327
10289
5803
12050
599
9908
12783
7474
2938
14916
4435
4436
2042
4985
15278
7879
13873
4442
8071
9377
4445
4446
10854
11837
6358
9539
7352
9484
808
11874
3304
13250
6172
9125
4495
6892
4461
5807
4844
409
13537
14276
10133
1716
13542
3887
10335
8969
15000
14120
2131
10710
13768
2804
4794
14962
11650
4860
2870
15651
13454
15574
4487
6446
8439
6549
8955
4492
14768
4494
1054
15856
3191
4498
15897
4312
15332
8138
7171
8869
4505
5787
8743
3089
2669
3986
7653
821
13464
4658
4570
12744
6101
5149
498
4218
6599
7364
14797
8387
3866
13254
6747
7658
460
15259
15294
7897
13628
3361
14508
10361
4537
13301
2400
14155
2526
7006
4543
10010
7257
14286
11219
7542
1439
7494
13265
8722
6006
5842
3035
1443
11685
4558
14839
11899
9636
11513
1320
3749
6069
5683
5955
13360
4569
4423
44
2236
2759
5282
4575
11767
4577
12635
856
4580
10098
7354
10590
3609
8146
11250
15863
6664
13827
1438
9945
15216
9262
8643
337
10084
12201
4598
15435
873
3265
4382
15887
9268
7815
14101
9046
6467
5538
9363
6976
4717
9720
15815
4615
6959
2448
11948
1285
9868
11741
12061
132
5921
4625
4626
4627
5340
15608
4630
9361
6767
11649
1255
9676
131
4637
1596
2301
13446
12820
84
12562
14938
383
1207
3397
639
12426
4198
5490
6773
2329
15
8972
1325
15246
1791
1086
6359
3384
6820
1084
4664
8738
7234
2894
3176
7330
15499
15849
15478
11638
7975
5266
4676
10449
6366
15402
14473
8802
10432
4683
8397
13153
2505
15360
3708
2875
4690
4691
2576
14802
1307
487
14204
15393
9914
1611
1020
8251
10759
13333
10834
810
13978
12247
9133
2813
4710
9800
2046
2419
15590
5255
9804
6278
3632
2232
5486
2500
13179
4723
7854
6318
11381
10984
3305
7466
896
8286
4732
4375
4734
4735
10905
8453
5793
14060
12334
2626
6144
4743
1472
4419
12142
4747
14618
11225
12557
5249
11603
13059
2788
1695
3807
8562
2930
1481
4760
4761
4762
4959
7065
3564
9097
1758
4768
3730
13024
9789
1919
4773
4338
15888
12482
14375
12549
10162
15634
13268
13403
10032
13426
10794
4786
7104
2194
909
3480
12031
9256
9339
9852
14197
4796
11445
546
7847
8664
4801
5122
4803
15497
4782
13220
4493
12470
408
7657
11429
3643
8448
138
4815
13716
4817
12111
13424
6922
12716
10555
4716
2077
4607
14493
7616
4828
33
11150
4635
4832
5650
4834
9819
5515
7049
6853
4351
9196
7156
4842
9325
4084
9488
6611
13415
7063
4849
10604
4851
4852
14158
1943
5284
892
3638
4858
12924
2776
9390
4345
13170
15192
5365
6736
11667
6282
10917
1962
4871
4872
11573
4874
4875
5614
9012
12738
14822
12020
154
739
3302
4884
4639
10172
12219
355
4395
4890
4891
8446
8044
8640
5268
8970
9115
14160
14056
205
3326
13611
214
2519
4221
12162
11205
11375
4909
4992
13904
4344
12983
4914
4915
4916
3441
15223
15715
15102
13608
12887
14834
6582
7469
6076
9909
15382
3073
13524
8149
7341
13502
8013
4935
4310
9458
15811
10818
4940
15515
11403
840
4857
4945
53
10157
2028
5522
4950
3329
7191
10703
4954
15456
5273
1243
14596
11332
4960
9124
5014
9454
11242
15163
13737
4967
8596
15450
4496
5858
4922
7705
521
15345
8735
14159
9630
11847
9797
3129
9699
8598
4984
1209
11049
4342
11593
4576
1359
223
5228
4662
2871
13354
8851
742
4638
4999
5000
2837
11574
8269
5004
8341
9841
10551
4272
2280
5768
5011
5012
13239
789
3293
10861
8553
8216
5019
11915
5021
5022
1698
11059
12902
12007
258
2360
14893
5161
6372
5032
3954
5034
11223
5036
10251
4528
15727
457
5041
7547
5043
3747
11997
13457
2740
2491
11820
15550
3270
5436
280
5054
6483
668
2584
6897
15394
13299
7742
3105
5063
2103
4737
4700
3847
3512
1215
9944
14877
7262
11343
14137
12729
14168
4136
15528
3475
8086
12653
12441
1396
13203
12734
5296
5087
15442
5089
1260
6607
4865
11021
12289
8992
10676
12336
963
12919
9784
14626
5102
4324
2214
11442
2091
7925
1629
13096
14771
10279
1488
8682
12415
12297
4388
9934
11238
8392
5120
8898
9810
5840
5124
14304
11463
13409
15288
3314
15001
4192
10255
11209
6840
13693
8313
914
2284
8953
8142
5141
40
5143
6405
5455
12824
7394
5148
1893
11075
10526
5152
13459
2037
5155
6444
1700
11833
5159
116
3141
529
14656
7720
6232
8716
5167
9643
4586
4046
1933
6385
5173
5174
10222
4097
3532
3248
12741
4480
3067
15832
5183
3576
5145
3415
13242
6781
14630
10724
5191
5192
5193
5653
4529
304
9984
3746
7768
2411
5736
10839
7694
5204
14985
4235
1613
14048
12571
11696
9062
7118
5213
2094
8755
876
2182
7949
6779
5220
2966
13262
5169
1418
11321
3843
10662
9360
12128
7246
6345
309
5017
12800
5235
3272
5237
6822
5906
5447
4605
13814
9884
9226
777
1900
5247
15678
9803
10770
15876
12318
12768
10181
4715
5256
2537
5258
10194
6546
14947
10476
12678
9428
15407
1348
749
4330
10835
2430
9950
8266
7601
9367
813
1160
14840
7916
15966
12210
12972
676
3095
459
5532
933
10025
4792
3629
14780
228
10609
15512
5294
13605
9505
4119
7109
4702
5303
7216
5302
5300
8644
1482
13088
5307
5308
10453
3074
6529
1841
4195
5314
106
13911
8162
5678
1190
13368
13329
5571
5323
5324
15396
4262
353
4656
5329
11485
7970
10060
12577
9959
6838
7735
9743
15945
11211
4628
11850
14219
6869
5344
4154
5346
12724
10006
10154
13028
10624
4323
12989
6073
3383
6170
14164
5358
150
5157
13954
5362
4150
10043
7255
12260
8629
2151
3860
539
4905
10031
5373
3374
13221
9596
14756
8604
5379
8966
11434
15154
11058
7502
1586
6969
1781
5388
2172
14676
6983
2150
2306
15459
5395
11130
7010
5501
13532
3636
10666
5402
5403
9836
12015
8698
5407
13654
11642
5410
11622
3511
4686
12708
15700
5416
12388
8423
980
8278
9476
1466
13659
1879
3356
11823
15115
8881
1895
5430
6557
11698
6646
6713
9520
3579
15492
3
2750
5440
385
9248
2907
5444
4374
862
5240
1131
7240
908
12555
6949
10149
6621
11981
12295
14224
5458
8404
15736
50
8308
13612
5506
4152
5466
449
2358
1007
13615
5471
5472
7205
4244
5475
1608
11770
4260
11796
14113
13589
2155
433
3878
8917
1773
4219
2707
13983
3437
11292
5492
11357
5494
13766
4899
6482
6335
1413
15901
8335
6456
5503
8704
8940
10069
5392
7126
4194
14442
6661
12033
538
11575
6373
13075
8135
5518
5519
14281
9818
11190
13480
15063
1288
10884
10338
15118
11240
3909
6647
5132
15185
8261
10402
3736
9951
15347
4332
5114
3358
9054
10797
5473
579
6982
5547
119
10220
8398
10822
5552
1639
14244
6683
5556
12114
4204
14319
5560
4072
13530
15231
5679
7875
9609
993
6136
6402
7591
11900
3735
5573
743
2899
5666
12967
9277
5579
11843
14894
966
7858
14917
2366
5586
12296
5588
12836
14811
13484
2919
8306
12949
14685
12254
14791
7175
5892
672
15330
12780
10211
5445
9515
13249
6662
958
13848
9451
681
12124
585
8805
5615
15721
2787
5618
1399
10711
8087
15325
8526
5030
14861
5626
4764
2347
12262
77
15613
14363
12314
10904
2982
5636
14773
5638
2546
1008
6145
14217
1404
13411
1065
12976
4155
5133
14922
8777
11436
5575
3312
5654
1690
5656
11516
15743
7092
8527
4994
2881
12521
5517
10572
12789
6786
1650
5669
12232
9116
4596
2145
1505
5675
12892
14862
5150
4036
7543
5681
1539
7737
7419
15266
912
6862
239
13857
2916
1818
5357
1016
11266
2820
6463
6797
13923
9796
1290
10344
9269
5131
4055
1647
5706
7116
10487
12134
5533
14919
7959
8546
1332
5715
5168
10853
11450
6585
5720
4151
6900
5723
2844
5232
10740
6439
4298
3359
4784
5731
14496
9693
2977
15933
11336
11923
11230
14678
15006
15572
5742
5592
7637
2120
12174
4297
4574
5749
6274
13458
5752
5753
9200
11913
1275
9460
2586
9961
1997
8935
1212
5616
15145
12065
5766
3796
5823
5769
11732
5226
5772
12421
9050
9004
4001
2373
5778
431
15823
1046
14388
5783
11131
14116
5786
12389
2070
15469
5790
3553
14832
1211
5794
8839
8011
12964
8120
10165
2319
13141
10101
3711
7468
11836
12717
8032
14342
4880
5810
8040
1884
7928
12474
1180
12273
8578
5818
10265
11730
4923
687
3680
6766
13112
9742
14372
2136
15240
2377
2962
6202
7423
9622
5835
11158
6177
2017
2279
582
8502
7794
15281
7688
11419
1610
5847
2158
1767
13462
11514
5572
1936
2668
6792
5856
5565
1537
15025
6687
5861
5862
356
619
12865
5866
5867
8475
12516
5870
5871
2851
2323
7256
8082
2192
4120
10012
5879
14024
6835
2
4547
8510
11426
14356
14850
7473
9105
7810
7920
14810
14053
12960
12926
15405
5269
4774
15273
3691
2263
7967
10419
3474
13161
1360
2108
6219
15640
6217
798
9381
12165
5914
15324
5916
2794
218
9503
13714
2164
11788
2387
7559
1581
6103
8672
547
5929
1483
11553
5644
7523
1974
13035
8987
15907
5938
11280
362
5941
15318
13387
3142
2320
5946
4936
1986
3731
4117
13084
3560
5953
14594
763
6229
10177
10218
6763
5341
3347
6728
5185
5637
6988
6389
11537
10696
3205
15749
13319
5972
4771
12929
3983
511
13636
14584
7981
700
5981
5982
14501
2275
5985
10036
9079
11362
12220
9624
5991
187
9746
10371
3762
2213
6686
12259
6487
6000
6001
3388
39
14123
5389
6328
13128
7642
14934
4096
11312
11105
7586
6014
3811
12442
2984
5130
15758
15844
2081
6022
11903
6839
6025
973
12886
15321
13765
3828
1386
12118
4478
11025
2709
5802
6032
4725
11644
2783
2122
5184
8901
2603
15352
6323
13427
936
1137
14019
10319
13317
11967
11028
6828
371
6057
6058
6715
9320
4372
9880
11056
6064
11323
9939
6554
3457
11679
2640
8551
6072
48
6634
8718
11839
14753
2742
6079
15082
5992
412
12620
7518
10116
8944
14292
6361
12180
8564
6332
7050
5290
10072
3539
5217
8386
6098
679
3774
4005
6663
15438
8508
429
6106
7643
575
2816
6110
7337
14022
12666
7373
14599
2196
4174
6118
6119
13993
9769
15194
7015
7189
13986
15904
10486
6128
6129
13214
14565
13668
10771
13181
633
11116
6137
12063
10857
6331
6141
7444
6143
8485
5641
1499
5627
12771
6149
8442
6151
209
1600
3076
13271
6156
10468
1036
4380
11675
6161
10408
1912
1644
11206
91
693
6168
2765
2342
6188
11881
3524
6174
1525
6176
6568
4934
6927
9106
15883
6182
64
10601
6185
15620
15106
1375
2795
10111
10826
6192
2534
15403
6791
1965
4968
481
13936
6673
6201
11729
569
15055
9487
10365
6411
12539
1755
15358
6211
4989
4680
1766
7669
8803
4313
524
6700
167
12138
4701
9254
8748
11456
8274
2506
13666
15621
6230
11461
8535
1425
950
13408
13114
13475
3766
3084
6240
14674
12630
12885
8854
7497
6246
9082
7190
9790
2040
9038
3801
14232
5001
10270
12718
13798
6258
10955
9619
962
7214
6263
7582
13626
1799
6267
1415
6796
3671
14793
8573
2449
5558
10556
6276
14290
1454
1829
15090
1728
13305
4430
2407
1261
6286
13669
6288
8923
9475
14320
10593
3403
13292
15667
5178
79
6745
6299
686
1294
9245
7880
15936
6305
11233
719
14410
291
6310
6311
3902
2884
6314
6315
8863
15100
13676
13030
2806
3430
6545
4112
11088
13912
11114
9223
7350
14169
7359
6154
10722
1990
15020
15436
15540
9560
4021
6339
1566
3216
15029
2021
8374
5231
5009
11080
15991
3108
9387
11440
6352
5264
6354
1125
5241
8436
4542
4645
15710
7740
7774
9864
6364
2768
8827
1323
11661
5065
14809
8531
2888
12917
9621
7120
688
197
15254
10318
4102
11120
1378
55
6649
570
1771
12076
15531
10573
5459
6391
10231
8798
2631
12390
1704
2937
10619
6399
7204
13697
12308
6403
13230
1103
7741
2612
3927
10567
5743
7028
13564
6844
3837
6415
9401
7611
6418
5990
10456
12408
13616
3662
6424
10669
11189
14107
836
11346
6430
1782
12100
14881
1718
4122
3263
1942
6440
8036
14765
8750
6442
6443
14965
12749
14203
12627
6448
8476
2443
10841
3322
6488
13356
10920
3459
12213
5221
7268
6460
10500
7598
4692
12796
6465
6466
5005
3219
8277
11252
10002
6472
9887
2720
7803
4009
1915
8000
5
5078
2268
3052
13086
1451
5890
1853
5999
15386
1599
10605
14969
7407
7584
6494
4560
10315
6497
6498
9242
13640
12002
14254
7172
5913
8346
8897
2288
14522
14439
3066
8139
283
7249
3114
9267
7756
11342
295
15930
2508
6437
11414
15182
2395
11792
9876
14330
65
562
741
6531
6532
14597
734
13245
2805
1258
4258
6539
1142
2520
12501
2781
6544
15354
6340
9121
11543
9434
7115
11813
10016
720
10558
12268
6556
5895
15626
15193
7551
6561
805
1558
4932
2625
15862
725
10865
6569
6570
6571
2281
9638
3153
7329
6576
9851
2964
11857
5775
15693
3207
15559
11036
4525
9407
10542
6175
13066
6590
3458
6388
5110
108
7307
3298
9626
13279
7187
11329
3933
11064
10209
14636
1737
6606
15447
6608
11
8789
250
4458
11382
6614
9107
12406
7067
2969
3941
8483
1877
9579
6623
5408
6625
6626
8407
6684
9534
1166
4566
1385
14465
1143
8540
595
13553
6404
6639
15859
15924
9323
12893
3101
6645
11645
2996
7261
4738
12935
2539
1800
2465
9189
12667
14086
6657
1408
7630
6660
9675
3477
8463
4845
14420
14930
6691
7309
6669
6095
14414
6672
657
3652
6004
12055
4168
14514
12861
6680
12370
6560
4933
1338
4141
11376
13180
8730
1000
2468
10343
9691
6693
6694
6695
7433
9364
10307
9461
14407
13558
23
8241
6704
6705
6706
14457
1913
6709
14069
14805
5965
234
6714
1002
13881
5223
14099
4337
9750
12075
8619
762
2797
11402
726
890
15151
8775
12414
3580
3297
11539
6566
4465
3075
1649
11041
8039
767
4678
14338
7703
12621
10363
2501
3125
12151
6749
7996
14738
8583
4427
839
2682
10919
11391
12042
13869
471
8310
6762
11455
6252
9664
13402
358
14996
1531
14994
7563
12194
8451
9252
5526
14122
12628
5136
9423
4770
3588
5868
910
6784
1155
7081
5189
6788
12236
9393
11744
1813
5705
14939
11335
6269
782
8657
14823
2316
12764
8474
6803
4661
1410
1745
7914
8063
6809
10067
2629
2253
1908
6814
10629
2950
6817
15209
3450
12327
2672
6163
10782
7589
1957
9585
9860
15331
12398
15409
6831
2761
145
8941
15362
12505
2434
11103
13968
15602
5595
9847
10086
4156
510
1150
7227
6887
11090
14378
6053
10672
9353
11295
8636
11927
7426
9662
8688
4504
13366
5687
15698
179
12277
9086
2998
15156
6650
178
4612
5035
4243
11165
12624
9480
4694
5351
10272
6880
6881
15009
6883
2523
14777
4073
12024
5489
14065
9152
10183
2031
12944
8314
5524
4937
7683
12402
6899
12726
4894
6902
13940
2657
2713
2205
12831
1070
12524
8656
9417
9655
2513
6914
2300
12533
13914
15598
2339
6920
4978
3442
5060
11122
13757
1602
15861
486
8068
6930
7792
1652
9827
1161
2637
4028
6937
6938
3531
13158
1667
392
988
2082
6945
9801
9485
9391
2708
3709
14196
4855
8329
13037
7463
4903
11423
12540
4616
6960
11051
13507
6963
6833
6965
5077
467
6968
9251
12644
10269
6972
6973
8513
1785
8203
1107
5320
9282
14567
15967
2718
5500
9318
15937
8247
15947
15232
6989
4107
11512
12969
5262
6994
4131
2314
6011
11771
259
8779
6445
5732
11355
13487
12001
10729
2726
12720
4980
2402
8424
7012
2544
3136
4622
15601
3053
7018
13704
9748
8136
7022
12777
9092
7725
4943
12137
3948
8833
2264
861
7032
10913
4677
3284
7036
13016
7038
7039
2156
8320
6273
8659
5608
4133
9964
3436
8649
3164
9718
14593
10444
9241
4611
9118
7056
11435
4752
13340
5449
11254
4684
13724
14427
14458
2502
6617
7068
8530
6893
1735
15775
14578
15938
7513
8973
9197
1130
1594
5542
2555
11406
8231
13979
12781
12110
5624
7088
7883
13388
6105
11487
7093
7094
7437
15662
7097
3915
7099
8393
9940
1192
14662
4787
7105
7106
5224
5394
370
3548
7111
9465
8366
13444
12615
9578
846
5825
4919
5413
5205
7804
7123
7124
7125
1455
8057
7128
12129
7929
3183
7789
11091
8102
14421
12603
2715
15140
4319
14912
8786
3944
292
4869
12106
9055
12968
3184
1001
7150
4641
7152
9457
5068
5541
4610
4727
7158
4888
6515
7161
14694
7163
5619
7511
14461
7162
15846
7169
9966
629
11525
4393
4201
2331
9783
9905
7228
2779
2748
7181
14098
9702
11073
7185
1506
8160
2843
14146
8402
14417
1762
7193
7413
4213
3486
10017
7198
11195
4479
10132
9922
12455
13143
1937
13168
7207
7208
12681
10806
2800
7212
7213
1187
7215
3605
2823
14478
7219
10768
2876
7222
8568
13097
10959
6260
9445
10076
9640
7230
12792
12845
14801
14819
7235
4711
1391
8835
987
2184
2121
15078
15104
8302
7245
6100
4092
14664
3614
10957
1666
3528
7253
7254
9785
9695
14455
7258
7259
9828
7052
14883
12600
7264
6180
12127
2753
13099
14357
11780
516
9588
11624
6633
1416
9344
14750
1263
9949
6804
7519
9443
5315
3713
14383
7286
3364
7288
4721
12987
13263
5997
12558
15495
7295
11143
10705
2948
9346
10238
7301
15139
15042
7748
1619
9727
9333
1189
4160
14040
5804
7626
4660
10074
11027
535
7317
7318
6588
11022
12450
12993
8956
6264
7799
7326
15950
7387
3567
11935
13257
7332
2446
13698
7894
6907
9537
7338
7277
11968
4422
2838
7574
4206
9137
7443
13081
6690
2495
7633
9043
15150
7353
15036
12044
15628
8069
15295
8092
3785
15539
617
7430
12093
5337
7366
3026
2771
12882
12112
14723
12166
10948
10882
86
12340
13519
544
14724
224
602
11167
1011
7311
7385
7386
4776
7619
5206
15852
2575
7392
8090
1543
7982
10321
3993
7164
1419
7400
6986
227
7403
12198
3172
5322
15865
6253
7409
11405
792
8339
11065
13732
13244
4444
7078
10437
5759
14369
13919
9955
3393
7470
8617
9760
8229
15875
7429
9494
15425
6688
10079
13255
13483
10570
11192
13705
5055
9306
9562
10513
8111
15011
1592
11384
4682
3092
12951
9071
1708
14117
995
5350
5380
7456
1486
4804
9704
8498
14072
7462
2272
7464
7465
7425
5424
13889
11005
1174
2248
7472
4831
9429
7743
3038
7477
4051
811
4789
5610
7482
5857
15855
15611
8608
6825
2951
330
12572
1442
11671
8456
14134
3150
3407
10548
7498
7499
11372
6575
5128
10560
5243
15265
13934
4986
4931
8926
7510
6811
10199
13534
1719
8883
10651
11175
4703
4972
7520
13125
9354
11765
7565
7965
6871
7527
13646
7529
14817
7531
9687
5536
14851
7535
7570
4128
9049
6308
8299
9786
13734
7368
2372
10387
6806
5076
10388
1795
7550
1715
7592
11108
14926
7764
10980
3530
7558
5179
15575
5966
7562
625
9011
2000
10732
14953
3285
14682
2066
12566
10252
8557
15902
14308
13001
2980
7578
12272
15527
2163
5103
4164
12161
8053
6013
13282
13414
1074
6891
12979
7173
12715
15745
14824
15604
7597
6462
7599
51
13808
5289
10717
12584
11613
6908
7179
1924
503
6090
11400
13290
7613
11265
7615
15364
4887
386
13763
3521
3243
13784
2127
2588
15591
9464
7627
12870
10780
12867
9408
7632
12130
15062
4908
8292
3213
6895
2965
3433
2175
14853
10631
7445
3676
4567
12752
7555
7649
12818
13782
14888
15287
7654
6133
622
2318
8796
10077
13776
11479
2001
6300
12763
7665
10054
12520
8336
8192
3212
14601
6338
3128
7674
8227
3805
8957
2173
14266
9322
14796
7682
6055
9708
7685
4283
14643
3537
6007
4708
6506
8214
8213
3051
15684
7696
1493
4589
1806
14870
9357
2389
11388
6966
4086
7706
1444
7918
14665
10147
12178
7313
6761
153
15953
11774
10257
7503
8782
6535
7721
5693
7723
14001
14193
5281
12453
10749
7729
7730
15336
11707
6309
8432
15646
3399
3204
13492
7739
13613
3556
15558
12812
473
4264
8516
15101
6306
6179
8733
5559
7752
2932
9829
12312
7973
2229
4599
13580
12721
4105
7762
11320
8020
783
7766
4008
14730
2522
4340
1873
7772
15088
9690
7775
7842
11681
7778
7779
369
7781
7782
1066
12190
11466
12532
7365
607
3261
3606
12168
11970
5499
8079
10881
12416
7797
13639
1218
13167
13390
6303
4746
7043
7459
2562
12801
7808
10376
12813
10287
13436
3144
1229
2289
13312
5763
5815
13760
12387
1302
9856
2993
7824
7825
3832
12084
9584
1331
1778
9334
7061
7287
15257
4207
8875
7837
5425
9440
3668
1612
6919
4210
12155
7845
5908
384
11409
5414
13076
9093
2199
10682
4549
7855
3808
7075
15857
12464
5251
6510
13212
13098
2706
9793
752
15290
6998
7869
1868
10707
2426
2274
15569
598
14646
7938
9109
5390
14659
14270
1426
8433
7160
3768
2026
2860
2191
7889
7990
11723
3083
10397
7184
11762
7896
5400
3685
7899
10342
13777
7902
2747
2435
12809
5960
10143
7908
7909
2675
158
6063
6710
472
15096
13466
5658
5589
1037
9067
14959
10974
3194
7924
1134
7926
11629
11560
7095
9403
6271
8599
15979
15268
727
6723
10803
7291
10328
8343
9649
3603
5918
5418
11063
1077
5634
4013
6290
9297
15103
4642
1256
10872
15468
7747
10471
15734
2507
14479
15508
5007
3157
7964
4291
5215
14980
13058
7702
3244
1270
5660
12378
7974
11035
7937
5134
7802
8030
13243
14299
3914
4929
14194
10176
12992
4910
8239
15673
7890
7991
3501
11526
7994
2466
9003
4648
361
7119
6478
5855
11502
15443
9250
12637
5548
9307
7025
4220
15353
2634
5233
10690
4265
5514
11716
6975
8018
3883
9761
4522
7827
9717
14200
8477
7714
2096
2940
12525
11734
15682
2647
10041
8034
11288
2353
5278
85
7968
9823
1604
10190
8043
13918
10615
13391
483
7979
7581
8050
8736
3165
12773
5279
2221
6
11097
10827
2662
2773
907
8062
1421
13150
14591
4953
8067
7455
10844
7132
12365
9081
9917
3118
1516
13960
11470
12270
696
45
8081
5875
1383
2273
8085
9747
8556
4714
791
806
1357
3011
13331
9056
11641
12585
3332
5902
10664
2943
2030
1838
1855
8104
4990
10214
1843
8367
5317
8110
4833
8112
4085
2064
13541
458
8117
14542
8119
14818
14384
7514
12914
5872
14433
4249
9707
1646
6061
6436
9807
11199
13982
15791
7248
13122
8137
11115
5354
13057
9317
5140
8143
3245
15623
8197
8147
8148
10685
8150
10064
7079
8845
8154
8155
887
6464
916
9946
6551
7733
10498
2024
8164
8165
13032
11689
1024
3851
9473
12601
11415
1810
5353
8175
8176
8177
4056
4358
6703
8181
6732
9870
6534
5691
15400
8187
10578
991
14471
11256
13859
3021
8222
11104
8196
13157
3257
1902
4901
4848
8539
3956
10384
13527
8206
7221
12700
10886
448
3996
881
4603
12671
3295
9552
8217
3030
4942
14328
4162
14492
10005
3951
14813
8226
9561
7089
6139
9911
6374
13568
151
5108
8235
12264
9869
8238
14284
8594
5271
2908
14150
8244
8245
11668
5180
6083
4513
533
11989
3288
4245
3160
8255
8256
2942
4412
3367
10618
577
8262
730
4499
1654
10910
12582
7546
11999
7252
3155
10019
5417
3154
5927
494
11500
15631
316
8280
8263
12343
10758
11469
349
10426
4300
13588
12686
8290
15562
14964
14782
5901
3428
5126
14684
13998
10539
8300
8301
6793
8303
425
9167
5053
7788
10197
13348
10135
7625
8312
3468
8240
10504
9855
8317
482
12598
13337
8037
8322
8323
8324
8325
6953
7306
6469
13401
14864
885
15985
3000
3696
10855
1705
78
4536
13747
4846
4352
4280
8611
8421
2988
12326
10146
11786
14247
2606
7406
13304
1319
8354
8355
13247
2167
7343
6517
13573
9926
160
14513
3188
8365
11148
14095
8695
9994
1703
3340
8372
6086
7575
5796
15137
10849
6193
5058
1420
5040
1238
5361
7963
9010
10095
15625
329
7139
10668
2560
1993
3538
2286
13189
5008
6102
3642
9802
8400
8401
5635
3094
6846
7886
7549
6016
3918
8409
3177
8004
13672
8413
4242
6658
6250
4026
6431
13764
1349
9430
3889
476
10275
38
8426
270
2114
13508
11363
9295
2814
6070
10953
4314
3516
4088
15778
15113
7576
8441
12179
12641
13996
1530
14716
11828
15057
3622
8450
6876
4062
2891
12192
14052
11124
10752
6530
8459
6711
8461
10189
12360
8879
3822
12552
11486
9039
12018
8470
15363
8472
8473
1177
80
9060
11262
15670
8823
8757
8481
11712
7759
4035
1683
11892
6533
2049
3063
8490
4060
11408
14450
13937
1741
7818
14837
12004
11306
10042
7833
2909
2134
8504
11015
15496
7783
11106
8509
10894
705
12158
7707
8514
15920
15073
186
12776
9174
8520
6108
3961
8523
824
4402
5612
12488
2818
13556
7069
15051
9637
41
5568
11186
8536
4657
6392
3228
7715
8311
6247
8543
8486
3848
1909
8547
14423
6601
11544
8671
1236
2883
4173
13841
8810
6756
13130
10621
8876
13866
12384
9729
7922
13684
8566
8567
2638
8569
9205
14034
8572
9508
8574
10022
14151
2710
8260
1899
8580
70
8582
8188
8015
189
5422
11863
8047
6648
8946
11684
8592
8593
12980
4147
3626
5885
9542
4475
14842
1927
5028
8603
2689
8605
616
1119
8168
15208
8610
100
2714
4165
5685
1063
7322
9603
8618
4399
3960
15573
7339
10400
8624
15792
14538
5375
8628
5377
8328
7553
7699
6764
1277
4329
11318
3971
8638
13344
11524
5973
13362
10159
8512
8645
14990
13470
12150
7048
8824
8958
12732
15596
8654
15355
11966
6741
7486
4601
15326
10875
4094
12009
9279
12300
9507
2994
10891
8669
4862
13039
12274
6624
13175
9992
11291
9289
3988
3666
12705
8681
5113
11795
12573
6739
1691
1199
14396
8098
15612
8267
11609
7945
1428
3741
5814
1640
5387
15056
8700
5874
9347
13991
286
13509
238
8246
3522
5609
4353
10713
15833
3479
8714
14992
6493
11922
1038
8719
104
14799
4561
14924
2979
10382
2524
5162
15044
8729
12739
8731
8732
5698
3925
1510
9660
5968
14343
8739
758
11714
14882
15448
14503
10333
7427
2344
3456
8749
12305
15195
11166
11379
13835
4666
11971
2724
7495
12454
12579
15740
3419
8922
15858
4448
8766
12149
3612
13627
13353
6330
10317
14189
3690
6729
14398
6675
4050
3990
1807
8715
14096
4370
15660
9005
13322
10182
10124
10568
7980
5253
2334
3014
5311
3050
11617
8797
10354
7348
5865
12909
10174
5230
2579
8376
4739
8807
3879
7046
13298
3127
11772
15777
8097
2267
6265
7243
8818
5694
11483
8821
12687
10208
4652
1181
11268
7355
11879
10127
8830
15483
2336
6351
2197
4451
10928
12755
1168
1468
12298
13430
6231
10813
5171
7491
6877
3859
8848
3106
8208
12379
14764
9080
12965
8855
1805
1264
12710
7267
14456
13583
5093
9570
6912
5839
5606
9114
11338
938
8870
15891
8872
11870
6377
3987
15709
7044
2886
13883
8809
9088
10933
15553
1269
8885
13976
15552
12647
11184
6026
13860
14227
11849
4835
754
2945
6207
14015
14663
8900
6043
12625
14381
8895
11395
4414
11052
12737
8045
8910
244
8912
8913
8561
8915
3876
5485
13297
8919
14110
1286
8106
6911
13260
1055
12835
8909
3692
8929
4186
3570
14711
14692
2826
5261
8936
11872
14234
6224
4098
3645
2424
15738
3718
13046
8499
8680
5265
8949
10967
165
8952
5633
4239
14013
13718
7863
6798
12899
8960
8961
1140
5936
7528
8507
8440
4718
10893
2725
4863
9370
4655
6802
8974
6771
4926
15130
13467
10569
14275
4777
3044
699
8984
10816
12348
4600
8988
422
14195
7635
7744
14668
10649
14149
5020
14293
8998
15376
8934
10303
15763
9371
5545
14482
1940
14732
9008
14165
9112
15466
15335
7784
9014
9015
5561
8180
9653
3103
5622
10037
4477
14464
4618
2397
15303
9522
237
2243
9030
9031
970
5469
6558
5926
3049
3471
10395
2174
1014
8768
6827
14829
15919
5067
13404
8774
6009
14706
13949
4191
9052
10743
7080
2991
8353
13831
9058
13845
2516
747
8008
9162
13440
15847
5100
5312
15799
8844
4663
10483
8170
7954
14687
3327
14575
14432
6376
15203
13882
6696
4373
6503
9084
1184
1788
4196
15934
11248
10207
7962
9498
9529
9094
3506
11926
682
5854
9287
9100
12746
12157
14715
15133
9469
6708
13861
3345
1585
9110
4003
12927
6029
15719
4269
13791
9890
6967
9119
8017
4516
3316
4485
13042
4814
10066
15568
15340
15842
11949
10626
13601
10062
5689
3703
12490
8362
9571
5646
778
12974
13758
7411
4885
10373
2444
7726
5285
5194
4346
9151
5826
9007
9233
6952
9156
4474
4483
14055
6580
9018
4501
13209
4408
11245
9166
6842
14186
28
3733
5935
2054
2488
12589
9897
7767
7031
1517
375
9180
1478
9182
2282
4224
9185
3728
9187
9188
906
9672
2317
1467
1874
4854
3242
14860
4572
9198
29
4930
2002
9202
9203
14310
2777
9206
1390
1247
9623
15127
14430
9212
11261
7157
9215
9216
3255
11327
2936
7349
9191
9222
1034
11489
11610
13899
11556
12011
10163
4025
1015
14366
13029
5343
7321
4654
5686
9238
12759
13199
13633
14044
9243
1973
4274
3962
13023
3919
14352
5044
7820
5597
5478
15814
15696
3061
9290
14128
7843
10422
8396
11557
1295
3119
12323
15530
11401
4588
6295
14617
10261
10753
1706
7524
256
12309
11161
8334
2129
9314
3055
8209
9283
7165
9285
9286
3418
8613
5376
596
9291
9978
1361
9294
7639
15614
10205
1173
6666
13055
9301
9302
9303
15313
9953
6536
10565
2193
15504
9310
9311
9312
5863
12476
6238
15322
8141
8673
15503
15581
2369
2219
9195
5170
11305
10482
13109
9164
1520
9330
15880
7509
3102
9575
8319
14003
3110
8443
4509
9340
4059
12583
9343
3483
4808
7299
4401
8049
3451
9879
9351
9352
9688
7522
13438
14477
7251
8609
7034
15747
4742
14296
1164
10253
10115
4439
15004
13326
4763
15166
7440
12837
1479
4304
12086
14403
3454
11662
10962
9380
9186
9382
14177
34
3650
7638
10080
12475
9389
2307
3777
9089
6542
7218
14762
12397
14967
430
2877
843
6995
7995
14735
10773
8125
9406
15839
9712
4551
5897
12051
9885
6225
14518
9531
9416
13380
624
9419
6495
4187
2362
8307
4868
4719
11901
8224
15043
12351
8363
1120
13228
9433
11959
5777
10517
1032
9438
3821
13539
7787
5316
5082
12352
6249
3387
4636
2905
8800
11754
3004
13142
12973
10200
11276
10718
1743
1514
9459
790
6699
10441
10030
10102
14402
9466
3425
9468
13364
7033
8101
9472
12995
2422
14408
7159
8965
14563
1780
5950
9481
13953
12121
2086
1939
2119
12199
12676
13154
9490
14287
9492
724
1944
9495
3394
1059
14325
12448
9500
5385
9502
14100
9504
12547
2978
7583
2032
15892
9510
5259
10627
4022
6878
8637
9516
6524
13171
12587
10635
8549
10528
10404
2623
394
236
9682
5433
9956
6162
13775
14211
13336
5254
247
10961
10049
8783
3890
3813
8726
14500
452
9544
12733
9546
11636
5943
12253
9550
13769
3895
11876
1217
6197
9171
15032
8382
565
4284
12568
7512
685
11314
9565
11996
14918
6277
7276
2313
4957
2949
117
11998
5924
9576
9812
1906
12495
7997
9581
3695
11348
4650
7439
11635
10421
12500
9589
9590
13286
14641
15348
9594
7538
10228
15089
10399
13357
9661
8379
6618
13287
9517
9605
6094
13204
8666
6932
13164
9611
3726
8861
8321
9415
9616
15658
9618
10650
6629
9139
9057
8812
5186
9220
7712
299
7680
8670
12913
1394
10817
1171
10562
8064
5498
12999
10868
9639
12933
2451
9642
12747
6812
9645
11301
14752
14510
7941
10521
9651
1736
13576
4428
6671
10230
9657
9658
6321
1587
8600
14191
3818
9547
1490
11100
9891
15455
13535
9670
10825
10625
7851
11140
1662
3269
11985
15286
5764
3489
13291
14961
9683
6398
3700
3780
203
1628
9689
2085
6999
5989
2218
507
1121
2365
12263
9258
561
2853
11278
3478
7814
11522
193
7753
2723
7684
2874
9710
9711
12891
2226
15764
1770
2461
8023
2212
15007
9767
11816
9722
15091
12003
9936
9726
10873
7798
2616
6504
13974
9732
4068
12122
13722
11387
14166
9738
14731
8756
9741
11508
9968
1304
3770
5364
4443
6113
9749
12894
14317
7844
15251
9754
1151
3439
14154
5359
1601
5203
14827
13578
14409
15149
2590
4103
8868
6974
8193
11198
13720
6407
9773
9221
12502
5933
12728
3795
9779
7770
3135
2921
6167
5172
2257
9990
3549
6738
3980
12339
8978
12606
7304
4473
9795
6758
10034
14077
9799
4911
2697
3162
13050
9274
1636
15475
445
5039
11438
2632
15476
14932
4778
5920
13581
9368
14216
14435
488
10089
14321
9822
13680
2646
9825
9826
996
14736
7754
9830
886
9832
14212
10751
9835
4236
9837
11579
6701
9341
6615
14993
526
9844
9845
7378
13696
11074
2515
13622
11585
10748
14845
1812
14460
10326
8484
12156
9859
6651
5488
15959
502
10801
8537
9866
9867
7840
5795
8183
640
9872
14943
3398
9875
12762
12868
9878
1580
6062
5470
13140
7289
4303
7567
3495
8342
9888
9889
333
774
12683
9893
10687
13597
10733
12713
10188
9899
12331
4907
9902
4276
7801
15828
11810
9907
75
4927
9910
3702
1573
10156
5702
9915
9916
10534
11616
9919
9817
2796
4578
1393
4327
757
12301
13435
9928
9929
9231
9931
9932
13586
12147
9935
13306
14509
9938
4222
11660
11566
9942
7620
11897
584
3559
1850
13725
9224
9265
2063
12668
12975
1492
12069
2778
426
8896
2831
10766
15081
15624
2985
5962
8410
15672
2475
7952
11473
3045
9971
9006
9973
11042
9975
9733
9977
9292
9646
9980
959
9982
2198
5429
3195
9986
2472
13890
9321
14004
8416
14869
14091
13332
13342
9996
7793
15361
10130
4665
13280
3079
10414
10004
10308
12347
12286
4320
12279
14767
5061
7002
12057
10810
3649
3421
14616
12691
9820
15765
15881
9772
8712
1356
10512
12191
10027
9987
12292
13712
2126
9806
12821
5420
2278
9240
2614
7134
11411
7273
1954
11619
11779
1926
13787
5760
3372
10048
7146
9969
2830
10052
10053
9719
10055
14131
1407
7229
15427
3408
4440
15655
6667
8690
11325
9126
6810
8795
11805
10070
13552
4659
4317
3760
10075
1831
10423
1354
5305
1809
5725
15033
10026
6208
3949
7085
10087
11824
11410
10700
4233
6540
8225
10559
10056
14488
13272
15689
4454
10155
2161
8635
10103
15076
8046
6425
1597
10108
10679
10110
15874
3965
838
10114
3020
11160
8264
5805
12443
10120
13108
3947
10123
9026
644
10906
10141
9528
10838
11540
11907
13511
7122
10514
6046
12513
6044
10965
11931
2739
13219
15879
3540
8708
11208
12591
14148
2903
13773
11731
10151
10152
2113
10035
11155
9913
10595
7112
8728
12925
10161
6316
6780
14076
11787
10353
7901
1981
8577
2327
10171
8838
10173
15699
10175
1507
13699
10178
6045
2741
12503
13359
4756
9877
14023
1802
12665
6147
4425
13252
631
11412
15516
5779
7487
11819
7393
1693
13064
6360
10484
10336
10203
2062
2585
15023
3934
366
13261
15214
9247
10212
8429
4602
1754
6114
14647
15520
4620
10385
11756
2050
10223
11484
12266
11153
10227
1368
9099
15675
159
9725
10233
6610
2510
3772
479
9450
2957
10240
3942
7121
6775
3815
10245
15026
2053
11925
8435
14251
5037
9013
11511
10254
5267
8041
10323
10879
15511
10260
1724
8234
10263
11151
12169
10266
8128
8642
14336
2227
9667
1094
6023
2295
308
10276
809
1484
3776
4687
9096
10282
10847
15241
11296
10286
9496
7412
15323
10290
13928
13013
13490
4646
2476
11708
10297
15549
1050
6765
927
14532
2044
12833
5945
7226
6698
8799
11683
15092
12045
10312
8724
1051
15647
2166
2691
14314
3985
14899
7396
1317
4995
10577
10325
15207
10870
14463
9601
10330
13375
14092
2822
3504
555
7609
1834
56
6509
5225
200
5923
14581
8158
15179
11720
10347
1231
6985
13730
4961
10644
5696
12903
10355
15922
12116
9214
8886
15566
13207
373
13471
2140
831
2462
14660
12267
13809
1316
5056
11884
9145
10192
10375
11840
413
12447
2564
10380
15796
10689
7007
683
15787
6548
6056
368
3126
1061
1114
10392
1625
709
7960
13574
2684
10398
267
15380
11620
606
9278
15563
5724
536
10407
9633
10409
11172
11492
4441
10413
5776
6906
512
10417
14395
6537
2455
3679
6226
14879
6455
15472
15289
13624
3608
10429
9383
4381
4106
14393
4839
5384
1555
7418
6085
1840
5057
15114
7391
8378
1655
10445
2757
7314
6631
8078
14669
5325
11272
14085
1803
905
7593
8430
15218
15120
6956
11663
4377
812
6770
5600
13443
10009
5894
2216
10470
7328
7534
1848
10474
4246
1376
2128
194
1680
10480
8348
9558
6189
1732
3976
9165
13002
12184
15507
14886
10491
10492
3618
10494
9444
12638
10497
10949
10499
5701
8884
10502
2039
8315
3252
10506
11136
12239
10509
7568
1582
3992
8230
12645
5119
10516
15629
12153
13396
12074
2694
12164
10523
4113
6068
4287
9453
9882
9815
10530
5645
10532
7269
6518
11605
3368
10537
13505
14230
4108
10541
1463
2115
10544
10545
4673
10547
14179
11924
10550
9263
7174
8359
3928
14394
6067
2910
8083
6951
9862
794
9634
10563
14231
15030
2840
7223
4805
4289
12704
12793
11094
14476
10574
10721
9559
14329
6752
468
5125
5853
10582
10583
2729
15713
5708
11180
5201
9723
5576
12963
10592
2548
10594
1044
10596
11590
10598
7676
14920
3602
10684
72
4850
6490
14025
14504
1436
3346
450
1916
11006
10613
15786
9153
10616
9293
9709
10447
10620
3339
381
5435
9514
3573
7746
2405
661
7073
2924
13087
12425
15784
10634
2842
15034
9948
93
12228
10640
2285
5024
2003
15049
5747
10646
12101
14391
2775
13251
7516
10652
13011
10654
9791
7661
10281
1980
10443
796
1549
12942
4418
13685
882
12703
8986
1220
14812
4146
8996
946
3566
4955
10675
868
10774
8026
8661
10680
828
14364
14579
4581
1078
14695
7992
12345
10755
2552
15732
10692
61
4548
11352
10246
10274
6234
8754
7673
3764
4925
393
13969
2265
1672
12021
15972
10709
660
11137
12361
13649
4326
10715
10716
13020
6397
8663
12067
15718
9412
15810
9593
2291
3221
7850
14577
2144
8621
13110
519
12736
4826
10735
3019
7233
12333
10739
664
8758
775
7819
12757
2809
7460
257
328
14866
4383
10527
6685
2686
5097
2283
3658
9753
6815
5069
10039
12756
9328
11960
9075
5774
12971
15220
1887
14470
15618
2535
10772
6782
4400
12814
2393
3280
10778
7377
7629
12302
15292
10783
10784
4751
1562
2711
9326
14170
14499
15742
10377
10187
4785
11818
15663
2751
12848
10799
8471
1538
8864
3750
550
608
14093
6283
1968
15346
6203
10811
111
2438
4426
10815
4467
4181
4939
772
1447
10821
5442
10823
1826
708
14940
10907
1949
6577
5096
307
388
4231
1618
8027
5208
8184
10940
185
10840
13065
5711
1221
506
9894
14733
10283
15997
14836
10850
10851
11125
15691
11962
3913
1941
13536
5578
15703
10860
5676
5735
10863
1435
2617
3241
14543
11385
222
12485
10871
14583
13850
10874
8124
2494
14803
11157
6521
13003
2350
10314
13334
8571
9448
5722
10887
13082
15656
11331
4583
8862
14300
10926
6944
10896
711
1869
11928
10693
2527
10902
11717
6227
10126
2889
7029
10908
11003
4867
13269
10912
4208
7953
13434
7220
14360
5328
13886
1787
3449
11467
11584
7490
10925
12690
10927
12288
7232
7724
2326
10932
1087
5313
12143
13834
13708
7196
8066
9149
7250
8601
10943
8215
15164
13547
13347
14521
5147
10950
7284
4225
13146
10954
10762
8437
645
5613
11877
2819
15939
8591
13079
3867
10138
10966
1952
7058
11536
9979
1757
4012
10571
14580
12607
5767
10977
10978
10979
3920
6746
12445
10983
1930
9671
14726
7660
11956
13525
6256
10991
10992
10993
7188
2622
10996
11746
935
10999
2807
1324
13892
12078
8674
7966
9143
10638
405
4080
11010
12602
4286
13596
12354
9696
9858
12878
3968
11019
2474
5386
6522
14806
13410
12037
10683
6552
6242
1835
11030
11651
11032
2034
611
1622
6475
14709
14884
11039
14950
1811
10186
12420
15560
6138
15909
6356
12088
12350
8542
11300
13703
11139
14282
12633
8677
9925
15706
2828
11060
7
11031
13989
13127
674
7054
284
5739
11069
2179
9792
3936
14010
3198
5543
8388
6654
11078
11748
1353
8538
3551
11083
12227
11085
13106
15219
12285
2441
6843
1979
6081
8268
3062
1865
15143
7483
3574
7507
15864
7544
11102
10180
7540
12669
6104
1392
4948
11109
6476
13152
6941
13585
13815
14820
6997
14066
1230
8358
522
7103
2941
12906
5427
15913
5836
14291
9374
13840
1553
8804
12862
8462
3023
6538
11674
5419
11138
2868
10990
11141
11142
8903
5366
13000
1712
10591
9349
15532
15296
2678
13805
3958
1
10451
2890
2485
10040
11159
9270
1637
7912
15649
11129
4757
13945
8099
11168
11169
10960
4429
5309
11173
6807
13678
11176
7282
13400
14745
5690
13571
11182
11183
10179
14368
54
11187
11188
8697
1880
635
12386
10304
5761
6679
15169
1858
1299
4457
11200
7098
12173
11203
3113
5042
2846
9513
14890
13190
11210
12535
14545
11213
2058
1717
12673
4134
7016
6194
9420
12510
14564
9734
9017
7594
13034
6856
9715
1352
4713
11231
8182
6800
11234
10584
12465
11237
12251
14225
246
8882
2005
11243
2581
7057
9698
112
12692
5967
12248
11251
621
13385
14029
13726
4489
11257
10892
2130
11260
6565
8964
3727
5306
15124
11758
13591
11724
8252
1012
924
10452
11273
6365
7013
7874
14995
13767
15198
13451
6789
6426
8889
11284
12689
979
4307
7755
1205
13449
4681
1409
11293
10643
4538
5700
1165
12032
9413
9338
3341
14619
11868
15771
11441
2752
7335
6261
13405
14835
9418
10763
13970
5144
4110
11917
1664
15175
1372
9148
9625
14944
12494
11324
10065
9701
10878
3396
605
718
12366
15735
7110
8846
10785
10588
1253
12905
8179
8369
11341
554
9255
11344
11345
4456
517
14982
10901
4024
11351
2972
8826
13746
11496
894
11397
3043
11550
10106
63
3235
9614
12200
11365
11366
11367
14512
3974
8005
2862
8344
12860
10302
8377
10698
190
10063
10587
2746
8687
2574
765
14814
509
8678
14258
7066
13660
11390
11044
3470
3258
10564
4182
11396
3854
14157
1112
9076
13630
13258
13694
4369
12922
6059
13884
2649
10256
11474
7821
5219
10636
11618
2148
11416
899
3651
8003
11420
11549
10883
1508
11424
7281
7961
1387
12507
9684
12650
3615
4045
6547
5381
3059
7604
217
11568
11439
6329
10280
15671
5083
306
4199
2249
11447
11448
11534
11070
11451
6936
4453
3290
10900
897
8652
1907
11459
1679
15171
5382
3873
11464
11465
6423
2509
4070
11164
13735
1815
2269
8684
10003
8585
5821
1106
11602
9937
12530
421
11482
9763
11045
8340
5782
13780
11488
5332
10386
11491
6198
1967
12222
13185
12767
9319
12099
1039
14960
1748
6832
5074
2946
10489
10935
11507
12900
12186
11107
8273
9999
2107
10493
14705
15439
10235
8675
11519
3203
7476
6422
3389
13701
5086
7976
11347
13876
12994
14063
15050
15420
3335
14497
5880
4481
7388
8403
3912
7024
11541
11831
4359
4432
6740
5659
1864
7634
1157
12825
5214
9768
15389
3037
1777
11577
9101
11558
6379
15274
1684
2825
11563
3812
14475
4698
8305
11745
4585
6511
11571
13117
2878
5002
7548
6474
9411
248
2162
2880
13184
15680
10804
2123
12639
11586
7556
5713
12911
9232
1541
1456
3277
11594
11595
11596
11597
15650
9592
5015
5415
8219
13540
14798
5553
11606
11359
4230
2895
1402
11611
11612
2483
11614
6213
10472
11551
7690
15047
6777
15312
161
13942
6848
2786
618
3031
11628
10300
3972
3146
1804
2093
11634
7718
7580
12244
4018
11639
14804
1076
5409
11643
1568
14348
1820
4629
11110
7795
2968
3120
11705
6165
9904
9903
11937
8347
11658
11659
9399
15317
9369
2351
12854
11665
11587
6112
8927
15616
1946
7492
11672
13670
7376
6595
7659
8373
11678
6199
5301
9398
9506
10309
1721
891
8511
14908
7382
14557
11690
12211
14628
13067
4876
9632
14615
10490
168
13361
13665
2821
834
9048
1953
5117
11706
3029
1971
101
2242
20
6726
12802
9735
9477
848
103
157
2901
11446
4947
4254
6428
14037
11858
3007
11727
14560
4363
8626
8503
12483
14933
7336
11735
15567
14413
7144
10909
15890
9470
12196
11743
3378
10888
2335
11747
13801
4881
14351
12193
14265
12698
350
893
9900
13909
9947
5587
8198
9536
327
10508
4031
746
13248
1591
11768
11769
3289
632
515
11773
15751
5112
2378
11777
10294
12961
3206
6459
2954
6830
14871
11785
12588
3111
11255
11789
12012
11791
1470
9998
6228
1976
6481
1118
12223
6244
11800
11801
11802
8541
10632
6028
11939
5877
14789
8911
14262
580
10972
10440
10704
4379
403
12629
7587
12071
5569
11821
15460
281
276
7130
11826
10195
14031
6410
4886
12436
13439
10812
2036
6322
8545
14175
8360
7076
10362
10236
12491
528
8016
11033
2514
4397
11848
11564
9193
2207
11038
6091
11854
14032
8236
1030
1364
11226
9332
11861
3663
8999
3382
15094
11866
7554
9497
11869
3236
5958
6236
446
6962
6088
11171
3324
11878
14516
11880
5227
11882
10795
15506
15582
8829
3247
8294
11702
12079
10747
14572
1091
14202
13313
1433
2169
5477
6082
6387
2525
5979
6859
12307
4965
11906
8850
8902
15368
3655
15121
11912
11946
11914
8653
11916
11378
12252
10994
10475
8060
14815
11360
5643
8488
11608
12765
5797
10129
4820
3810
10092
9615
3523
4668
144
1598
10586
11701
9045
9995
7055
7266
15441
11945
6573
7296
15977
13683
3179
7000
7020
15341
9541
1141
1381
2756
2202
5462
10083
7077
10298
5423
8725
2262
5817
6319
3648
11969
15757
9740
11825
9778
3630
7670
6855
15932
4696
12642
15926
12699
12403
1210
1749
13229
12682
4825
11988
1267
2429
8156
1948
2303
11994
11995
2676
8646
1847
4904
12000
1139
14603
3168
7211
12005
4977
15269
11377
985
2812
5703
11790
12013
9169
455
12016
12017
13188
12019
1992
7877
12790
12023
15433
2432
5944
204
13818
3318
12030
4791
5975
931
837
637
13551
3148
12038
12039
14162
7108
14887
12043
12658
5099
12401
4037
8761
9586
545
6453
8356
1154
5372
15606
12581
11431
12058
14502
12775
7873
2956
6255
11126
5765
5577
10720
9207
3771
15514
2292
8559
12073
13310
15202
9002
5931
11179
3209
3930
139
13709
3684
14026
3323
1128
8943
2470
8705
12090
10059
7628
4339
12094
12095
4987
12097
7071
3472
6432
10647
12102
989
8533
6818
1369
13925
2425
15868
6977
3440
11809
6514
587
9087
5959
5934
13647
4584
779
3287
3835
6609
9034
12651
12126
5197
13323
15557
12610
7302
567
4365
11883
12135
15067
11993
14986
9069
7375
12680
9442
7862
12144
14586
12146
5045
2440
15035
3908
5757
1504
11583
12154
9886
3594
6794
8467
12159
1405
7607
14239
5272
7666
9730
4530
5729
15401
7237
8932
1311
952
6109
5932
13644
592
12177
3122
10518
1475
3894
12182
3469
15804
411
7936
1108
12188
9881
2893
12317
10316
14135
4361
1656
107
5604
7577
9176
7700
2009
3492
3462
9009
13469
3748
9680
9070
4466
5280
8070
6823
10814
6867
10310
10166
12217
12243
2195
11253
15069
143
8258
2531
7040
12226
11860
6861
12742
343
13740
5670
3434
975
5745
94
13981
12238
2487
9313
5252
12242
10349
1501
13351
844
5367
8103
2454
6251
4983
11009
4140
4148
12255
8858
6458
2354
10264
1227
5780
4251
9697
4185
10856
13085
11163
2698
12269
4090
12271
15866
5816
2580
12275
12276
8647
1172
12181
9518
8702
957
6719
10128
15716
4595
12287
13486
5094
9117
1977
10777
15003
12294
5562
10779
7614
11829
14374
9736
1281
1526
12303
12304
6441
9595
8518
1159
15908
4161
7865
14127
2928
4619
12315
8126
15984
13307
13489
7143
8178
10653
13234
13463
12325
2401
3586
12328
13225
13852
191
11582
7910
118
7882
3907
9580
4506
1688
5338
12341
12224
11334
12344
3644
6933
626
7946
6931
13985
252
3379
12353
11089
12355
15676
4121
13702
12359
4736
9396
9666
1326
12527
11753
11313
10359
12368
2463
8711
12371
8579
6642
6813
1276
9713
6598
10044
6682
12380
10661
3239
12383
14415
12385
1450
5399
2661
6604
4535
13345
9163
10657
438
4966
2415
12056
2176
1663
12400
12046
9538
14949
5611
12405
3192
8487
14620
14872
14627
12411
5165
12393
10320
10345
11521
12958
12418
1240
11043
4277
12422
14991
12670
2960
2652
15998
12428
2999
12797
590
12432
12433
12434
352
6860
2833
12438
12439
11040
6033
5829
11941
6181
5139
12446
10378
15015
6449
13729
1085
2311
7727
13614
11393
12769
12457
5013
1464
12460
6008
15664
7692
10673
3875
12871
12467
11581
12469
2412
12725
7602
12473
114
14163
13706
3275
3426
4099
10358
12481
15116
2258
5527
11135
4438
5585
8304
10807
2855
4292
9834
5383
13111
9833
1738
14931
12498
6555
15870
6790
12427
7617
15916
13788
14084
11428
1648
3797
11221
851
12512
402
2503
15028
11947
363
7891
12859
5964
9776
14847
5884
3435
4699
5454
10757
6212
11290
8271
9600
7934
10000
12534
1764
12536
13327
12163
15958
6958
5164
12338
12543
12544
12545
12546
2863
4726
15064
6928
14181
5468
12553
13924
14392
12556
5504
2989
642
12560
15200
14644
11437
6039
10746
7644
1105
6245
11905
12609
2254
9213
11018
12574
12356
2383
2852
12578
8760
15159
11977
11555
3667
10931
12707
8877
14350
2639
13593
5639
3099
7532
451
11194
14712
12679
12597
13398
2251
7197
12054
3794
4913
12604
12605
15705
3743
10169
398
15449
9141
10167
12613
7395
14340
14119
4333
8412
5596
8031
15731
12622
12623
2069
4631
11709
6248
6778
3884
4824
13966
15431
14489
2061
7202
4301
81
1713
1213
7138
6416
14550
170
5621
99
11472
2386
8606
14140
8753
4376
12810
8248
10976
7846
2152
4896
12175
15518
15086
6434
1856
12664
5714
3377
3180
8801
5896
520
4023
15983
3940
2439
15224
14313
11364
11490
1183
7892
5546
3514
10131
2200
10170
15914
8289
6292
6926
11285
15813
10566
6990
13856
2832
14529
12696
9384
7183
14349
4069
4758
10374
15046
4697
9511
12706
7017
8205
9400
10258
7998
2080
3139
10357
10001
1043
3555
13027
12719
15834
9123
7971
7834
11713
13690
7750
9219
5971
4810
12730
716
15079
8
10533
12413
9159
14531
4878
13749
10511
8326
2543
1714
7930
3710
6499
7479
5738
1100
8357
12897
5852
6386
9627
11799
13545
10956
11811
4816
12760
12684
10726
7664
8723
13774
13208
8668
15236
4892
6477
4507
9227
12145
2656
8444
9335
13144
13022
12779
8093
7084
11975
14859
12784
12785
2597
12787
12788
11418
12022
12791
8100
10761
559
12795
15632
4364
12798
15571
13126
14418
6132
12803
12804
6215
13412
12807
12808
7905
3803
12811
7035
5368
10390
12083
3096
12817
1963
8167
14719
7319
6921
15677
5146
13267
12826
1593
11862
2867
7283
12858
7023
1340
13321
12640
6130
15418
2057
9072
12840
4017
964
12843
4368
8602
4563
10519
10798
12849
15768
5195
4889
13561
9787
15128
12856
12857
12997
12569
15385
7656
12329
12863
17
5631
14109
7236
3500
14205
7771
1653
542
3174
769
12875
12866
6507
6166
12879
14429
11146
15918
15227
12884
8706
7500
1731
12888
52
12890
4227
3621
6096
903
12895
10791
12751
5277
6586
1345
8254
4462
6127
7435
5740
2970
1557
6054
9678
2345
5881
9394
15465
4564
5529
5405
12105
3550
13731
4546
6909
13513
3448
7988
11235
6578
2817
12928
14970
12930
14114
12014
10058
7731
13256
13476
11283
13481
12939
6946
10324
8419
6886
3187
12945
4271
12947
3210
12921
776
11244
556
6697
10597
1194
12956
10848
10922
12959
11008
14778
12962
14406
15277
10688
12437
4722
5242
6390
723
13447
7983
3353
9493
9759
748
1842
9228
15753
3349
8368
4557
7397
12381
7832
13946
1886
7984
6550
8710
12991
13839
8686
5090
11656
12996
3906
6717
581
6884
11481
9573
14380
7210
15637
11046
13007
3575
14776
12745
3998
6768
7585
3568
13015
13021
13017
9336
13019
9175
7760
7757
5457
13750
1422
13026
2518
4540
1401
15415
13031
8166
11893
407
7136
13952
1476
4617
10694
9794
14387
96
11452
14243
14690
2582
6905
7323
1589
8954
4559
13052
5695
15135
2872
4544
4672
15917
4285
1314
7399
8220
14250
5016
15674
925
11693
3306
13069
1896
9728
7942
12955
13074
4288
3494
3402
13078
2450
10701
2902
7428
2674
3278
3823
8791
4531
3673
13089
3617
13091
1996
15233
12456
13095
1300
7224
320
11476
15843
8309
13102
277
13104
13043
11077
14963
5482
6214
3791
8159
5741
15226
10219
13115
10329
7153
3100
3593
13120
3892
3485
12278
12523
11322
11986
9463
3271
13129
1626
7416
9130
13133
13134
14206
4065
13135
3533
9892
13812
12284
5893
6019
1859
13369
5434
14921
10663
13149
10641
5088
11111
5837
766
1283
15270
5697
12376
13159
13160
929
13162
8563
7552
15174
2244
2106
9456
13169
9770
12373
13172
12452
3911
9665
202
9273
3917
14365
5845
6384
13005
2677
10981
3048
13186
2428
4229
7047
9930
13191
1431
13193
13194
13854
2609
14126
13198
12846
10418
1872
6115
2961
15564
6641
11520
89
8157
10435
5869
4212
14697
14717
3926
13215
649
13445
9499
3291
10997
3392
6285
13223
2398
12655
1072
10446
10249
1660
9135
15053
12596
14794
15486
13235
10681
3267
8990
13276
5994
7285
5827
1870
6489
14062
13563
1257
7298
6579
6371
12822
5091
13253
4552
7434
11739
11057
15309
1739
9737
3503
4797
5668
11092
7785
13266
5101
10242
9037
6421
13579
9993
14054
1709
3010
4571
13277
9577
10007
8151
2149
2065
15975
3086
15255
2135
10538
13288
10082
5557
4336
7722
4328
8767
7300
5393
12320
8002
6923
15548
11680
14082
13303
2931
8107
12358
5674
2885
11932
8763
12986
4390
652
5751
6049
1403
15643
1096
12830
12948
15421
9865
2083
2856
2076
5483
424
10614
5321
14389
5602
15285
3411
1262
8615
443
3509
11648
7320
5717
13010
9410
12423
1122
6171
11353
4175
6801
14485
3557
12548
251
13295
10958
1609
1620
8058
6173
12172
5712
4898
10268
13363
12592
3545
4514
4142
2338
3937
4450
8983
6262
2815
6870
15949
12537
3526
13365
13379
15397
4234
13382
6520
13384
11371
7404
9249
7848
1459
3585
7454
4200
7900
8116
180
7610
3230
13755
4464
3303
6872
6751
859
15803
11119
6563
2611
2333
5200
264
12782
12806
5412
10936
4847
14078
11533
13645
8275
11421
10637
15761
176
14316
1605
1765
10535
7331
888
6594
5369
5954
13433
10914
13590
7812
11691
10969
12409
2627
8584
13163
11123
15845
13681
12257
404
1462
12529
13450
12748
7716
15921
14841
9985
1576
6484
7573
2865
13460
13461
2594
6955
842
2097
4730
7765
12844
5912
4906
15417
667
8033
13474
10864
4712
13205
13478
2953
3131
3071
2256
5059
7041
13485
707
7004
15750
5628
4158
1932
4409
11310
5583
13495
5516
13497
13498
10728
15837
5564
4671
13503
13504
11023
669
10229
2368
15769
1917
15013
1759
13528
13514
13515
14755
3496
11589
4486
13520
850
8200
13523
5754
10921
13526
1987
2763
13529
12214
5570
13984
5555
3943
1890
10843
7999
13538
7839
12486
4407
11204
390
12372
3342
4125
7293
13548
5719
15408
2406
6457
15542
5209
14143
5873
3487
1123
1642
13560
12290
6602
12417
6412
3628
13566
13567
10024
13569
6381
15780
13572
3891
15489
15395
6015
9532
6479
1226
315
13623
13582
11249
8746
13218
5210
731
8338
3380
13562
14988
2104
14103
8945
6644
7324
13092
3820
15960
7903
6733
13602
835
4802
2124
2059
13607
5048
13609
7663
13811
3885
11936
12850
583
7316
13617
14517
6643
8630
15471
992
12412
10427
14081
8061
14307
4533
1116
12240
9663
9208
3455
13555
3279
9486
11942
13638
4790
2346
13641
867
14857
4944
3491
9331
4733
13648
6048
10923
314
13275
4266
13233
15316
13656
13176
5671
14274
3647
13661
13662
3246
14337
13008
1144
13051
12246
6287
7442
14183
10765
1892
5175
13675
2749
6961
13965
1651
12940
13973
10465
14009
11374
3624
14718
12847
15630
9608
11535
3871
13692
9140
2780
7238
12754
9342
8380
6730
8457
2557
7045
4973
11349
3417
3611
13707
10937
537
1019
13711
14176
5239
3687
13715
3814
13717
1590
597
7679
12514
3751
10008
15059
15546
12113
13727
1201
13072
9327
571
10403
15097
11413
2688
9272
13236
13738
13761
2328
12828
2692
13743
13744
2020
4014
2975
10028
10852
15371
10118
6918
1163
678
15812
11621
5528
11417
15152
6939
10510
9449
4007
15372
9073
9572
6940
12931
2834
13770
6169
15112
9385
6408
6849
4502
12612
9679
13779
11307
13781
7651
1427
7895
265
13786
2934
2382
14020
5663
6888
13792
13793
8163
8089
7082
15350
12444
13799
13800
15357
7265
8928
12484
5599
10579
7090
9083
4818
8010
13226
14533
12750
3831
5891
13816
13178
9150
10014
7948
491
4434
13432
12659
8765
12261
5922
13828
13829
4976
6221
13832
2866
6237
11599
13836
13837
4669
12786
15211
332
13842
3535
11965
14654
15482
13847
13119
11162
15262
10524
12330
13853
13932
13855
6513
9831
15117
15854
6851
5006
13339
13863
3640
5996
8914
3745
14761
9348
13870
13871
4608
5811
13874
14104
11909
5540
13053
3683
13880
3982
4241
6978
13330
14784
7379
863
13888
4653
8528
13891
9777
15744
10691
15615
11196
13897
7009
14324
665
3957
2109
2456
10311
14535
13906
8084
12324
11012
441
610
11062
13246
11625
10536
13916
5801
13138
9756
15404
13921
13922
11728
12202
14125
13926
13927
9474
13929
8012
13955
12208
6755
6992
13935
1945
9583
1793
181
1710
7451
11623
14466
10836
6160
2929
1827
4209
4226
8878
2701
8866
9482
14327
13931
13753
5822
13958
13959
14097
10622
3238
8075
12839
14268
15457
2375
6024
15653
4197
15793
13972
8072
8265
13975
7693
10021
4706
9309
13980
1851
9237
505
14397
3464
984
6591
11370
15668
13990
5563
13992
11224
13994
13762
6984
6419
8298
13999
15600
8189
14906
14788
4043
4138
11228
9854
6035
7027
9659
13643
14006
3923
5771
2068
8153
14017
12693
6346
32
5084
12250
8651
4257
13872
11216
7859
14028
15723
14030
2569
11855
243
14441
1176
7751
14928
10723
10525
9111
15245
737
5487
9184
14045
14927
14047
10401
14049
14235
14051
8455
1440
9963
11152
8501
9365
4962
13073
6873
8967
5623
7200
1242
11637
14605
13428
14068
12497
7133
14071
7290
14073
14074
14075
8587
1132
11311
14079
10121
11797
13302
1432
889
12197
7137
4216
14088
14608
8364
5652
2370
14957
15537
5497
6543
11958
4958
4256
14377
9512
7861
11016
13875
14105
9861
8947
14108
7154
8118
5770
4166
8094
9965
13695
9022
15665
2341
4053
11887
233
12299
9997
15501
1548
3782
4924
301
13371
11655
6363
5951
10364
11432
10057
4688
5833
5662
14139
2992
11920
10139
8843
11722
6383
4490
1661
14401
9526
8607
8576
1272
6344
7244
1763
14152
8282
6783
97
2578
125
10248
9136
1081
5758
1313
5092
134
2165
6904
14171
5984
14173
14174
5737
15109
13806
15510
7940
14180
3390
7501
13671
9813
9437
8720
14187
8384
5952
7363
13517
7943
9617
1082
4145
2298
4795
229
5544
11053
423
1545
12654
12369
12663
13045
14207
14589
14209
389
12132
12377
2499
6298
8288
1291
3678
10379
5318
9765
14289
13896
1570
8921
14968
14226
11886
3830
14229
9257
6200
5479
7537
11145
11277
2913
7958
8381
1985
14240
14241
15781
9362
15543
15754
14246
7042
2092
12636
13063
1045
3200
3657
15583
14255
14256
14257
13930
12189
14260
971
1400
14263
4385
11752
14520
8951
15724
14269
9620
8029
14272
273
11212
8980
14306
14277
8370
13148
10366
2730
5963
5476
15565
15641
7686
14000
1379
2364
6947
4811
8491
11964
9077
14315
1857
11317
6369
10288
147
12794
2177
15509
5808
6674
1460
1515
8691
14309
9204
14311
14312
12675
57
15519
2593
12970
14318
5360
14828
9821
14634
7536
15593
9656
14326
13103
7618
11921
5085
5121
13496
13012
15373
14335
10531
7907
13631
9635
7315
2566
5508
1241
866
14345
14346
7448
11389
2923
14868
11750
8905
10393
11561
14355
3817
11952
14358
6120
15248
12981
2810
5632
12827
6670
10725
8074
7346
11669
14370
2774
4040
10093
14574
10727
14742
3916
6584
9074
3161
5188
15645
15790
11368
9122
13147
13041
9943
3518
14390
13933
4190
4433
11725
921
2210
2650
8831
14399
14875
6885
6158
3250
11703
4780
13123
2168
10425
3534
11181
12723
14412
8776
10802
5276
13370
11497
7853
13710
2665
15065
8281
3334
11781
14425
3861
10406
14428
6326
9849
3572
285
12026
2760
15589
3310
1577
14438
10599
1889
15639
14199
14443
14444
10522
14446
10099
11953
7515
13338
14451
13838
15012
14966
13187
15054
1469
10464
14459
12035
5156
5335
8633
14576
5649
13341
1406
6334
9527
10695
5798
15789
11258
3563
10862
15444
9556
6395
14638
14480
1062
13377
14483
14484
15838
11093
420
11991
1921
12880
14491
15333
14347
14689
14495
4539
12550
11369
5566
15524
8405
13355
13316
3670
14505
2829
14507
2696
9673
14746
6270
8054
14754
9061
5983
6041
10018
8692
15314
6317
15737
15943
14523
4034
1343
3838
14527
8500
7062
9404
10639
820
4415
1638
13493
14536
6235
15180
14539
9681
14541
6528
11259
14544
9315
5160
6060
14548
1752
11979
12098
1329
6183
6473
860
15188
9296
14558
14559
8522
14929
5948
15479
3002
937
12068
12399
9960
12701
9606
6970
3488
5625
13328
4100
2745
6776
10438
10987
15083
4488
14436
419
9355
2673
12740
4897
14588
5915
14590
15599
9519
7504
9685
15280
10460
15579
11867
15885
8894
11929
12392
7915
12805
12205
1113
4775
10988
10529
14610
5773
7989
1083
5211
5432
13733
8055
13748
5234
10985
14621
14622
11086
14624
14976
1547
13543
6092
3294
12319
14631
4294
9020
9157
1031
11096
14637
997
5640
4813
9610
2189
13915
4643
9190
8431
11319
2252
7826
14650
14651
11503
9422
15999
11193
11207
15500
1518
3343
3600
14661
15893
15585
3855
497
14666
8316
8993
4724
15935
1048
12575
8352
2170
2014
7623
2223
9042
14041
753
9271
4689
14683
8297
12311
8406
553
7362
14494
872
14691
12656
670
10412
15462
5166
9132
2911
5976
3497
656
4740
14703
4075
10677
12774
15942
2719
11740
14710
9409
13997
5023
2987
11404
9280
6896
3788
282
7177
8466
8113
1237
5903
1133
14979
15797
10876
3798
12471
9739
9752
9814
14734
9811
982
1769
331
15276
14222
14741
11515
14743
802
15432
5986
14747
15002
12946
15627
2374
9647
10284
3858
2270
15818
14757
2848
14759
11976
9981
12493
2112
1883
7484
14766
771
10719
694
14770
7560
14772
7667
12657
9604
14973
1606
14353
6875
13407
14781
8293
11954
8971
5937
14786
14462
13599
11808
12280
1018
7100
10776
9530
10424
578
6220
11604
5333
7864
9901
7001
13663
15806
11510
3864
15134
11047
6195
9392
5590
13606
10405
11337
1366
15263
7530
10712
3984
15595
5443
9721
12108
4766
6468
1512
1336
10094
14609
2601
14831
2087
13273
13068
11978
2568
6413
7021
3661
11812
10457
1373
9244
5907
9853
1696
15488
680
7271
9284
15964
14852
4695
8721
14855
9424
8291
14858
7622
13971
3006
5677
5229
1527
5123
14279
14867
13637
5978
1881
13559
8035
5846
6438
7675
14876
12363
9612
4189
13473
2793
7579
2973
11427
10998
436
14611
11830
14898
6564
695
8977
8270
4964
11835
14896
10767
14889
10971
2029
8123
13197
14903
4167
9446
2394
14958
14800
6284
2453
5812
15155
14913
3132
15186
13822
1768
8073
8024
8856
7064
7361
13844
2550
14925
13691
15158
6612
14561
13145
7605
7588
5977
8762
13713
3991
14937
2459
15349
7053
12374
14942
7831
11014
14945
15311
6142
8794
12357
12313
2363
14952
573
14954
3371
13395
14680
14907
11227
8544
8847
8925
7878
6349
5813
3935
3211
13093
6491
3753
5245
8893
12877
4553
12722
8279
5709
14978
1920
12709
3654
9692
14983
9023
5919
8806
15654
2705
8588
2399
10204
7564
5591
13452
6628
4979
15383
2613
14454
5699
2231
14748
6002
345
13018
8808
13062
344
12440
15010
7517
3190
3276
3033
3715
14880
7308
15018
13843
7650
13785
15161
3995
14416
14280
169
15027
12515
11471
10832
2159
14440
15570
13664
298
1027
15037
2712
10291
3898
15041
14696
9000
1395
3881
11552
4623
2595
9650
92
4169
6492
11591
7541
8982
4214
1630
15058
1191
15413
2758
12062
7919
6898
14677
13903
7761
15068
1961
4647
15131
8296
2464
432
5431
10104
3969
14468
13603
10788
7932
461
969
1844
15085
857
15087
7773
14792
2854
5033
6191
11737
7151
1284
8201
11865
919
15099
10975
4484
4920
8211
14530
501
6187
3151
15108
6012
5887
8331
10970
12120
12694
5345
4394
815
11919
13531
4963
6461
13879
15123
3077
15125
15126
5163
1474
15129
8891
9540
10945
13752
10068
847
66
11202
15138
14115
10576
15141
5451
5819
6222
499
15146
15147
3623
793
2324
140
1148
14642
4203
13049
3036
4416
4562
10899
15160
15022
15162
13418
15487
6125
8857
8169
12322
15017
1175
11020
14238
13416
10015
5003
15176
15177
1529
8460
11246
15181
854
15165
15184
10350
15107
14534
14556
15189
3841
14303
4667
10738
14404
11302
2504
120
294
4157
8515
10938
10946
8679
12506
12954
15206
10011
3513
13956
1511
6209
12743
15213
9839
15215
11392
9824
10458
760
825
4215
1918
10148
3719
15225
8590
12883
15228
15229
8127
14138
2234
15264
12631
3186
15221
15237
215
15239
6627
6553
6636
1026
531
12115
9918
4568
5832
5291
74
3722
3599
9628
4468
12234
4016
7986
1342
7533
15260
564
1675
14816
923
11615
4705
15267
1344
5026
14184
15271
4420
7461
3616
7231
5401
5397
2887
4039
4431
5843
12953
5642
6716
2497
12218
6485
12170
15328
11902
15291
4470
2100
3825
14901
9991
15297
15298
15299
869
496
15302
4263
15304
15305
4170
12466
11477
13499
11117
14946
1685
9304
3395
14156
13655
14490
8233
474
14902
10071
8976
5158
14341
10730
7852
11984
5018
15329
8781
7199
768
4306
15250
10327
4123
2857
11673
15339
9155
4042
11333
1938
3865
4356
4971
14400
15183
13325
12477
9032
13311
15588
8006
8742
14253
14892
6210
12618
10606
15453
4783
4030
6808
15365
15310
12842
11529
6178
15370
14997
11817
14334
4404
15375
12171
10697
15992
5789
15075
11652
10396
11239
1452
10781
11509
5598
15388
6987
14524
15391
15392
6122
15878
6858
184
15366
15398
12117
8186
5605
4545
1756
11565
5199
5534
3229
943
11081
4093
15411
15412
4941
15077
9863
6097
801
6748
8345
10047
8052
2981
15423
12316
1088
8920
12091
11938
2687
5851
12632
13865
11098
1457
13618
9170
8937
2352
11505
15440
11944
13151
7401
14673
11394
11697
2261
2798
8555
4969
15451
3104
10306
922
9668
15242
14540
5554
7141
13389
4511
7488
7449
1289
10831
11694
7242
1522
3620
3637
7525
4500
11784
15474
241
1025
15477
3769
8860
15584
15481
6743
12204
2340
6080
1910
11286
12522
9535
15490
10633
11751
15493
3939
13118
920
7458
15498
15990
14039
2206
15502
8318
11546
11733
689
11274
6805
15222
13824
4508
9607
14671
11547
8873
10193
15517
7360
4565
6010
14775
858
8550
5883
1845
7655
2089
11128
271
9395
8391
9874
12528
6620
13592
15536
12160
15538
1047
6336
15541
11000
3773
15544
15070
8641
8778
13300
2512
6722
2538
12876
1358
15554
13278
9648
6124
15021
7127
6757
6164
1989
10434
8202
8597
13719
11453
4029
12998
7367
9035
13642
8907
5295
5081
1178
15577
14058
5275
1740
2659
12479
3370
3444
3251
15445
2185
10096
803
12109
1523
10824
15167
10674
3714
10845
3619
5010
13790
1747
5339
2653
15603
5830
7571
11766
15607
14744
15609
15610
3017
12233
9988
10944
3416
12519
15617
395
2043
6205
8534
15622
11267
965
6417
3325
6378
7356
261
13587
5352
60
15633
6420
11339
15636
4396
15638
14090
7923
7384
15642
6429
15644
11271
11908
10122
2967
2418
10134
14623
13071
8077
14506
5661
7480
15657
4882
13227
8784
15661
13846
5974
9952
14923
14136
12249
10742
10191
12881
7142
13550
9751
14198
12643
6836
8088
15679
9027
8892
871
8989
15683
986
12853
14739
13100
15688
11217
15690
698
15692
3740
9183
3978
14639
310
3584
3330
11499
15701
15702
14686
12281
8991
15437
15707
13810
8713
15746
2976
11889
4997
15714
6668
14021
12148
13962
12872
14602
10642
5655
9373
13686
3896
15726
14825
8622
589
15730
12554
12576
475
12282
12778
1073
10540
13174
15739
8414
15741
13399
8332
14941
7860
7806
14701
659
10543
122
12492
15752
14675
11504
4624
10602
8595
15342
12258
9138
12396
9898
9694
5202
3410
480
10611
6980
10221
15770
11304
10119
15773
15774
10942
8521
3058
14720
2305
1720
14704
1308
14297
15014
249
6150
14448
13240
13113
904
8134
15480
13804
15783
15994
10381
14130
15798
14614
3613
13913
8589
13803
2102
5181
4864
15807
15808
15809
14038
3904
11895
397
3056
11121
15816
588
4087
15819
15315
15821
4753
13826
14057
530
15826
7014
11846
15829
11759
3819
13943
13423
13620
15835
15836
13500
10463
7758
13420
11236
9553
8021
2332
3185
7823
15903
15848
7506
15850
15851
3734
15853
11309
2484
2743
3090
9036
372
15458
3040
1615
7345
10503
15210
9239
2260
6401
15869
13721
15871
14474
15873
2008
11001
7868
9098
12394
3385
462
13821
11495
2685
15884
1561
6712
9989
14607
15889
4180
3158
14354
4729
13335
4519
1382
11433
3159
3583
1333
5391
9843
1798
11026
13825
14080
235
11099
13006
11864
14582
15912
6451
12685
4183
8693
11132
15648
10581
13264
13038
12082
7431
3834
14849
7170
4632
15928
3789
13908
12349
5657
14083
5911
2250
11982
2452
1117
7087
10895
11326
1699
7545
1146
10459
15946
11303
11002
10331
13849
12950
3376
2660
3836
15955
14386
15957
9064
1686
3682
6342
1461
1958
8904
4083
10073
6981
15968
4299
13425
5080
10708
15973
1955
13283
3338
3922
10859
5327
15980
15981
10655
3081
4002
12570
8612
7893
2717
1502
5293
2067
10383
7951
9757
7374
15996
1156
14568
3781
7113
