1736
2939
2418
2581
3089
3243
2914
3411
2697
979
11
12
13
1024
2221
2495
2104
1494
19
171
21
57
1405
24
25
802
414
2951
3396
798
154
2245
2122
1900
2161
597
541
1018
2986
1661
2024
3555
2725
988
371
34
780
1068
49
109
463
2226
3142
1106
3601
56
1832
1476
3907
1221
3535
2256
1679
1454
655
2079
2120
68
69
1814
3486
72
73
1905
923
2259
77
1547
1393
745
1366
3385
3309
3253
3659
1916
552
2457
2069
1752
1203
914
3075
3233
95
2128
3542
2739
2087
133
2755
2043
2715
1589
555
1104
107
1443
1206
3250
3763
3023
113
1001
2508
116
784
731
1593
120
2922
3126
3672
659
1596
2326
1754
3312
129
130
603
2064
1222
1806
135
2969
2290
3933
1667
3841
141
2787
143
2032
3296
2597
3508
1623
2656
3184
99
593
2174
313
1560
2934
2760
158
2063
3634
3817
3506
3754
613
1554
3498
3275
451
2583
170
1575
1246
1774
1116
1713
1957
2501
207
179
829
1143
2968
183
3005
3365
189
3935
3146
3401
32
191
497
1411
1415
1656
3878
2802
3231
2046
3110
274
1253
3564
1475
3348
3840
319
2827
751
746
124
211
3835
1491
215
3467
3479
2201
219
1728
1781
1671
1879
855
3897
3368
1777
1943
1682
66
3031
1556
359
485
3993
2805
1897
1864
239
240
3567
242
243
2855
423
2491
450
1519
3748
3619
2215
3018
3859
3727
897
3867
3003
3364
957
260
1239
262
1895
264
1521
3651
585
2062
188
833
3607
2000
273
1913
2453
1531
80
718
308
1425
782
136
267
2391
2722
377
2857
1502
300
2067
1087
1455
574
1699
3230
3493
3618
2214
1235
641
3971
302
3784
2358
2849
2037
1101
3103
97
106
608
842
432
338
315
3405
3696
318
2141
2451
149
1329
3315
3512
876
3380
2091
328
469
1313
1635
1325
1243
3585
1099
65
3574
2731
2500
236
2659
2144
3805
344
345
3834
3341
237
2681
83
2155
862
1030
52
1312
1192
1598
1731
2947
3536
2394
3351
1282
1066
1733
2034
1310
2992
3151
1536
3833
3134
3885
2700
3528
376
286
2524
2885
1225
850
1446
1858
322
204
1629
3328
1953
1379
390
2444
392
145
3415
316
396
1452
3571
2482
2315
2056
3406
2264
970
3092
1331
1542
1942
1356
3353
3768
412
548
2841
2234
2427
3244
1270
1467
420
1427
3179
1479
3169
628
139
2292
225
1904
430
307
31
2741
1579
983
1910
3350
1234
2794
1069
1743
2692
14
444
3767
2331
3868
1375
3053
3492
1532
947
1255
3057
2948
1401
356
458
544
620
2105
2125
1113
53
1025
873
2154
969
413
2966
471
443
2753
688
516
776
3398
3448
1630
1499
1216
482
503
484
1457
2285
487
1368
2359
3135
2850
3886
1695
494
3226
496
1613
2474
499
3183
1805
1882
2267
1281
3946
2688
591
292
3846
3871
511
2158
2527
514
16
252
2028
518
579
520
505
3980
119
1853
1402
3155
3377
528
529
3453
3417
1409
2378
3955
1552
996
537
3497
2686
540
2269
968
3301
2080
2425
3216
547
1051
2059
550
1994
530
1587
2274
3551
556
1703
2186
2072
823
2275
2052
2443
564
1064
2169
567
1954
651
1257
29
572
2306
2493
575
3622
2728
3683
2607
1866
1008
90
583
2819
1676
2430
1515
588
3056
1992
507
1131
1775
1035
1834
1226
2420
1090
3655
600
1887
1818
2
1989
2710
157
1976
2166
826
2489
3720
612
1041
614
2494
665
1718
618
408
864
1808
622
2599
3344
625
214
1636
3196
431
3060
6
1129
2959
3616
3114
1172
3653
599
639
640
2480
642
2460
889
1178
3900
2233
1780
1664
2167
1512
2900
3293
2011
609
305
2875
3249
2503
719
3104
1450
771
3531
807
666
2156
187
1710
1715
671
672
779
1925
596
1875
3284
1854
114
354
2113
3731
1029
2535
685
2153
1229
3738
598
690
3375
3725
2370
1796
2081
1395
2399
271
3830
700
1772
1850
703
2696
2235
2891
707
2505
3081
3000
3164
2397
680
978
375
828
717
3256
3407
720
2620
160
3807
3917
2211
309
86
2825
729
730
3046
2485
2649
2585
3578
1988
865
1845
2955
740
115
1569
3998
766
3124
1745
1012
2918
3187
2868
3906
3435
2799
1362
186
3994
1248
284
329
3682
283
199
1163
2834
50
3090
3442
2185
877
3378
3324
1070
3782
1884
3190
568
3658
536
3557
1527
3527
3241
783
3721
1086
3992
787
3728
3088
3608
3440
3523
3037
2452
172
796
930
3194
2779
3487
801
3983
331
3027
1169
3990
2750
442
3222
810
3821
2557
3272
1889
1577
621
1327
818
295
1924
2774
936
1885
824
2006
962
3464
982
581
3397
1014
832
2366
311
1432
2773
3736
2721
839
1187
1678
2513
2225
3635
948
743
3829
3854
1451
1516
1073
45
853
854
3918
856
1360
1408
2414
860
3286
3120
2965
2920
3570
1354
2085
868
1434
3450
1717
3987
1902
874
875
2957
3121
42
3788
959
758
2365
883
884
885
2525
1386
888
3706
890
891
3449
3308
894
2020
303
416
902
735
3269
3746
1120
3826
3170
682
2962
3692
3664
2108
1620
365
939
913
3592
2341
1999
917
918
2335
915
333
878
753
924
1662
926
3522
928
1568
2045
931
678
3279
934
488
852
937
2705
2089
3006
2002
942
2706
2936
945
3660
3519
248
2054
1174
268
2462
3690
493
777
3260
1657
3669
714
490
961
2029
734
3035
1049
515
967
33
1032
388
1793
972
1075
952
2252
2893
1492
15
950
1582
981
3473
2574
477
985
851
2466
2958
3106
990
1209
2974
993
708
2677
960
2666
498
314
2931
1637
366
3219
2940
1737
324
2744
2737
2795
2497
1011
747
1013
200
1015
775
2772
2897
3884
2916
3902
1464
1023
1505
3726
1026
259
1074
3743
605
2942
2609
3036
2328
2304
1912
3711
2509
1039
689
2530
2699
3373
182
1857
2217
1047
749
3778
1893
2789
3459
1296
3052
557
2790
3547
472
998
2014
1345
1062
3163
2881
545
3963
1067
48
3631
772
1071
1072
3979
2632
1960
1627
569
1871
1260
2318
3366
1082
3880
538
1428
706
2367
2385
2398
148
75
2078
1578
1033
1095
1351
841
1761
1162
2764
1634
1102
561
3422
2237
1247
3129
381
881
1110
1111
4000
2738
3433
899
2018
1117
224
254
2566
999
3685
3544
1124
637
223
1767
1128
632
2431
1267
1132
1133
2314
1135
2930
155
2596
1430
2364
1809
1758
3724
2401
226
2861
2541
3399
3737
391
3537
1152
3096
3816
589
1156
2071
1158
3408
1160
763
3611
769
3715
3640
522
3603
932
132
2792
1166
1697
3165
340
3509
1176
986
1698
1653
3597
479
1182
3420
1813
815
1186
105
1188
1563
1190
1899
457
2817
2613
2664
1407
152
93
1199
1200
1878
774
3455
1590
3810
2424
3518
1297
1159
1210
1211
1212
364
2976
752
3642
794
2615
1546
872
2142
1093
1223
946
1883
3402
3865
257
2373
1230
3828
3969
2454
1493
299
217
475
3717
251
312
808
2506
1524
2149
3311
244
788
757
571
3168
3554
1336
3612
2057
1096
1363
1644
492
1259
2165
2626
205
1263
1264
3596
440
1594
1268
2997
418
3068
963
323
2971
3153
2222
1482
2924
1227
580
560
3783
3329
1284
1911
1286
452
2268
1289
933
3276
3195
1293
2152
276
1370
2853
1298
1742
169
3319
3283
2042
1987
1687
2320
806
2560
1923
3654
2824
1218
3820
1314
3215
1316
2271
1749
898
565
1321
1982
3615
1324
3304
3849
466
793
2384
1330
2852
941
765
817
3533
3623
1337
3679
1398
1340
907
1103
2820
1279
3325
2025
1741
2354
196
3224
840
2019
3064
3575
973
409
2784
55
2576
3757
1498
2589
2611
474
3975
2988
3710
3645
1753
3588
3960
1489
410
2151
502
238
2307
228
896
3852
1381
3936
1383
2809
2645
2888
3548
3484
3925
2261
1391
767
1675
1184
3808
1949
1891
1339
697
1400
3414
3167
1403
1404
847
2291
3470
1422
2277
3424
3515
1412
2644
422
2926
1416
3732
249
426
1272
1421
2742
2591
3996
3874
2949
421
3899
2478
1139
1431
525
2614
1265
1539
3386
1481
3652
2496
1440
2735
1442
269
1290
3789
1213
1447
694
1449
3011
849
3095
2978
468
54
1456
3245
3649
1459
1121
2941
2146
935
192
2242
455
330
3718
1469
3968
797
1795
2490
3673
532
2832
1625
78
2580
2682
1609
3972
1483
2877
2322
1651
2015
3539
1108
814
212
670
3517
1311
2195
1496
3192
3814
436
1619
2127
2657
2907
60
2311
2415
1197
1508
378
3062
2150
652
546
2972
2448
3952
2567
519
2842
1520
2374
2689
1523
2287
1525
3201
3148
2736
342
911
2859
3100
2889
3707
3697
1822
92
2595
3130
1649
3546
258
722
1971
1545
2544
3102
1548
786
2559
2126
2836
1894
3374
2077
2743
1091
134
1559
3116
2542
1906
2116
1564
3112
1603
3851
2123
781
3790
1760
1065
958
70
3951
3831
2103
3947
2163
2606
2255
104
657
62
1888
3643
1388
1734
980
1495
1591
1254
2654
1003
395
2727
2164
1373
1378
2344
2811
3954
3949
1604
2204
2876
1607
2601
867
2179
386
2360
2160
3369
1615
3072
1617
2313
3910
2989
1751
3681
3753
2919
2135
3017
2499
3982
3337
2745
1621
1632
1633
1010
2229
1786
1918
804
3317
1640
1641
1441
156
1202
3181
2783
3080
2658
3676
397
805
2481
1638
3671
674
3875
1027
1658
1659
1660
696
3928
893
2634
1665
3545
3999
2446
231
3742
3891
1672
3171
1674
2768
1688
604
3919
3627
3227
1171
1511
10
3355
1685
2260
1037
2464
1689
2009
3896
1692
927
1584
2171
2007
202
1122
1057
3105
3086
1702
1288
1544
3476
3240
1797
1478
478
1616
1711
2176
3160
3152
1757
1650
1461
2380
272
2882
87
1722
3073
857
1740
2691
3909
2100
1729
656
2419
1732
1161
2981
2517
3701
3950
127
3267
1725
1193
971
2183
1716
1755
553
1926
2627
2537
3161
3078
1979
1453
1694
184
1276
2248
230
2305
178
1334
2687
1269
1764
222
1645
3477
1768
2334
3254
275
2600
1343
3108
712
800
1154
2610
2392
2775
102
1986
1385
594
3561
2140
3964
3468
1789
667
1791
435
3007
190
2752
94
1300
1798
1799
513
3691
51
845
343
3421
2182
3760
843
3041
1935
1105
167
1155
1975
2001
1816
900
1462
2984
737
406
245
339
2954
3888
1826
449
617
1829
3485
2571
1807
3004
2587
2157
63
1377
1838
3550
3562
1291
1842
1843
2553
1557
3599
2416
2518
3687
1709
3636
3795
2330
3939
3774
1663
2662
3021
1833
253
126
1862
1863
3208
2653
3813
1867
470
695
1870
3934
1872
3861
1874
2325
2514
3059
2933
44
683
785
1555
256
1423
3777
2429
510
1585
255
539
3926
1892
3478
1558
1529
2663
2030
1898
3265
3530
1517
1628
1903
2312
2717
742
1907
1908
3367
247
2145
1497
1173
74
741
1592
1917
1856
1966
2672
1668
1922
461
3584
3948
3882
363
1059
2630
1930
919
1812
3714
1444
2629
1936
17
1938
3587
3913
1941
2548
2555
3025
3908
1946
2807
3756
1396
1950
1951
3143
3209
3354
2952
3856
467
1426
2022
3177
3799
3580
1963
1964
2565
263
2353
1639
1969
3894
1410
304
727
401
147
3843
1977
1978
3514
123
715
2864
18
235
2896
1782
1304
846
1654
2762
1991
37
1993
686
3977
1996
1997
1998
2377
1436
1028
1352
2003
335
2655
3218
1696
1721
3299
1016
1326
1233
2013
3648
1487
2223
2137
1266
2765
185
2170
1100
3560
41
61
2099
861
2578
2826
2540
1927
227
2336
2781
2035
174
2047
1179
623
649
165
2249
2098
1168
1195
2572
321
2709
2049
2050
3577
3469
650
3739
3475
2884
3803
1860
3776
2060
654
803
118
3213
3030
693
162
2860
2746
615
1114
234
2716
1214
2075
1460
142
3372
3331
1680
3441
2082
2937
2084
1437
3590
1835
2088
2289
278
2051
2074
3111
3988
2477
1369
2294
2588
3797
1756
382
407
3709
47
2575
1021
2856
1859
2272
2110
2111
1414
2993
2114
1147
3032
2117
2118
241
3862
3157
1036
584
2293
2402
644
662
578
1115
3013
2131
2132
3457
2296
1273
834
2017
2350
1784
3137
3759
3273
2562
3663
1364
2458
2147
2148
3610
2719
23
2703
1390
523
456
112
2833
3278
3147
1338
1038
2162
2231
3804
153
1821
658
1801
2556
389
110
2172
2173
3382
2175
84
3251
1052
168
3238
1140
2582
3614
2184
3870
2112
81
3327
726
2456
175
2192
2193
250
3463
3901
1303
2640
128
2375
2468
3362
3158
1765
1948
1468
2202
1232
2209
1580
1322
2212
2121
298
1945
3482
1445
2266
2219
2220
1058
3505
3662
3098
2642
2963
1677
3923
1359
3242
997
2767
1811
3836
504
2236
2036
2238
2239
2407
3
789
2243
1433
2911
1669
3526
1851
3371
1471
2058
3678
509
3970
1581
3879
1802
2258
2265
3094
531
3412
1763
3172
159
827
633
2886
944
3698
3656
2869
3920
1727
1376
1150
3175
2138
3024
3186
2281
3543
1686
206
3002
3070
2895
1136
2310
506
2115
197
3336
844
2295
702
2297
2829
2299
3869
2301
3359
2761
2139
1397
573
2851
3761
2309
3248
2333
1488
346
3403
1000
2316
3765
3346
2846
1306
2321
698
2327
1170
3997
3735
3128
1034
3361
2283
82
558
1503
1583
3144
3801
2250
2618
1824
2340
2621
2205
3594
1704
2592
2346
2347
3182
1535
1175
3569
279
146
1477
3937
2356
2357
2083
3489
3127
699
2362
2944
3318
882
3769
1506
3931
2675
164
2097
2372
181
3876
3258
3387
2244
1606
1846
1642
2337
8
2383
3404
3438
2995
2387
3781
2389
3563
2999
2040
3040
3699
2395
3334
1315
921
762
2400
2633
3847
2403
2404
2405
1231
1852
2680
1167
2410
2411
660
3049
859
1118
1079
2417
723
2994
1655
2421
3504
2423
3798
2106
2426
384
2428
869
955
2838
2432
2286
2539
357
3400
2437
1463
2439
951
2733
3305
1836
2690
3730
495
2447
3812
2449
2450
360
1865
1571
2413
3022
1474
1119
3665
438
3431
2461
2086
2463
1541
2909
2109
2467
3456
3600
2470
2471
96
2323
732
2475
2476
151
3376
3107
3302
9
2858
692
2484
1543
2486
2487
554
610
2216
748
2492
1089
1553
2622
2455
428
2498
1817
1500
2758
1076
1744
2504
1237
350
2584
904
3921
2512
2511
2946
3800
1384
2188
1050
2847
3255
2617
2520
2521
281
713
773
1486
3905
1342
3568
1513
577
3392
293
2533
759
1980
2536
512
2538
2107
638
2840
3191
270
1275
1358
1612
643
976
2549
2550
2810
2284
2251
1134
1646
2638
473
351
3300
2808
3712
3541
886
3071
2788
2720
2061
2345
1318
2915
3225
2240
2090
1528
1958
3598
36
3268
1220
691
2208
2671
2119
1319
831
3965
3802
3912
2343
3063
2668
1191
3261
2594
3294
1138
3271
1549
1054
3750
3289
403
2800
2604
2605
1413
1551
906
524
3010
1256
3139
1701
799
3703
2616
816
491
2619
1387
3044
3173
3827
1921
646
2197
1157
1094
3427
1572
399
361
1890
2092
2635
2639
3229
2371
1307
3445
3045
266
1083
3138
1372
2646
1901
2361
2200
2650
3472
2979
3824
2532
2005
2751
3930
1648
2865
3565
2023
2543
419
439
820
2685
2667
448
2669
2670
218
2870
2712
2230
3680
3310
336
2207
1681
2408
1470
7
2683
2041
1869
180
2564
3595
2534
337
28
1959
2693
2558
2695
2253
2563
2698
2129
755
975
1153
3775
1420
2502
943
229
1382
35
2136
2711
2977
1031
2210
1112
1002
1984
2998
2641
994
1841
1380
2723
760
916
1588
1738
1700
3019
3452
39
1514
2124
2734
1928
1785
1252
1466
98
101
40
1228
837
425
1666
3274
795
3957
3675
3638
977
122
1006
2754
1794
1207
1530
3633
2759
1196
46
721
2763
1472
2547
2396
992
1990
1361
2442
2771
3986
3558
2434
1919
1730
3943
3903
2839
2445
3981
103
2603
1357
2130
1739
2332
3189
562
1973
647
3532
1240
437
1009
1007
3668
2798
1605
1198
2522
1837
2096
3042
3666
2806
2459
3432
576
1490
2338
1392
2813
2814
627
3751
1063
2878
3747
2803
3848
2822
2823
2303
1250
3016
208
2828
908
2554
2801
1540
385
1726
929
535
2837
1085
3502
1332
619
1509
2843
3811
3085
3205
2831
3306
3101
3521
3136
446
2262
2379
213
59
341
2631
3723
910
3001
2844
2694
3122
221
176
2770
2355
2227
1601
2871
3644
2873
1323
2134
1631
508
1790
2879
2749
1955
1720
2883
3985
379
3741
2887
1611
811
2890
2793
2031
3474
2894
3744
3924
3326
1125
2899
3496
1746
602
987
462
1348
2906
2257
3785
2465
2910
2390
352
2913
2298
2545
2004
2917
3197
144
2748
2921
1708
2923
570
3008
1238
2273
1626
606
2270
624
2932
1201
3093
2935
1920
89
290
1046
2623
2546
325
677
3605
2945
1145
1317
2660
1576
3077
863
687
1278
3958
1684
1219
411
2816
3661
2519
2961
3298
2349
2718
3067
3553
500
3956
1084
2970
2351
1055
2973
1181
3239
71
1931
3159
3938
2980
1773
166
2983
3416
2985
984
2987
559
1574
374
2757
1097
681
2241
1518
2996
2178
3873
1981
2902
233
150
778
1448
1855
1438
1823
2704
1974
736
3591
2830
2818
3014
173
3133
3967
125
2991
3020
2898
1787
2288
2133
349
3026
417
3028
3066
297
611
2835
3033
3034
209
1896
1406
1915
3039
953
1562
1933
3043
2190
1130
534
2412
733
1934
2168
3051
3866
402
3704
3055
2862
3425
3058
1792
1538
3061
3694
1735
501
3288
725
2797
2804
645
2433
607
1618
1719
3628
424
1804
1909
2528
3079
369
1261
3082
3083
2409
2845
1355
3087
1779
5
3722
3091
3038
1537
1141
2203
1778
3109
2624
3099
3234
481
348
1164
3290
2778
3054
2479
3796
79
3520
282
1165
3113
2469
3115
1137
3117
3118
3119
2218
661
1914
3123
1019
3174
3232
3922
394
3217
3583
517
404
770
464
1566
3141
2724
1004
2228
3140
373
2661
792
761
3321
940
1800
1394
3674
895
1344
2368
2488
2956
2329
332
2551
3443
1458
2191
2679
1652
1389
194
3291
58
108
1965
2674
2278
909
679
3573
3755
1419
2927
434
3166
3236
1299
956
1399
3381
486
1123
744
358
3188
288
704
459
1077
3210
400
2324
2874
246
3322
3199
3200
1608
1098
3203
3204
3303
3818
590
3516
2967
3297
2196
3212
2246
3214
3559
277
836
280
1522
3220
3221
3410
3223
974
1831
2908
2070
709
2224
2756
198
1771
3806
3125
3307
387
3237
38
1565
362
1204
1788
2076
3149
3729
716
3762
1705
1803
1770
3858
1042
1599
177
616
3162
3257
791
294
367
2643
1550
43
3264
582
3156
3379
3131
995
3270
3534
3277
27
3693
1022
2279
3989
1830
1417
964
1208
3282
3945
3881
3285
1534
3009
137
1693
1961
3154
527
3609
3927
1335
1244
1962
601
2570
111
2552
1353
2568
2438
4
1285
835
3447
447
3358
3494
3259
3995
3314
2943
3914
3281
2593
949
3048
1439
669
3323
724
3466
3602
2282
163
2573
3330
521
2213
3883
3713
3335
2441
2510
3338
1180
922
1776
3342
1501
453
3426
3266
3347
2702
3349
465
3391
3352
635
480
1972
2782
1142
2376
2579
3360
2684
551
3495
2673
3430
1081
3436
848
3287
3370
1614
3047
2569
3413
285
1647
1880
1092
1504
2785
2066
2812
3383
3384
91
2625
819
1287
3890
3773
3758
2531
3393
3394
1706
3893
2708
1690
1507
3944
1748
2483
1078
1759
2769
3915
1349
549
3409
1294
965
3772
1148
663
3132
1929
2472
3418
3419
3552
1277
1185
3423
3966
2302
3483
1224
3953
2938
3842
3647
1308
3942
3454
1215
310
586
2027
3439
1371
3855
3451
372
3444
2198
3446
121
1005
738
1712
636
3860
3097
1573
3940
2602
592
2515
587
3460
3461
3462
1827
813
3465
543
3629
1149
383
2436
3471
2382
2791
2912
2280
3822
2095
2073
85
2422
3481
1967
2903
216
2821
1526
3207
3488
684
2342
3434
201
1020
1245
1044
2848
3857
1839
3499
3500
3501
1374
3503
3076
1810
2904
2678
427
3295
2369
1881
3333
3513
1295
1561
2964
2590
2263
1643
809
380
1723
1320
925
631
2726
3292
1567
296
1465
2636
3340
2960
710
2713
2652
1886
2815
2008
3540
701
232
2386
3185
2740
1939
2159
905
1280
3700
2714
1183
1350
1251
2348
3556
3235
1932
1217
3176
2529
131
2406
203
1302
3566
3084
2012
1707
1088
2776
3572
1241
327
2730
3576
1048
1346
3579
1435
1820
812
3794
1309
1333
3065
3929
954
2187
261
1043
3582
3332
3792
2068
2637
821
3823
3621
2177
879
3228
67
3604
1484
2786
3074
2647
2526
2701
728
265
3786
3491
3974
1080
887
3428
2194
3620
3339
2026
1510
673
3625
3626
768
754
3702
3630
1714
3632
2038
3510
2866
193
368
1873
220
3991
3641
1970
1586
2901
3429
2729
1968
3193
3589
3650
750
533
871
1017
2707
3688
3458
3247
301
3490
711
476
1107
2577
2010
903
2766
664
3480
454
3832
1056
626
1283
2880
1670
3677
1840
1040
1940
1622
1847
1876
966
2612
3686
526
3012
3689
353
1146
370
764
3320
3705
1258
3356
3549
3895
3708
2206
2044
429
912
668
3363
2516
2598
289
1367
1844
2388
3771
2319
2608
3749
2867
1985
3719
1937
2181
3684
892
2101
100
1151
433
3646
629
566
822
1328
630
1610
1053
3667
3252
653
22
3740
3150
3178
3180
2352
3745
2665
2016
1624
3716
1045
2928
3984
3538
1341
1944
1236
2381
445
2950
648
2308
1595
2276
1533
2317
3766
405
3313
3525
3770
2055
1292
3390
1177
1600
1480
1769
3863
3779
3780
676
3316
1868
3388
3853
3613
3787
1819
1691
2561
3791
355
3793
2982
2872
2975
1242
441
76
1305
2648
595
991
2247
1205
2143
2199
825
3809
2180
3345
195
1301
1
3815
2053
161
460
3819
1274
1347
3586
2300
317
2892
3606
3395
2189
3145
2473
542
2393
1189
1995
2747
2232
3837
3838
3839
398
1724
1828
334
3844
3845
2732
3733
1597
3511
1750
2093
3825
3764
64
3263
1956
3437
1783
1418
3639
1485
1952
3976
3864
3670
2676
2953
3069
3507
1762
415
3872
675
1570
2507
393
3877
2065
2094
3932
3529
1747
2796
2777
326
3898
3887
1825
3889
3389
3581
3624
287
1861
1849
2102
2905
2339
2990
3015
3211
2048
1109
3904
563
1673
2854
1766
1127
1683
3206
3734
2363
1194
858
3916
140
347
2780
2523
3262
3343
3050
2435
3246
26
2863
1473
306
483
634
2925
138
3198
1061
830
1262
739
3617
3029
3941
2440
3850
1271
920
3695
938
2033
489
705
20
989
3657
1602
2929
1429
790
2651
3959
291
3961
3962
3593
210
2586
3357
88
901
3202
2254
30
320
3973
117
1365
3524
1060
3978
870
1983
2039
2628
838
3752
2021
3892
1144
1249
3637
1815
1848
880
1947
756
1126
1424
3280
3911
866
1877
