3182
2073
5399
3353
5
6820
2478
6579
4251
6709
2149
12
2547
4651
3063
2635
2057
6525
807
3439
21
6334
1390
5030
5376
6167
3164
3503
1795
4253
4793
3662
2807
34
35
5611
6279
5819
1530
40
7973
2852
2327
4062
6556
6139
2172
7306
6361
4175
3416
52
4719
6768
7331
1873
57
953
2844
4661
6901
6095
3085
6066
5766
4294
4864
2452
4215
7884
499
1445
4766
4896
7021
889
5585
78
79
4648
1179
3467
83
5303
751
600
7242
3076
1494
1627
91
5770
2401
5484
4061
1268
5072
5499
3899
113
101
7918
5983
7029
6164
106
6461
1951
2850
808
5217
112
992
6656
873
2950
664
3573
3970
750
3372
6394
586
5334
4642
379
4414
5660
764
3910
131
6141
133
7924
3146
2196
6487
5672
3565
230
860
142
1144
144
1819
7522
2537
7508
3418
150
151
3296
5969
96
6620
3399
157
6607
5060
1406
2752
5528
3955
7726
510
3265
5737
2841
169
5835
694
2839
1860
2978
175
1938
6047
7468
7378
7365
2608
2277
4274
3079
756
7758
4506
2526
2697
190
7008
192
48
130
195
7578
197
1284
851
7178
1382
2117
203
6945
5238
1713
207
450
7643
210
6548
6331
3538
1779
1401
2563
217
6691
7396
1151
383
222
5513
2182
1608
226
6678
2675
3058
4260
6440
232
233
1736
3321
236
3959
3894
5980
6317
2747
242
6614
2296
7625
2219
5574
5055
6323
826
6262
4347
4579
6201
6390
7711
5869
2907
1850
6591
2318
5943
5514
4684
265
266
4918
6272
269
3868
5355
1415
1902
2338
275
3145
3428
4426
461
280
1909
1973
283
7550
5895
950
7806
6106
7147
2908
1705
292
293
7487
194
2055
7596
2766
4419
6040
2229
1975
303
3131
305
306
4395
308
6649
310
205
5284
313
6526
315
6031
7963
1080
4597
4951
6621
322
4728
6747
3338
7992
3646
6208
3038
5932
331
991
7109
1433
6188
4054
4567
338
7946
3951
3253
575
2221
3706
1320
346
1852
7991
2893
6930
2489
352
3870
7469
6897
5488
5314
2894
7926
360
361
7640
247
2662
2092
366
3962
6342
6127
5624
7321
1342
5787
801
5197
2600
4456
2765
3011
1332
493
6939
5408
7159
2367
6762
5541
677
4250
1314
342
7151
2943
3508
3512
3563
6263
6091
3748
5138
1446
3220
663
121
3996
6182
3830
2113
409
606
5823
412
184
414
4742
16
444
6490
2889
7715
3477
5587
5114
2532
2695
1479
427
3912
4874
6566
468
5903
2910
3301
7447
436
7974
5252
4462
5479
1263
7843
7584
4324
5011
5704
3010
2567
2052
4781
4149
452
323
2803
1553
6306
693
3533
2819
460
7308
2066
485
464
5557
7462
467
2275
5169
4877
5757
6068
4460
4561
6067
7761
688
5180
7960
488
481
4283
674
70
1410
1173
3722
3046
7354
3221
4630
7783
2061
494
5156
7202
4928
6008
4386
1579
3578
5600
503
7477
4173
5413
2874
2375
2511
3685
5917
639
513
514
882
7729
7887
6858
7096
2030
7091
5882
3275
5219
4427
4164
238
3931
2409
6042
7366
3808
2960
2410
6777
536
5034
7659
539
4562
6395
542
4641
618
6950
4944
7929
1099
6121
4842
7122
5427
5702
2204
7405
1061
1651
7597
5317
128
1470
562
3647
7364
7745
1760
6536
4945
1269
570
453
5086
6407
4252
4034
1234
7080
3331
2147
5840
6726
2207
6131
3287
585
6616
2613
5610
4292
590
1744
5482
2007
81
3308
6099
1959
5050
7083
7119
1605
602
4658
7531
7725
3000
3630
337
320
645
3460
2988
1326
7949
6449
2133
7561
385
619
5164
4790
2627
3518
7605
5491
4590
627
4080
1971
7864
1013
1790
6089
7113
2989
636
1770
2195
550
7394
641
7101
5375
7983
1661
2591
647
2471
649
650
2508
7702
7544
4466
6931
3203
6569
658
5480
7368
240
2271
7662
7169
1037
4700
667
668
2175
4485
7930
3040
3575
4055
7835
479
7641
446
546
7453
4989
7307
683
5971
7781
5032
5129
5272
5623
491
1409
5771
752
5165
3232
33
697
1136
4257
6660
4434
1091
1987
7590
705
270
248
6297
2156
2517
4381
2773
4162
2545
3715
3568
717
6112
1121
6484
3412
1111
429
724
725
2032
2341
3118
3369
730
6628
732
1578
890
3532
2382
7266
3122
5924
7620
2698
2466
4071
1603
1100
746
747
748
3257
120
7296
5088
5992
5024
755
6474
551
3751
6282
5688
1991
4889
3280
3008
765
766
5054
768
2307
841
1928
6805
6657
311
4155
708
603
4156
1895
2669
4778
2145
5025
5360
2022
4517
6814
4332
4129
2502
7459
3729
2214
447
6076
796
3660
4326
6765
1577
5487
736
3544
3855
5358
6952
5013
1439
679
810
4965
5922
1242
2677
7594
5093
817
3968
5311
6770
3087
6598
7670
824
272
2912
507
4680
2150
7700
165
832
7794
2483
5691
2737
7473
1836
839
2925
3227
178
2583
6558
231
7149
6842
4925
7965
5559
6159
6176
3611
5425
3980
4216
7170
391
1533
8000
7614
7297
2770
7956
6453
6364
745
868
6294
4043
871
5328
711
3675
1525
876
7220
5954
879
6679
3135
2533
2019
2337
2586
3443
1678
1659
6056
4240
7387
1543
490
3039
7705
7341
1657
2090
899
5662
5154
902
6505
904
6612
6862
354
1570
5630
924
7859
912
1034
1645
1336
7559
4402
3095
2142
6911
1611
6184
923
6641
5070
926
927
3200
7370
4245
5838
932
1060
934
1492
7509
937
304
7563
6983
7558
498
3780
7952
3625
6161
5695
4053
4709
1580
3234
952
695
5014
6785
956
7494
1621
5767
6000
2183
4568
963
2332
3983
1189
2884
6189
1704
7
971
4717
6979
974
4605
976
978
1526
2174
6717
1612
3667
5385
2218
5589
6198
6231
7969
6806
990
4166
6772
4902
2842
6629
3994
5775
569
7276
1000
1001
5003
7051
7602
4574
7588
1392
6501
1128
1010
7832
1012
77
4987
2403
1195
4840
1018
7280
1020
5887
2387
1855
4979
6375
1026
1903
993
6077
5796
5389
6802
4676
7234
2217
7031
4745
3389
2678
5664
5985
4826
2962
3791
3817
1403
3604
7672
1049
152
3342
1302
7205
1054
4545
3893
3111
5304
326
913
556
7701
712
5403
4140
1432
1067
5878
6674
3272
1208
7446
1073
4337
3444
887
4378
6949
5250
5696
4660
2063
6408
2629
2646
1086
2168
1088
4657
3425
4094
6118
1093
1197
7426
1797
1097
1098
5325
6929
143
3415
1545
4262
1105
2059
5289
1108
5615
2011
4464
1677
7156
4515
6170
7855
4571
4818
7627
6652
7300
4174
1649
3199
3225
1156
425
4672
3566
136
2451
4299
6392
2885
1135
1827
1137
416
1139
5612
7838
3414
3035
4342
5101
7305
1147
1559
5996
6606
387
7710
1153
1154
3054
2402
1157
2500
1159
1174
3862
1162
2756
1164
474
1166
415
4646
3142
4359
3889
1828
3712
1834
970
3325
4527
4077
527
3421
1181
3992
6744
3117
1882
7629
3464
589
7026
5212
2381
6025
3601
3411
454
2607
329
1217
1746
6291
6880
5781
1203
1211
6878
5620
7348
2060
897
5754
6113
5300
6427
1214
167
1216
4887
7229
7520
7437
1221
7789
5807
661
1225
4580
38
7741
3196
1230
1231
3976
4207
3978
1235
1236
696
7058
7073
5476
3140
6438
2071
2309
6217
5649
7667
651
4003
1250
821
3623
2782
7842
1255
7148
1931
4503
7399
1035
1976
805
5999
3192
4134
2144
4850
3409
3171
6259
6517
6117
7057
5181
6
1276
1317
1278
1246
3519
362
7120
1412
213
3294
1286
2991
3491
1943
1290
119
3003
979
1950
3795
5434
6010
4090
7603
20
6671
7743
4500
7552
56
6354
4095
1597
1309
1310
4624
395
3362
6789
1003
567
4311
1318
5905
845
4556
3387
6524
1745
39
5555
1223
5553
1329
6298
6872
135
6016
4586
1335
6884
3643
4704
1742
2047
4729
2832
1343
720
1805
1188
2176
1872
224
1350
6706
5125
2274
1568
7497
1356
838
439
1359
4735
4193
2748
5094
5551
1048
1366
7277
2046
2804
2645
7198
4195
1373
1374
7816
7693
1377
6218
4525
7467
7416
5166
1383
1384
7954
2162
1387
6154
4114
2178
4505
1674
6773
6977
5945
1396
6988
5834
4796
558
7371
4681
6478
2159
5379
2550
6209
2006
6411
2025
7564
4617
2494
3877
2258
4254
2992
2700
3141
4235
1907
6970
1423
2507
1582
7977
4443
1778
1538
6498
4488
2781
6405
1434
1033
1503
6941
1998
6013
1440
2750
2638
1729
6832
1754
5894
1191
915
5721
1450
7108
2771
4990
1454
7367
1456
1457
5167
1360
4198
5343
5856
5442
3374
2742
5210
6080
512
3340
6663
5697
6905
219
7536
7767
2927
2033
7260
6324
155
6197
2224
972
3514
6421
4663
7694
3873
6728
2818
1491
2418
7224
3019
7750
6830
1497
2544
3094
6227
6636
1502
4910
2234
1167
3091
42
2802
1509
7845
4814
1782
5719
3309
3173
3089
2344
1845
4096
4218
4573
580
6194
1524
27
1053
4284
3872
1529
6207
7318
1532
4664
7461
2009
277
6432
2319
7581
2184
1541
505
480
7429
1103
2249
1607
5211
7499
7818
4491
6417
6108
1554
1681
7910
4707
6546
4016
1560
7712
3641
2928
3695
4000
5130
2972
1354
1251
1573
1571
6237
6203
1574
3130
2388
5269
1842
7030
622
1581
2355
6575
1584
404
6635
5472
5605
7854
6429
968
1592
2137
2484
7687
1596
678
7434
4430
1600
6918
1602
1311
5599
5674
1615
2031
225
1609
6690
5134
3655
4749
848
6739
1616
7252
6190
344
5984
5921
5099
60
1542
6876
456
4374
2114
7543
5132
6436
3235
3567
145
1833
2075
1637
4591
6069
1787
1641
1296
5758
1644
7374
1721
1647
3800
5561
139
4369
1652
6916
7737
7996
6481
5774
1658
3264
4685
1957
7756
676
4001
5815
1666
6676
2961
1999
4930
259
179
7201
2412
1490
6172
4534
3772
23
268
969
1682
1896
4212
7696
4861
2973
286
1689
5456
4576
1059
2203
4409
3545
6821
2920
2115
7942
2882
1351
1978
4789
7955
1772
3574
3263
5438
5552
6022
6216
6140
2780
2536
1715
5110
1717
6111
5920
2758
1184
1722
6956
2711
1725
6774
1727
1476
1813
3368
250
7546
4509
2654
3456
5263
7369
3488
983
6081
7115
4875
1743
631
6142
2749
4811
5717
1749
942
6694
1752
2932
5335
7909
4581
214
4447
3839
7621
2064
6634
164
7688
4932
1766
1767
1768
5067
1338
5381
47
3041
3108
2976
4492
1363
4199
6264
6446
300
7833
6703
3971
6647
1786
5652
1414
6713
632
1791
842
581
3610
6850
6152
6426
7707
3924
1800
6340
6673
1803
2024
2590
4228
1807
1316
7981
6672
5642
2763
6499
2100
1815
3592
1623
5324
5545
1258
3844
7852
4837
2642
138
5117
6062
609
1829
7361
6545
4899
1726
7796
1670
6373
1837
630
4187
1853
1519
3442
7089
6210
5009
1169
6183
856
1655
5033
2105
5956
6214
5548
3863
2222
4008
6759
3837
173
7548
5080
6144
506
5406
3474
7255
2189
778
4306
6309
5048
774
114
2789
5670
6102
3525
1546
4186
1572
7911
5119
6105
3109
1886
4336
4232
3547
1890
3498
1765
5341
857
6976
1683
1897
4278
5678
4052
5582
4298
4883
1904
1905
5560
7401
1908
6972
5793
4305
5962
5184
3057
1748
1916
7433
3671
2010
1920
7513
1922
1923
4801
5716
4028
6085
6312
7857
1930
6848
1932
6746
2580
5889
7389
2288
6165
973
3494
7397
2250
2399
413
3932
984
5333
1948
2674
1968
4165
3929
3923
5900
2984
6992
4023
6913
7343
5779
6715
3286
863
1307
5102
5275
1967
1294
2246
6412
996
1429
2513
1974
2026
2079
2521
1438
6476
2640
7207
7525
1983
2769
4926
2775
3219
3424
1857
933
3014
2853
1624
1994
6813
4674
6953
2040
7082
1352
3168
2002
6742
2048
4756
5216
7731
7606
5685
5951
3799
2012
2863
644
3934
2016
4819
5981
883
5501
773
2498
517
469
2097
5202
3801
1171
1671
3861
2141
4398
4653
1299
7804
5316
2655
7718
878
6506
1680
2042
4327
1149
4632
1266
4436
4881
7273
237
4147
1486
2349
1204
5029
7074
5880
2058
1106
5554
4244
4752
4808
7967
1817
462
7830
2068
4757
3260
3621
6993
5536
2074
2202
1182
5401
3364
4531
565
2081
5713
2083
3124
5098
975
5847
7545
5619
3344
534
7656
6504
7817
3874
7104
1606
7320
4587
7736
2236
2102
1551
6668
1471
2618
2503
7651
2109
6974
4181
5057
3616
5483
986
2116
1894
6466
2396
7532
5879
4018
966
794
2658
2673
6413
54
1702
2130
7483
2132
4048
4076
2610
2003
1593
7253
4879
2140
7048
4937
2143
7515
3211
5127
1633
2148
11
785
7481
3669
6990
5036
3991
296
4662
7492
5227
1590
4258
380
4312
3198
2165
2311
1604
4604
4104
4986
397
1771
4108
3341
669
6396
4812
7044
1082
7888
4131
3147
4109
2185
2247
2331
6530
5477
1868
7194
2191
7628
743
3941
1176
7860
3796
6320
2199
5601
7734
158
162
7480
86
2206
1308
4677
4480
7623
388
2745
5976
2134
2346
930
1260
6381
6301
6859
2120
5789
3016
3244
6204
5306
3209
2929
5240
6071
1537
4170
2233
4270
2235
2072
5849
4234
2239
901
6603
3453
2243
2244
2876
216
5818
3289
2491
960
7529
309
2253
2356
6473
2256
6307
7777
2259
5336
358
6360
2263
451
2649
7373
7388
977
7635
3642
67
5380
7961
349
792
2020
7948
2161
6984
7787
4563
2034
2913
6651
215
7979
4266
5041
4479
7098
7248
2473
2455
4770
2987
2050
6382
432
2790
1684
7060
3892
2303
2304
2869
281
3629
3143
2305
257
2166
7347
7118
4578
548
1844
5639
7304
3793
2320
2321
7144
1536
2597
1814
4656
3471
2328
2329
2828
1690
7390
2084
1511
2429
866
7015
5607
7875
2890
3484
141
5277
6741
3179
3520
45
2348
6219
7914
7439
188
2801
7877
4558
2660
1333
6098
2264
2360
538
2181
5772
7506
1321
2104
3440
5195
4832
2370
55
7258
3165
6871
3558
2366
4857
4333
5661
2380
7609
1735
5633
3479
5424
3663
6199
2726
5112
1865
6483
3672
3606
5511
5827
1518
5867
2169
4940
2805
5858
2896
2460
7535
702
3676
1917
906
3553
7815
4246
3987
5348
5296
1460
7576
7246
7673
417
4184
2421
3984
4785
2424
3774
2426
2813
2146
4554
2430
4652
3239
6005
5509
3056
2436
3922
2280
218
3905
2441
3051
2443
6378
2445
2830
2447
6222
961
1498
492
68
3686
6982
6283
7615
2457
2062
5100
3101
1282
6589
1005
6337
3760
6511
3849
7314
2374
2620
5684
30
2294
3052
2475
6840
4083
803
7491
7025
2481
3222
7064
403
2814
646
2487
4738
7360
3205
617
3730
4421
172
1970
3463
2497
1123
5760
4665
2501
7518
3990
3901
2812
2292
2363
1057
7975
652
6129
4415
5578
5407
6114
465
6338
116
2519
2520
5313
2522
2523
4510
2525
5400
806
7346
2529
1562
4056
4612
6397
3107
5198
3350
147
3919
2644
4935
2541
5542
7042
3666
7363
3367
2194
7976
5042
2018
779
3961
6430
2393
5714
1095
3853
3269
921
1219
6385
5852
6815
7243
6869
6928
588
2568
2269
3664
2571
2572
7353
1488
929
7380
6811
1669
7801
6344
1475
1353
7215
1485
6496
6836
4371
4846
4904
1719
1014
2592
6445
545
6682
698
2816
5729
3607
4537
2897
7709
7303
1030
4833
7683
2499
3478
3407
7395
410
7674
5877
7471
2696
6794
5374
2589
2078
1924
53
7649
2623
5178
5892
1348
6792
426
1084
1762
6889
2395
4701
2093
2739
7986
1163
1785
7647
4387
6457
7075
2643
4758
2171
1085
2647
1467
2530
3067
14
2652
2653
7211
3438
7302
2657
7448
1699
5530
2661
4242
2077
4263
4547
2312
3068
5026
5298
5174
2671
3115
2437
97
2734
1047
7410
6776
5584
3608
4638
3770
2811
7336
2685
2686
7719
3119
3206
7533
6887
4570
1706
5146
5196
6148
1500
7828
2582
3841
7582
4458
5199
2704
6816
6060
5040
149
2709
800
2192
4475
2713
6665
655
2716
701
4816
4759
4572
5370
7167
2723
7669
4969
1399
1997
6707
2729
2459
6399
6958
5929
6595
6065
7657
6539
7175
3636
368
1330
4895
2743
7746
1292
2659
7503
7903
840
2190
3603
3285
1232
2866
2867
2720
5245
7958
699
5533
5409
5204
3049
985
1935
1588
2767
2959
5471
6393
894
449
5854
3437
7646
1172
7600
5429
5214
2899
5755
1484
616
2693
3620
7896
5387
3327
1875
3917
2791
3985
2762
6826
6195
7853
2797
2798
530
422
2463
3500
1435
7478
4463
2670
6964
185
2809
137
5995
2177
4154
1688
3298
4230
2107
1075
1620
6420
4838
3847
3497
4241
7608
5448
7391
4304
6002
5938
4236
7878
2833
3161
2556
2836
2837
5270
6999
2840
6954
7193
2843
4031
1437
687
199
4533
5176
3656
5372
1226
2712
3224
3501
1985
6472
3888
201
5309
3098
4913
5043
7333
7780
2754
2755
1120
5193
2870
2516
239
757
6760
7137
742
4211
673
5486
4227
7275
5266
662
7648
7070
628
6229
7819
4782
2261
140
7382
1218
7501
5671
7882
389
5776
7188
5657
2901
2902
3555
5194
2905
7510
3798
6103
4552
5485
3312
2041
2407
2914
4152
2916
5517
6705
2919
6370
1984
5567
2923
4797
6740
6021
1008
7872
2228
3927
4272
3907
487
71
4088
859
6193
5495
6316
2940
1927
2942
1397
5629
2998
2946
6439
1421
2949
4980
4496
1789
2953
1963
2955
7757
7067
2958
4589
3279
2245
6587
707
4440
4882
579
4101
2028
5768
2970
390
5378
1178
2974
5872
3449
5821
7727
5788
2980
1823
6720
719
4130
2127
2560
780
1331
5911
2990
5161
7027
7786
5658
3432
5843
5613
43
4046
7490
6310
3077
1295
1839
7571
7105
3007
6748
6580
6250
4732
5896
4470
761
5242
7697
6833
3658
7760
3020
4540
3022
7570
3024
3025
339
6295
6267
6289
4271
3723
3480
1966
4417
4450
3036
2160
1109
6135
6374
1069
7404
4322
5394
7061
189
3047
7249
6325
5052
5810
359
3071
1155
3055
2013
2917
7661
3201
3060
1006
482
6804
1563
4870
6070
2999
4873
3069
3833
5668
3072
5571
3074
1451
2792
4655
1675
1921
2411
3081
4066
7943
2285
5955
3086
3958
4261
1224
6627
1209
7222
6347
6704
2815
3096
3097
2001
3099
6793
6532
7124
3103
2886
4316
3502
1628
7664
7024
3750
2464
5709
7301
3114
1210
2692
7541
6251
6495
6927
5800
3506
3123
5576
3125
584
6780
7754
928
925
7807
1630
2400
4499
2879
7408
1063
541
2736
2124
2053
4529
3632
3965
7484
4892
263
3148
6875
4282
788
3352
3997
3154
5732
2023
4998
5318
1002
6368
5621
6488
5937
7894
2373
608
3743
4905
6987
3281
5229
2683
4085
7637
3175
3176
4692
7065
3752
1548
1869
6643
1687
2951
3112
2967
7921
3188
5421
4722
2691
2467
4219
6581
4803
1143
2585
2969
7059
6087
5128
4511
6169
5926
1
2746
5942
3208
5673
6404
5147
7432
5006
5096
3324
6870
4289
5136
2493
4706
1036
3433
2136
833
6278
7403
3811
1712
3229
3230
6925
1385
3233
2299
6890
7011
7431
6729
7206
3240
1362
5726
3195
2383
5452
3246
870
3248
6048
642
4894
1516
115
3953
7722
1443
4614
1289
7908
6866
4971
3824
3100
4712
2336
3266
1832
4831
1369
5703
5974
4542
5870
3274
5527
5008
3898
3977
1716
6967
324
7504
7014
6753
7923
7834
7901
3288
7028
4737
2187
4365
5632
6825
1883
1185
5015
3708
3032
3300
2888
4948
4538
4976
1444
6557
1381
6260
4911
4474
869
6623
473
4884
3315
3316
3317
3322
3332
6254
4425
6900
5590
3215
911
153
2715
4523
5148
7022
3988
7463
1283
4670
709
4829
4774
7411
3339
6654
1347
4620
1758
6497
7424
4457
3347
4507
443
3030
6755
6514
6854
1115
3355
5669
1043
2272
3381
4981
3361
6224
3363
5405
3292
6030
6196
3825
574
3370
3371
3509
4176
2351
6736
3376
5172
3319
3379
6891
1506
7285
3383
3384
1940
3386
5780
1648
73
1887
7183
3392
3393
5368
1724
3396
5293
1315
1665
3400
5390
3402
5636
1453
6236
626
399
1192
582
6211
3974
6893
3413
1378
1102
6960
3417
392
2088
1019
1862
3422
2226
3120
1565
7116
3891
5273
3429
4544
3431
1937
3166
4363
3435
3436
4508
3761
90
1851
1929
2029
6233
7457
7797
3446
1357
3725
174
7906
2438
7283
3310
7856
825
4393
675
3214
7261
2682
4950
4360
3469
5363
2333
6213
4966
2167
3015
7793
777
4786
3159
2266
2612
2616
7203
5993
98
3375
3481
7465
4229
4372
7521
3486
7259
7812
365
2806
3216
867
3306
1464
1668
3496
3001
3395
1482
400
3785
4843
2070
1988
3505
4013
5344
5416
4697
3510
3511
3720
3952
3204
4033
2295
4983
612
5967
982
3744
2795
7892
4550
4040
3860
3527
5133
6123
5459
6626
6185
221
6019
2334
7352
3537
5733
3539
7274
3541
6358
6462
5457
249
7773
5396
3311
3549
1964
988
3552
578
7239
4991
1936
3557
6912
998
431
1955
1202
2054
4788
1395
4141
5437
1534
1465
5577
2971
382
6584
7808
1799
791
3577
1806
26
4281
3581
7088
6014
3584
3585
706
3587
2358
3589
2323
4188
4111
3593
6398
7362
3267
3597
3598
4209
3600
1193
3769
6723
3826
6225
3644
7034
6063
6477
2126
3181
1867
804
2822
3615
4267
3617
3618
6515
814
7527
3622
1730
3831
809
4839
7153
5104
3005
7765
1585
7658
1031
6567
7516
94
7383
7226
5694
4057
4585
2862
2310
4027
2118
3144
3441
3648
4015
5027
301
519
1774
3654
3805
3180
5902
3834
3659
4959
7230
32
2386
946
1466
7184
108
3668
381
3670
1953
771
5957
7225
1094
6783
4197
7385
367
3680
1906
3059
3683
3197
7962
3982
3405
2262
5063
123
102
3692
4075
3162
457
1796
754
3698
2546
820
4526
4592
6109
4277
931
4379
6642
3635
4975
171
5824
875
6520
3714
1386
3716
7592
7002
3612
2966
7328
2454
3012
1422
4367
3726
6228
1280
763
6650
1334
4615
5246
3734
3448
6146
7682
5222
4649
7068
6996
7197
5047
7127
7595
7813
2163
795
3749
7565
3812
1558
508
5682
3755
733
2667
4383
7195
7631
995
523
7340
2045
3605
3018
3767
7591
686
7714
5443
7110
1017
2595
7916
3776
3357
3778
3779
6801
3572
5749
5223
209
2855
2433
2316
916
5085
3790
2701
1747
2317
1265
3217
2847
657
3359
6874
7566
5763
3802
4891
7699
1238
4621
3807
532
7665
3810
3633
5874
740
7223
6493
3816
802
5825
6818
5778
1893
2786
3823
3262
2531
428
3827
3828
2284
2872
1642
734
2877
1237
1150
1079
1632
1324
4565
2784
4847
6592
3843
124
7422
595
3270
1215
4536
5712
3851
3852
2622
3314
5790
4180
7066
1138
6935
6828
6775
1367
6937
1939
5231
3866
373
2298
3878
3526
1427
2428
7286
156
4132
3876
4451
1898
6403
3880
3881
553
3886
2212
919
1264
7676
495
7902
1831
191
4024
1614
4575
408
3062
2065
3736
5473
1723
5468
7418
1303
660
7630
6542
3609
4912
4721
5453
5912
6769
525
5655
3454
3916
1775
4806
1888
3920
3126
4213
4089
7496
5764
3926
4032
3928
4532
126
2069
3303
3933
770
4821
6600
1240
7871
372
671
2957
117
7228
2123
5744
3946
7846
7257
3949
2281
6469
5454
3419
4688
4952
261
3957
957
4643
5064
4477
19
4941
3964
6460
7284
3028
818
438
3741
1142
3972
3973
5474
1404
2688
3278
1550
3979
2936
1816
1468
6788
1825
3797
160
2543
7899
5597
85
1134
945
4906
1304
170
5526
4984
3998
4226
6327
7751
4002
3336
7035
5038
7406
4007
2384
3116
5635
888
4012
1340
4014
3956
396
4017
4448
4019
7414
4021
3084
1118
7146
4410
6268
1021
5705
4029
5190
738
276
1635
5268
2211
4036
4775
5115
6479
1878
7624
2624
7393
4044
378
7445
2268
1769
4049
3250
4051
502
7889
5646
2684
5498
5433
5256
161
4060
5141
2578
1693
5614
3516
5817
3595
1818
4069
7372
2153
1279
4481
7507
5546
4
6244
4744
2404
2154
5074
4082
442
4084
4432
2353
1708
5650
5523
1594
3822
2408
5338
1170
2626
5521
2824
1023
483
4100
6012
1044
4103
844
4105
2689
5706
1881
4682
1512
7335
4705
4373
958
2315
4116
7598
5337
7287
2509
3707
5512
7359
3897
3406
5208
4127
5221
2710
5769
5206
3875
386
5885
2369
5593
4137
4138
3829
1065
4314
524
7904
5233
4145
4146
5748
4148
5185
6767
6667
1068
4153
1496
2085
59
4157
3213
1741
4725
6568
4224
2574
4947
1707
4559
4167
2861
5508
3493
4171
3950
2820
1942
7440
4353
4072
1691
5258
7728
3190
1990
3697
4273
4185
2527
4858
1944
2615
2534
4907
5139
3733
4194
1556
7968
350
7187
6192
5756
4201
4202
1847
7768
2170
6986
6914
4208
3277
6271
4133
666
989
681
3155
3033
5159
597
3193
1341
6046
4768
4223
5762
2138
1165
2490
3023
4362
2561
6425
6561
4233
4026
572
2004
2514
5056
7419
2621
1777
5990
2044
949
4074
1946
4247
691
4428
1361
6363
1821
333
739
3634
4256
4037
4063
5604
7356
5469
5609
5144
2510
5935
5738
129
4268
2939
4596
4977
4635
1313
183
5143
466
6946
7427
576
3152
4616
7913
3136
1130
7441
6764
4287
4288
1954
5573
571
4115
4449
66
5741
7579
4297
5287
2741
5958
5189
1694
6333
3638
533
5805
7735
1312
2306
4310
7972
3747
1416
775
4315
6846
3794
1557
1027
891
4321
5354
944
340
4325
4041
2043
5651
298
4330
2480
4961
2378
478
6989
7046
6576
2898
2846
4340
2759
7870
5708
4344
2681
4346
3724
5907
6494
4350
271
243
6554
4354
4285
2829
5930
7345
7883
3462
7873
196
5019
18
6719
6731
2810
4368
885
5312
1180
4914
7319
3570
7485
1822
4097
5113
5518
3172
5970
6699
244
6100
4385
4009
111
3803
4389
1885
3937
1379
3930
3895
3993
2449
3594
6206
7254
6226
5707
654
6303
4848
4405
4618
4113
4408
6522
4050
3378
4412
7237
7610
4300
4416
6947
6018
6985
4733
5925
2435
4423
2420
1864
6867
95
2415
4429
2721
4431
1325
4065
815
3995
5529
3682
2665
204
4461
4441
406
6845
4444
2794
4446
1272
4168
1521
6688
3153
4452
2476
122
4455
1300
5739
2339
7869
299
1740
6716
5752
6039
4859
3966
6943
6510
2103
2703
3665
7339
4473
3445
5515
6868
5581
6981
1856
2209
4073
109
4483
6888
7415
3090
6877
1431
2496
7450
374
3365
5078
4494
278
2817
4497
6659
4067
1495
4501
4403
3869
7642
665
6795
4399
343
4679
4909
4081
384
6562
1376
2273
4516
1066
3688
5276
6074
4521
4522
4163
423
4392
3637
2859
4528
327
4530
69
7556
5186
605
5562
1058
6086
749
7512
252
4541
862
6290
6904
5893
4564
4996
4548
6829
5230
5934
1477
6285
7037
4555
7534
5383
5923
543
4946
2301
6908
2492
3960
3183
5415
7811
1980
3021
2864
1933
1958
2125
6540
4598
3908
3455
46
1672
7945
2787
3789
198
5550
4623
637
4361
2357
5430
1417
2570
3702
5837
7420
4349
5698
3138
2076
4599
4600
1755
6387
4603
6725
6351
4606
4607
4608
4609
7323
614
2390
3157
7009
994
2599
7524
6771
2237
7458
3650
5986
1083
760
4625
5153
4627
6348
3781
7145
2857
6752
4633
4634
2365
4539
4637
7288
4639
5966
3377
7684
5677
659
4645
7885
4953
5915
3739
3113
6675
1298
5441
7978
2015
3129
834
5665
1032
2208
955
4994
5959
6538
7154
2588
7912
4668
463
1411
5977
4161
4397
1122
4647
6456
2835
594
2717
685
5681
5875
4293
3918
3313
3163
7438
6618
2017
132
4691
254
4693
4694
4695
2705
2617
1737
6287
1513
5524
4445
4703
334
3212
7721
6857
7580
2485
3476
2602
6124
4713
4341
4715
1430
1812
6178
2279
4720
369
2111
4723
3705
6277
2636
4584
103
5888
5257
5282
6416
5940
1501
772
4936
6563
2488
1792
1731
5332
4110
4743
5850
4771
7803
6714
2287
6885
163
5675
3854
830
6531
5106
3689
4569
4112
1186
5803
4761
7310
1327
2996
5948
1045
4767
2450
6757
6745
4182
1261
1739
1697
5205
3043
4777
6873
4779
5053
5367
1515
1900
3382
4504
5686
4787
1472
5724
6035
2414
4792
3940
1892
5556
4955
6245
5759
4773
4800
1168
4802
7784
4804
7938
6329
3631
6372
7568
419
7505
7155
3740
2865
4815
2345
1227
914
4689
3045
3906
1849
7056
4824
4264
5666
1249
4828
7809
6841
7189
6670
1610
6130
7475
4836
5680
6738
6856
4999
2614
6029
7199
1764
3186
1979
4169
6149
5291
1301
4851
2727
4853
4295
1461
2569
4205
3813
2699
3323
4068
4862
89
2892
6422
4866
3259
2633
4869
2981
7720
65
3969
2359
861
5989
981
4878
2934
4880
6942
1371
909
5891
7107
4886
5329
4888
2213
284
7292
1007
4893
3226
2458
2911
4897
3110
6955
1861
1804
1901
2941
3678
2539
4920
44
4472
5683
6519
684
4726
3473
7430
6120
4916
2425
596
2634
886
6082
1201
1277
4924
2581
3691
7776
837
4929
6492
4931
2297
3492
4934
6513
4736
1126
4938
5583
6171
6837
7925
4957
7850
5844
4566
6892
2128
4949
2330
4978
6609
3588
2982
5602
3728
5082
6386
6778
5253
1520
5861
5342
1622
811
1241
4967
2783
2779
4970
5356
7334
3732
4974
4243
3304
267
7619
6053
2579
5868
7821
486
72
1547
2596
1133
6330
2340
2577
5961
2676
2593
2282
6097
7123
4997
2232
2180
1733
1763
1879
5410
5004
5005
6800
4784
5151
6827
2342
6410
5012
6812
1639
2362
4249
5017
4791
1972
7316
5021
874
5023
3582
4765
6917
769
7724
5909
2205
5031
6088
7013
5322
6191
7317
3845
893
6362
7023
3044
3944
3579
4727
2094
5046
7141
1087
6508
2619
5051
653
4391
767
3242
1801
6242
5058
5059
4086
1187
2495
2995
6352
7689
6737
5319
2631
6632
177
5071
2354
1207
7086
5075
5076
297
6666
1638
735
797
7443
2553
3105
1194
5687
260
3765
3624
5179
557
5092
6615
7452
6138
6024
5097
2099
2188
2730
6034
2823
4915
1287
4424
1015
6637
5641
1011
1911
459
3017
2479
4711
7517
3066
4667
5118
4388
6454
5121
3174
6863
7717
7053
6751
7980
5568
5402
2722
564
6134
1540
24
5135
4364
6734
5018
4192
5140
180
5142
2037
1793
4038
2793
6708
3904
3283
620
2372
917
29
1510
5155
1634
1569
4741
2895
6444
3586
7678
6597
6388
3701
2240
1653
4502
1508
2564
1117
2761
5173
3921
5069
7523
5177
2883
5782
4640
5279
2714
4204
7282
1233
6644
1480
2731
2555
4754
5191
5192
5158
3704
2368
5899
3397
4200
2248
5200
5201
5537
5203
4972
1239
744
4724
1531
6523
7738
7939
4601
5213
1110
7357
6147
489
7173
2314
1913
4128
5001
5723
5224
2664
1119
3967
5228
7209
3231
1934
2352
6648
5234
2252
1618
5237
1275
5327
7489
5241
258
5243
2549
7268
1463
5247
6779
5564
3836
5251
4852
7695
3562
1660
7569
246
692
5259
5260
3297
4401
7289
6831
6166
5939
7131
7827
6915
4413
5901
2027
6133
943
4855
4519
1413
3185
6622
7100
4698
5170
1070
4318
6308
5286
6613
17
3499
3133
4849
3699
5547
5294
1158
2158
1244
3459
5236
5087
7987
5302
5077
1245
3354
5595
7134
6296
1925
5928
7931
843
903
357
7047
3546
3746
3092
3540
2954
5321
7007
2515
2474
3775
1253
7652
598
5175
6604
1877
2482
700
5690
3703
4004
3401
5710
5339
4231
5007
7644
168
4622
5345
4553
593
7891
5349
3809
353
5352
3758
3882
3237
435
4380
2446
5743
7200
5361
7698
7601
5364
4854
5366
5422
4435
5369
2173
5371
2851
500
7062
5653
3191
6448
643
3326
234
7799
5382
5908
2129
5747
5386
7774
104
2601
2687
5391
726
4011
2702
6702
4666
3238
2432
5588
1926
4092
1776
1394
6389
1626
714
1323
7851
1285
3694
5411
518
6482
7493
3783
5225
4841
5418
1962
5420
7928
3556
5423
3139
854
5426
2440
6305
2778
7084
5431
3490
5968
5982
5936
5436
7112
7270
5439
146
2385
670
1101
5444
5149
2260
2725
3945
5449
5978
5254
6533
5618
7435
1025
1368
3551
5458
6003
5460
2552
829
5463
7692
3550
3299
939
2504
1452
7681
4654
4221
2193
208
7849
6096
4964
5478
7264
7782
1132
6590
4699
2757
607
1919
7000
5616
4673
5490
7078
1732
5493
5494
398
4238
3273
7573
941
1145
4275
6824
5692
5504
2000
5152
6126
4922
6879
6944
6036
4560
223
535
4582
855
3903
6544
5519
1152
2462
5522
4740
3596
5525
1140
3696
6549
328
7265
6684
5532
4845
1880
2056
4872
7055
5538
5539
7654
375
3380
6823
5544
7663
2267
2210
560
5549
6464
776
2922
3687
7530
613
3305
1527
7180
4357
563
3517
1291
3788
5249
6835
7795
4296
1190
5569
5570
7575
7839
7841
5572
1072
4734
7351
6560
5016
336
997
819
1711
3403
476
7094
7165
3
1478
5103
1965
1830
7326
6485
6528
3218
704
7742
528
4921
4636
5330
1212
3534
936
6547
4335
5608
715
321
36
7221
472
6336
6582
7791
22
3228
2089
4671
2361
6664
1838
5647
3757
4810
5627
3867
7769
6145
5631
6215
5398
4772
1636
2679
5637
5412
6258
4142
2371
2442
3132
1870
4331
3187
2551
2760
6377
1676
4328
2956
5979
610
2535
7018
5904
4602
3291
1370
1960
287
5663
6455
872
316
5543
2377
5123
5183
2265
5773
7995
5299
4487
7052
5315
1552
1858
910
5510
6625
2215
2799
7036
4045
5120
317
3489
4885
2904
7514
74
5081
947
7150
6238
6450
5699
1029
5701
3531
93
7810
7117
7639
1583
3268
7423
1703
3651
1206
5131
1455
5503
5466
635
5718
7004
3913
118
5722
2101
999
1196
3693
1599
2606
2598
433
3251
2935
6692
5734
377
4102
3487
3293
7322
5740
2406
2518
1064
6468
6886
7964
1728
282
3911
7775
3258
7502
7840
6155
3835
7876
4087
2419
1339
7049
4151
2302
2880
1646
458
6997
835
2477
2278
2548
1759
1365
5617
497
7766
4338
4512
4546
5833
1322
1248
1349
5783
6452
4214
7161
2472
2979
5786
7779
1808
5792
2096
5359
5795
6573
4898
544
6574
5558
5801
5802
2448
5804
411
4890
49
5808
1358
3334
5811
5798
2997
6341
6849
5828
4345
1447
566
5820
2977
6304
4631
5715
3999
3764
4520
6617
176
2566
5831
5832
2379
4307
6743
1576
552
7338
6168
1449
4411
4960
2993
330
5845
980
3029
3345
5028
1654
3027
2562
2270
7081
3529
1462
5857
5083
4136
5860
7950
5890
3762
3150
5865
7163
1198
3360
1288
2584
5727
7324
50
1426
5470
5876
2364
2286
6861
4117
5281
2641
4303
2694
1761
5886
4123
7162
1499
3333
110
951
5039
4827
3942
3031
434
5898
781
7407
5271
319
4030
3366
402
3759
1586
4557
5914
5137
5791
1505
4780
1710
2335
5916
7129
3524
4339
7655
347
7740
964
3256
3346
3763
5927
187
6948
7539
3914
2350
7250
5988
6151
5035
6655
7488
5331
5846
3061
3207
5753
5944
7560
4334
5947
5654
5949
1346
2751
2753
6353
2290
6177
5700
4982
7825
6057
5960
2903
4459
6313
4210
1074
7177
5066
4669
4629
4343
5765
2559
2021
6924
6594
7050
2308
2938
3450
2605
88
7867
2283
5906
5274
7350
6689
1131
3356
5261
5991
5049
905
5994
828
4498
2242
5998
6680
4317
7238
6669
5830
6004
5761
6006
7935
6619
1617
1297
4356
7583
3451
948
6015
1038
6017
5841
5414
4079
5822
1107
273
5157
6132
2300
2656
1718
5464
4755
3515
7103
6033
5644
420
831
6037
7126
5162
5751
4988
5933
6043
6119
6601
881
5308
3249
6049
6050
7102
1407
5586
430
6055
1811
105
6058
4820
5447
3065
1673
4259
3773
2735
4901
3679
5255
4992
4619
477
5347
6249
2632
790
4919
1528
6078
7617
2648
4143
4035
290
2152
4396
2565
1040
2639
827
6090
100
3202
6093
6094
1891
2909
13
2964
6470
2764
6882
2324
2325
7626
6555
741
515
302
1701
4064
7381
5851
4593
6122
6115
6116
3819
228
5777
5497
1213
624
5855
2470
6125
5507
1039
1062
509
3543
186
2921
4118
3426
3753
6865
6137
445
7881
407
2538
1458
6143
4495
6365
3815
6400
2039
7770
6150
2398
786
7957
7192
1535
6156
6535
4995
6084
516
6379
6339
6163
7005
864
5265
6431
1949
5784
7586
784
7829
6173
3137
4484
6611
5105
3626
6343
5061
6181
7927
2963
6683
63
1884
3649
2216
1567
4122
3470
7562
6969
6552
2110
2933
6570
2469
2785
6200
3571
2413
5520
2225
6205
3404
1802
2
6467
1041
3410
6212
3466
1840
5731
2164
5720
1112
1247
7425
5220
5365
3677
2968
4927
1549
1866
3727
3754
1200
6157
5440
3885
5116
6235
2848
1270
4610
3318
6240
6596
7071
1941
3925
3458
6246
2227
2630
6026
7413
5910
4467
5020
4476
4776
6256
3768
28
6335
7953
4150
5160
471
4518
6265
4177
6023
5730
6269
6270
5964
2860
1089
6274
6275
3564
3170
4442
1104
7168
6281
759
816
6284
1052
6286
1096
521
4577
3986
2343
6355
87
4933
7519
4867
3271
3858
938
6300
4404
6302
2291
1899
5323
7798
4406
58
5689
7186
4196
2672
1788
4489
318
5676
6441
5215
6319
2198
4690
7247
6631
1809
7933
6326
1589
4746
4903
5535
212
1863
5262
1274
7848
4794
3461
5797
6162
1824
1992
813
2095
5809
6345
5799
7172
2706
6349
6104
1820
5301
6991
5997
4710
6356
6357
4917
5829
7040
5295
583
7826
4783
6266
6366
6367
6687
6819
3842
6371
1483
5417
5950
5455
5785
4535
7668
2505
6565
202
5626
573
6384
1116
3430
7716
599
727
3653
285
6471
3080
7121
4355
7171
758
5126
7164
3307
5290
6402
1160
5465
7337
1442
6383
1389
6961
262
3936
7267
6255
6414
1319
2881
7802
6418
1664
6583
4047
5022
6423
6424
448
1428
2827
3290
3674
2937
4514
2575
6433
6180
6435
1631
5864
1016
1028
274
5090
6564
182
251
511
852
6447
1364
1539
3330
6064
4255
4290
1345
241
2391
6009
6458
6459
6158
1380
295
4798
7936
6465
3408
6052
4718
3434
441
7587
2106
601
529
6475
6027
6079
2220
7190
6480
1656
3792
7139
5310
5283
6486
2241
4189
6489
418
3640
4968
5492
1220
623
4120
332
3398
3954
6500
154
2947
6061
1391
3391
7944
25
753
7542
4468
4871
1854
2230
4172
5881
1243
1993
6518
737
7959
6521
7897
1751
4900
5596
424
6527
3628
1402
4763
1372
1271
3245
4490
6054
1022
3559
2049
7985
2005
2201
5975
6543
935
2603
621
6437
6712
3075
6550
6894
6073
7574
253
3840
2347
6322
3128
5109
5566
3358
2826
4384
6442
3619
4962
5481
3373
6202
6028
6328
6428
3420
7868
4876
6419
4956
6578
900
3639
7114
5089
3865
531
3939
2223
5711
6588
7291
3673
2131
255
1914
1781
3483
6110
1784
5475
6599
6041
6045
4716
2849
2587
3320
3710
5392
6608
2604
6610
2512
4714
1871
787
3821
3614
6239
6223
1969
159
954
6321
2417
3718
908
2986
7444
6059
1504
6630
648
3981
7500
6248
4022
1686
3504
6293
7704
3243
127
7219
5045
2728
6645
7739
4422
1344
2524
4078
3050
4583
7379
1267
1050
7476
291
3351
4291
1910
6661
6662
5628
5622
3915
107
10
5516
3343
547
7612
4644
393
6750
3048
1667
6677
227
7555
7464
4807
6359
5351
3848
2628
3645
1753
1259
5435
1055
1205
3169
6693
7723
3902
470
437
6822
4382
6700
2051
5395
1783
6153
3468
853
1124
849
220
6710
6711
5643
4805
4747
2868
4438
4179
6391
592
4954
6721
6722
455
3034
1148
3684
7376
5952
2468
6730
1113
5866
6733
5575
3037
5565
5091
6434
4863
2924
6128
394
2087
4217
2251
2800
1257
41
3013
710
4626
4059
5307
3756
4265
4313
4769
6758
6798
967
7820
2086
690
7038
5068
6749
6686
5848
6593
6311
7554
3887
1393
7788
2067
4611
2098
2774
7713
5987
6781
6782
1493
6784
6735
4471
6220
6107
2506
6790
7792
7093
1522
4203
3390
279
6797
1114
6799
3329
7540
1141
7511
4091
6101
6160
6807
2831
3576
1734
7932
7733
6640
5812
7235
4377
3561
2906
7032
4454
5540
5432
5794
6020
2891
812
1281
6639
7012
1692
2276
6243
3721
5108
6503
6253
3602
6838
6839
2994
6698
1177
2845
7375
4830
6602
6696
7805
6817
4206
6851
5919
5340
2389
6855
6919
7577
5591
559
6860
4239
6923
6695
6864
6443
6273
5806
3009
5745
62
3295
5859
2708
2254
3149
4394
6179
4329
6541
4302
2444
2663
4748
6763
2108
5725
3053
2983
2875
7616
6186
5446
4352
3189
6895
6896
5625
3745
6899
3385
4433
6906
6903
2157
6276
6032
6907
2838
6909
6910
3896
2486
4139
718
4702
3690
3223
2944
2808
370
6921
6922
577
965
7847
6926
7358
2197
7355
3127
475
6932
7947
6934
3859
6936
6529
6938
3102
3536
1738
6221
1507
6534
5326
6315
6415
2733
6786
2594
6951
401
5393
7216
5111
2008
6957
3073
6502
1398
6409
6962
6844
1481
1685
4222
5897
6463
7054
4279
6971
4650
2293
7917
4309
1474
4942
6978
3938
6980
4308
6072
940
3082
1254
1956
2139
4183
7759
6756
5946
520
2558
6994
6718
2744
5592
92
4375
6247
7001
1720
7003
7919
1071
7006
1996
2405
3766
6292
2768
3661
1262
5373
6697
1459
7017
5836
7421
7020
75
6516
4683
6380
5634
1051
4764
2858
6701
2609
6995
7837
7033
1183
348
2821
731
405
7039
2231
2738
211
5638
5044
7045
6280
4659
6898
633
4160
7984
3093
3210
6044
7392
4823
3554
7236
7227
7386
3465
3806
7063
166
7344
3857
5232
3818
1042
7495
5010
5863
850
1127
3820
7079
1420
4628
7076
5350
3078
3002
363
3713
7085
3652
7087
84
2151
7090
6288
5679
3328
1046
7095
3348
5419
7166
7099
1564
4437
7879
7526
3771
723
307
3160
4762
2122
6834
7111
6959
2887
7233
3864
4613
783
1566
4125
4058
7077
3349
6902
4696
7125
6038
2856
7128
2625
7130
5267
7132
7650
2718
2871
7136
6852
7138
896
7140
3782
7142
7143
2322
3975
4595
1750
1256
7271
2666
2289
3261
3627
6646
3709
5218
7157
5506
294
7160
2257
4923
6732
4420
604
3657
7905
6314
5853
5062
1650
3252
7675
7174
3485
7176
3004
200
7179
3335
4093
7182
7349
6727
7185
3832
371
1408
1679
4039
3254
335
7133
3151
2776
7196
1328
1469
4739
1989
1643
2900
5235
6808
1629
4439
1981
7208
6230
7210
1698
7212
3530
7214
7466
4482
7217
7218
3088
877
7330
3158
1700
2952
6512
5467
2091
5278
2948
5346
5209
7232
3064
4390
2121
6572
2112
6318
4020
7240
99
5873
4731
6369
7245
3475
6605
2461
6051
1161
7251
5505
4358
5502
555
7256
2038
2423
7858
4908
3194
7262
7263
37
3388
5965
3507
4106
7269
6252
4248
6975
2082
235
7753
2931
356
6766
6585
526
7281
1835
2392
2834
4010
7618
3717
5953
3241
7290
6261
4939
4070
3276
7295
3943
5428
5037
7299
5656
629
6796
3156
76
3963
193
64
4493
7309
5079
922
7312
7313
4943
7315
1575
7213
4126
7937
355
1595
2930
134
7329
7325
4042
7327
2915
4276
2238
7377
7332
4543
3989
2376
3184
5285
5320
6754
2985
1448
2707
2965
3178
5084
6559
3583
5073
4730
3134
3535
7412
1977
3719
6638
1424
1773
3569
2918
351
5736
846
7730
3513
1125
6571
689
4301
4868
2690
2637
2611
7971
2680
6963
31
7298
7241
6653
2576
5451
1714
1663
7384
3814
7069
4320
3394
1489
3423
5606
4178
1780
3482
5388
1473
4594
1306
5187
61
1252
7135
4005
3784
5450
4006
3247
5244
1146
2926
611
2557
1090
1273
895
7293
7417
4098
1952
920
6966
4190
7311
6968
7915
1418
4191
7428
3787
6332
6920
501
4799
6883
3006
7436
6083
3900
7660
6724
561
7442
7934
1199
1078
5404
1756
7814
1826
672
7451
6810
2528
4751
7455
7633
1640
5826
1436
7460
1695
7244
3731
6998
7941
3711
3522
3742
1517
7589
522
7472
376
7474
4835
2416
504
6509
5813
5659
6491
7482
5280
4025
1425
7486
1601
6136
5248
1229
6174
7191
7528
5461
2650
2540
1355
3838
5563
4225
7016
3528
1561
3282
7772
7763
3599
148
4549
6791
5667
15
7498
7706
537
2651
4119
2427
4993
2732
7041
6232
6241
7402
5941
3737
1918
6847
5963
4860
3909
716
2465
3177
7019
3457
3495
2326
4551
4348
7342
3026
6011
3590
1004
4809
7547
6658
7549
762
7551
6965
7553
836
6401
6624
7557
1961
5884
2200
312
5913
1794
7272
892
2179
7567
4453
6234
7409
2945
3850
496
6553
5648
5489
3846
6803
4687
4708
3786
682
1405
7092
5292
5207
4237
3935
680
5531
1077
1222
7593
728
5163
3236
7449
5397
7599
2777
7231
4286
2796
6586
4121
5594
7607
6350
5168
3580
7611
4750
7613
4588
2456
1859
5107
3884
638
2668
4220
7622
1912
798
2740
5000
9
2186
6685
1598
484
7632
2313
7634
5603
7636
6299
7638
4107
1995
3121
987
2434
4963
7645
5693
2135
2397
625
289
3167
5239
7653
591
722
615
5842
7479
3104
4524
2772
713
80
2422
3106
7666
3871
6881
2724
823
7671
7470
2719
4985
1798
640
7677
5728
7679
7680
865
782
4144
125
7685
7686
7294
7890
4400
7690
7691
5580
5973
1487
4973
3777
4469
7043
3804
4753
4159
1419
7703
5095
4407
5002
7181
7708
1757
5871
4958
7537
1947
4760
2036
7762
5124
5579
6681
1876
1129
2119
1388
4158
1305
3302
1514
6507
245
3070
5297
7732
2439
2431
1587
5264
2255
5377
6973
2873
1228
5171
7010
7744
7106
5735
7747
4418
7749
799
3452
7752
721
5746
7755
1662
4376
1293
1523
7748
3681
4817
3591
7764
5150
1175
4319
7158
1709
4366
7771
789
6257
5534
5750
288
4825
7778
3613
5288
4686
5814
4135
4099
7785
3284
3890
7278
2453
7790
568
3042
880
5883
2542
1915
1889
1081
264
7800
4813
181
82
2035
4675
7572
5122
1613
7456
6001
3472
6376
7922
1555
3521
6175
1841
6075
1009
6761
656
7822
7823
7824
918
1625
549
959
4856
4486
7831
2854
5065
6406
7072
7836
3548
3255
847
1400
4795
5445
1092
7844
7097
3947
314
3542
822
1843
6551
907
1375
7152
2155
1874
5496
2975
1619
6633
7861
7862
7863
3337
7865
7866
3560
6843
1986
1982
7398
6346
4351
5226
7279
7880
6451
898
2878
1024
4513
4678
5357
1544
6092
7886
6577
5182
5353
206
7604
3523
7893
5145
7895
345
7538
7898
4465
5862
6537
4280
793
6933
2080
5645
7907
703
440
364
4865
7874
421
51
6787
341
2394
1441
256
7920
325
5598
554
2825
5362
4370
1337
1848
4834
4822
3735
2554
7400
4323
6007
1591
3700
7204
6940
7940
6809
1846
3083
1076
7900
8
884
5839
858
6187
7951
5816
3447
3879
4124
5462
7585
540
729
5188
5918
5305
1696
1945
1810
7966
3948
962
5931
7970
5640
4478
587
6853
3883
7454
3427
4844
2788
4269
2573
7982
2014
5742
5500
229
1056
7988
7989
7990
3738
5972
7993
7994
634
5384
7997
7998
7999
3856
