4294633764
4290136885
4289584851
4289251485
4286785318
4285960544
4284255881
4282303480
4282094380
4281852426
4281477366
4281292783
4279390249
4279107949
4278890520
4276511955
4276415458
4274789027
4274375751
4273413879
4272732308
4271827562
4270392948
4269128146
4268998666
4268627626
4268455047
4268291529
4268217675
4267537899
4265882399
4264545243
4262922127
4262673465
4259912918
4259734309
4259373632
4258896493
4258893854
4258515475
4257795553
4257594983
4257421106
4257226868
4252080154
4250865433
4250782026
4250610012
4250189799
4249886420
4248896135
4248293158
4248028294
4247731377
4246849500
4246214404
4245826476
4244103278
4243639035
4243319100
4242026006
4239973026
4239164976
4238053436
4237986141
4237057954
4236464459
4235509784
4234895371
4233035170
4232663198
4232284712
4232075001
4230823815
4230492057
4229875613
4224917542
4224822995
4222681224
4222055372
4219287623
4218811999
4217321285
4216462482
4214527479
4213536769
4212565560
4212267455
4211399846
4210307105
4209716223
4208784391
4208763244
4208301337
4206234085
4205979247
4204001768
4203973631
4203971962
4202786422
4201303473
4200852704
4199552103
4199305576
4198586917
4198510205
4198191705
4198107095
4197518633
4195166643
4195035216
4194651591
4194444653
4189724172
4188562964
4187867664
4187810127
4186797790
4186035272
4185100262
4183913792
4180184975
4179896733
4178700726
4178673583
4176952004
4176600883
4176330955
4174181071
4173714408
4173546528
4173357520
4171078055
4170369293
4170239266
4169550380
4168809684
4167893298
4167695545
4163465250
4162841211
4162756925
4162358121
4161401988
4160567906
4158270884
4157786239
4156180663
4155480590
4154070824
4149816364
4148553726
4148543034
4146309475
4141416887
4139280638
4136833058
4135736746
4134973678
4134494510
4134374077
4131576995
4128672301
4128383257
4126846719
4124764317
4124750940
4124733324
4124636009
4124256151
4124097723
4120208125
4119176121
4119071445
4118581275
4118547304
4118104243
4117744808
4114453720
4113109770
4112674491
4112304009
4111160853
4110743997
4110670267
4107606517
4106841347
4106409196
4106402668
4106216352
4106095644
4105157315
4102420330
4102306295
4102037613
4100128963
4099485600
4098352650
4098142297
4096954538
4096188969
4096091533
4095734172
4090371870
4088725989
4085645537
4084856119
4084714442
4084448203
4084329236
4084039405
4082363523
4081676346
4077928356
4076706801
4076221274
4075802513
4071859011
4071668759
4070605543
4069430650
4069244745
4068666093
4067584950
4067011056
4066887895
4065832437
4064960331
4063723683
4063235649
4062893745
4060402495
4058611671
4057621433
4054694532
4053174665
4049148598
4046477171
4045330342
4045123945
4044635889
4042337843
4041758222
4041283564
4038553867
4038412518
4034469102
4032785870
4031566503
4029290977
4028802697
4026544715
4024456517
4016968005
4016251407
4013911615
4013538469
4013174883
4013155121
4007646929
4004567950
4003901081
4003494039
4003316597
4001471577
4001463237
4000150635
3999723452
3999704384
3998359675
3995684933
3987044042
3986897698
3986823313
3986706660
3985232584
3983692647
3983528423
3982412273
3981659243
3980895213
3979790656
3979324659
3979289551
3978673357
3976499631
3976443906
3976234967
3976006962
3974462117
3974058428
3970586597
3970045573
3969112218
3968390221
3967329299
3965685677
3965567353
3963292397
3962863150
3962711608
3962072828
3960482563
3959857485
3959036372
3958987406
3958763154
3957537054
3956358300
3954403047
3953916280
3953494732
3952323772
3950895252
3949523205
3948114777
3946324703
3945072799
3944702465
3944016923
3943734190
3943704062
3942411839
3942051399
3938770141
3938596910
3938277508
3938121535
3936540918
3935760271
3931428207
3930312193
3929659052
3927490080
3927220806
3925086413
3925064713
3924327628
3920043404
3919570417
3919449905
3918670137
3916117914
3915608398
3914109443
3913434474
3911703903
3907358648
3906038460
3903501684
3902335578
3899016552
3897238128
3896338468
3895254505
3893397089
3892222363
3890834051
3890350969
3889876809
3888815681
3888370530
3888036666
3887931838
3886668098
3885433396
3883436476
3882940134
3882536907
3881810902
3879921068
3879293294
3876726954
3876047602
3875414108
3874254011
3872951379
3872663828
3870864103
3868827923
3868421785
3867097152
3865447051
3864487453
3862626689
3861825452
3861813578
3861349778
3860888406
3860048888
3858302100
3856958608
3856539936
3856020799
3855897657
3854274659
3854173772
3853845828
3853585663
3853572369
3852014131
3850064516
3849925834
3849460884
3849053022
3848304988
3846852441
3846628115
3843671918
3843106352
3841635269
3840234445
3839834907
3839612877
3839601128
3837994691
3837716195
3837460546
3837390867
3836761601
3836379948
3836151950
3835795241
3834957475
3833822974
3832776584
3831338903
3831293780
3830794665
3829922845
3828929463
3828101658
3827750101
3825868061
3824741611
3824537037
3824025853
3823442898
3823366749
3822348160
3822166036
3821350780
3819015026
3818908453
3816953619
3816019129
3814940333
3813584424
3812630757
3809781668
3809665266
3809193417
3808617351
3808073344
3808071217
3807643694
3803940462
3803472624
3803159777
3800669556
3800305932
3799680095
3799457285
3799278430
3796443364
3795797809
3795345026
3793207982
3791480056
3787994572
3786514631
3785872520
3785288713
3785165211
3784788885
3784237086
3783708194
3781652787
3781103076
3778700509
3777951261
3777048911
3776801554
3776774877
3773849802
3772894172
3767974156
3766844433
3764831237
3763600154
3762516599
3760474645
3758993483
3756023020
3755862969
3754649822
3751540967
3751469255
3751227620
3750210322
3744564422
3742094434
3741430504
3738122135
3737944217
3737592537
3735331272
3732087492
3729451211
3728135361
3727928406
3727244954
3726029475
3724937894
3724242120
3723079950
3720528216
3719396344
3718391793
3717214998
3716181577
3715476065
3712313147
3709015452
3708968457
3707857561
3705164002
3704969125
3704818183
3703699251
3703345749
3703034634
3702845725
3702465256
3702145502
3701613063
3699151194
3697429215
3695354853
3694690674
3692840601
3687355975
3686490837
3686115613
3685877278
3685866086
3683787829
3681365619
3678360266
3677879746
3677604696
3677511447
3676733280
3676100390
3675668757
3673596609
3673010964
3671500941
3670482995
3670233584
3669651594
3669574585
3668999583
3667471863
3667452684
3666595203
3665799151
3664470990
3662014241
3660838160
3659983227
3659881186
3659158603
3658964349
3658510459
3657464846
3657302048
3655921193
3652507763
3651128635
3649134682
3648822092
3648503531
3647923879
3643479094
3643213064
3640131953
3638144623
3637999933
3637663750
3635600129
3634840496
3630950430
3630406855
3630161007
3629838753
3624221877
3624068257
3622721365
3620114517
3618953824
3618124385
3617671176
3617290355
3616269181
3616160680
3615118309
3612563929
3611594134
3611030271
3610122082
3609527846
3609372436
3605788388
3605372852
3604923533
3604774567
3603217819
3603206130
3602230396
3601087338
3599575829
3599326068
3598895688
3597686600
3596743122
3596561931
3595332609
3595264614
3595193146
3593897269
3592918993
3590720452
3589729921
3589671665
3588965243
3588936287
3585514415
3584568068
3582440879
3581460284
3579941281
3579292021
3577313852
3577125526
3576951151
3576584221
3576462130
3576305268
3575598990
3572673244
3570914862
3570636776
3570016341
3569064242
3567977599
3565549796
3565174640
3563279483
3558824882
3558383126
3557891295
3553949242
3552580258
3552205141
3551325639
3551205651
3551123937
3550698944
3550042340
3549651983
3548976532
3548151828
3547853040
3547455658
3545691756
3544463443
3544345750
3544078157
3541929493
3540304066
3540283480
3539910990
3537120209
3535267402
3534824930
3534778596
3534296179
3534154065
3534037077
3530952226
3529603834
3527574367
3527556508
3527236260
3525575430
3525485018
3524798409
3523755057
3522066797
3521124650
3520570199
3518900750
3516457649
3515319645
3514566757
3514412441
3513618360
3513455585
3513364363
3512224126
3510164412
3509577759
3506798205
3506327297
3505071007
3504081636
3503310267
3501358097
3500413054
3499946921
3497893144
3496747002
3494812602
3494750746
3494085361
3492916258
3492683734
3491688053
3490682578
3490400976
3488198979
3484525412
3483692171
3483092767
3482574627
3481925863
3477774179
3477463756
3475226672
3475106388
3474681337
3474015256
3473321947
3472202633
3471508534
3469253323
3468033082
3467986116
3467019287
3466864989
3466302974
3465706172
3465421486
3462824041
3462304253
3462105222
3461174405
3460671396
3460651448
3459963133
3459898438
3458559693
3457080151
3456354782
3455661740
3454711299
3454485823
3453803846
3448230714
3446910903
3445995747
3445583398
3444425508
3444236237
3444145724
3441641181
3440715784
3440241600
3440142146
3439980762
3439467247
3438067537
3437728128
3437124996
3435219187
3433956399
3433389971
3433300368
3431801523
3431134399
3429815366
3429330301
3426954861
3426430997
3425676790
3425219118
3424583155
3423924347
3423671937
3423409886
3422247931
3422190360
3421769707
3421699570
3420206271
3419187110
3417466838
3416830673
3416815350
3416778015
3416658374
3415851268
3415440189
3415335730
3415165314
3414681700
3414261886
3414141907
3412109691
3411822521
3411736719
3410977649
3409325514
3409232080
3406772438
3402791963
3402753771
3402687413
3402229617
3397773959
3394367069
3393440438
3392696978
3392633234
3392626043
3392045714
3389843418
3389412609
3389117878
3389088006
3388900189
3388595975
3387406865
3384962569
3383468370
3383221896
3380930001
3380594887
3380229591
3378360797
3376362023
3375507639
3374788449
3373697086
3373605037
3370636886
3370509359
3366605379
3365946784
3364759246
3364501666
3364372842
3363138409
3362251230
3361850062
3361335844
3360244368
3357460044
3357384729
3357368923
3356838021
3356166620
3354431126
3353606729
3353290708
3352555718
3352196122
3351716862
3350747732
3349647648
3347531051
3346243649
3345317993
3342178298
3342082543
3340866755
3340776181
3340628586
3337710206
3335765254
3335214442
3335136024
3334058719
3334010479
3333693480
3333355144
3333248379
3331037410
3330985894
3330673262
3330569001
3329581770
3329456012
3328739825
3328726295
3328179601
3326553182
3326026329
3323115303
3320793230
3320006584
3319887720
3319116672
3317829924
3316731942
3316534314
3316352154
3315396434
3315192572
3314924462
3314774735
3313875212
3312521683
3311238922
3311154365
3310803350
3310761559
3309208959
3308892027
3308856469
3306743523
3305136479
3304504540
3302337323
3301566839
3301474899
3299997821
3299470311
3299076345
3298929823
3298882847
3298759220
3296824630
3296632037
3291332649
3289272915
3288133796
3286742363
3285459649
3285232471
3284195875
3283875278
3283074921
3282312479
3282141179
3281945561
3277642412
3276220628
3273161482
3271820523
3271173390
3268288427
3267302117
3266791237
3266133326
3263732399
3263175367
3262430038
3261184934
3258010897
3257258228
3256908668
3256556222
3255478917
3254479595
3249743014
3249504547
3248030586
3247937460
3246957270
3245154953
3245064652
3243651167
3241466148
3241097490
3240838283
3240722356
3237566560
3235982259
3235738633
3235616109
3235577847
3232575465
3231368178
3230594128
3230392852
3230295418
3228570659
3227709249
3226677552
3225430745
3225100213
3222874077
3222439892
3222380726
3222332725
3222007203
3221956615
3221298807
3220593862
3220349568
3220072114
3219960506
3219371886
3218573241
3218206120
3216908120
3216857056
3216387410
3214696559
3214108480
3211639793
3211472206
3211123712
3210887218
3209666101
3209427554
3209395241
3208895603
3207819045
3207778833
3206974785
3204915202
3202903874
3201458089
3198295158
3197094823
3194441316
3193518544
3192879508
3192055830
3191141755
3190463396
3188789437
3187344781
3187205665
3186973965
3186777653
3186615806
3184183208
3183814100
3183056595
3182617073
3180893967
3180799151
3180721189
3180432903
3177036577
3176491814
3176389968
3175650865
3174082910
3173247568
3169486757
3168329152
3165949035
3164069910
3163210823
3162230419
3161734434
3161321875
3160387353
3159020838
3159020285
3157573913
3156825392
3156106185
3155879671
3155845416
3155617177
3155253588
3155002778
3153099771
3151031099
3149682739
3147871614
3146042791
3143925297
3141505163
3140971218
3140115768
3138938193
3137129371
3132887507
3130115013
3129995277
3128193754
3125718584
3124310205
3122761969
3122507935
3122091258
3122012632
3120654733
3120450532
3119223990
3117819531
3117496072
3117296178
3114816807
3114643767
3114634486
3114124814
3112928699
3112803361
3112780241
3112658020
3112603830
3106818310
3104347257
3103769995
3103454423
3102935212
3102913690
3102653287
3102119900
3100674930
3100217606
3094965578
3094598786
3092403051
3091455076
3089620250
3089535056
3089300720
3087947670
3087805496
3086810377
3086343698
3085412673
3085143849
3078815709
3078151953
3077956716
3076559084
3070874901
3070166184
3070037295
3069447157
3068220937
3064785038
3062417494
3062031458
3061681966
3058990313
3058613720
3056093502
3055825537
3054570266
3053824639
3052971633
3051367214
3051177192
3049139478
3047143445
3046804573
3045155435
3044649518
3044480484
3042049057
3041378691
3040111749
3037971224
3037165510
3035306693
3034872495
3033180026
3032554767
3032179560
3031631629
3030191900
3030155906
3029933863
3029776039
3029043917
3027146963
3026499147
3025296948
3023932583
3023864912
3023574195
3022670413
3022299614
3019140976
3018083742
3017812997
3015525235
3014919028
3014174415
3013949924
3013916149
3010526712
3010046467
3009843930
3009139806
3005639117
3004975834
3004925123
3004771538
3004322505
3002356539
3002219888
3001175353
3000982039
2999651569
2999001618
2996876698
2996716694
2996242566
2995220828
2995085713
2993719510
2991286643
2990185260
2989578421
2988511032
2987015389
2987015287
2986746087
2986520789
2984882076
2984362027
2981517571
2980754788
2980136812
2979934859
2978722825
2977527614
2976816042
2976385358
2975403713
2974748665
2974414935
2974392320
2973212468
2972896914
2972303397
2972266625
2968236082
2967653636
2966438703
2964353188
2962457237
2962350884
2961763695
2960911153
2960477692
2959608134
2959347504
2958828909
2954391971
2953453318
2950076015
2946842507
2946071778
2945435713
2945407985
2945019929
2944824760
2943592357
2942686685
2941614977
2940722648
2939914137
2939202757
2938696940
2934951666
2934354141
2932521620
2932402614
2932061965
2929072236
2928851429
2928676079
2928557777
2923604298
2922537403
2921797754
2921603911
2921092546
2920490171
2920484359
2920108626
2919962212
2915800515
2915315566
2912949965
2912080491
2910779637
2909582976
2908567009
2907441854
2907338666
2903615452
2902344435
2901911459
2900937975
2899658514
2897679611
2894655588
2894280410
2893882522
2893627600
2892159140
2891928910
2891857556
2891218720
2889977861
2887951998
2885346927
2885262709
2882169859
2881549676
2880580819
2880229700
2877392357
2876381426
2867432219
2866882133
2866838875
2866124561
2866085693
2865527428
2864064314
2863986196
2862892666
2862214771
2861199409
2860798045
2860528183
2860388282
2860174860
2859598888
2859309266
2857547301
2856999681
2856345256
2855549044
2854130837
2853270527
2852891121
2852350091
2850887614
2849841716
2846286936
2845937710
2845835046
2845430604
2845243498
2845148330
2844245158
2842952529
2842796591
2842052520
2841783417
2841570855
2839719111
2839478777
2839328180
2837201335
2835759950
2835073496
2834818192
2834463702
2833595015
2833555218
2833000795
2831904528
2829653283
2829049337
2826694053
2826629912
2825397141
2824748707
2823179166
2820353913
2820276894
2818360169
2818236601
2817687002
2816733588
2816244427
2814502033
2813508256
2813025415
2811265537
2810844680
2810516471
2809869167
2809114193
2808357883
2807434489
2801781802
2801212675
2800822848
2799371569
2798423478
2798323403
2797417127
2797381239
2797164307
2795714326
2794712983
2794153961
2792158505
2791981482
2790034781
2789855529
2789745945
2788845458
2788577471
2788106067
2787941388
2787893725
2787677038
2787105120
2786720826
2786570560
2786098710
2785518501
2785317654
2785098814
2781881860
2780438421
2779156561
2778885193
2772828231
2771655389
2769599470
2768719494
2767359802
2767065506
2766642460
2765263074
2764716982
2764388255
2762687123
2762576078
2762207365
2761727720
2761267752
2758718218
2758413563
2757720196
2757465451
2757460797
2757351577
2756826108
2755637290
2755187039
2752870082
2752707145
2751037071
2749834567
2749609320
2747989276
2747419909
2747017789
2746513299
2746188298
2744989470
2744669746
2744274312
2744228533
2744186355
2739340051
2738155650
2736462493
2736166583
2733761740
2732505017
2730866071
2729585970
2728508136
2728007928
2727871127
2726022939
2725877394
2724267959
2722396954
2722325563
2721205853
2721141253
2721016210
2719601823
2716019608
2711507127
2711428925
2710488471
2709044399
2706562505
2706380132
2705879659
2705650085
2705200388
2704019056
2701692672
2700116309
2699421027
2699410324
2698640247
2696996309
2696783248
2696571738
2696439732
2696383837
2695869322
2695479652
2695121477
2694695931
2693635263
2692016674
2691455421
2690154685
2688417645
2688350214
2686871415
2686515052
2686401891
2686227448
2680479765
2679817860
2678008527
2673781316
2673210495
2671614271
2669183032
2668665589
2667981116
2664057044
2660612490
2660329364
2659936904
2659428661
2658621621
2658440718
2658304281
2658187879
2657873076
2656062836
2654918388
2653730240
2653527656
2653420182
2652693736
2649941064
2649429991
2647618105
2646214921
2645891744
2645565317
2645343076
2644639136
2644157004
2644015616
2643821277
2642698630
2641913070
2640930392
2640081703
2638884190
2638839557
2636535011
2635961058
2635806666
2631458300
2629010656
2624167338
2622379742
2621894623
2621574856
2620338395
2619673434
2618826203
2617721410
2615996247
2615394937
2614563694
2614525248
2614040694
2613828969
2613439786
2613394816
2612691946
2611995892
2611069698
2610539522
2609805827
2609304548
2609011129
2608765418
2608456108
2608437489
2606565697
2604778827
2604291725
2600397418
2599376157
2597519994
2597454145
2596380064
2595419349
2594598221
2594167705
2592854015
2591213393
2588730172
2585555417
2584810427
2584403733
2583192809
2582861481
2582554596
2581812067
2581482673
2580066443
2578180490
2577893415
2576268003
2575891725
2575539448
2573893501
2573339864
2572924133
2572238692
2570043886
2569776315
2568727096
2567346497
2565943779
2565692066
2564107535
2563530439
2561570994
2560843358
2560420539
2559479383
2558908042
2558121274
2556820389
2554810042
2554289313
2553528262
2553197630
2552365172
2551866442
2551497891
2550436575
2550069048
2548742392
2548614487
2547727001
2547071758
2546281635
2545764831
2545363937
2543241748
2542505989
2538396938
2536963152
2535817890
2535613717
2534905204
2533024807
2530816349
2529900869
2528887657
2527633686
2525907004
2525523737
2524979491
2524747615
2523611447
2522132541
2521161626
2520209739
2519885631
2518926108
2516666766
2513305923
2511395682
2510299209
2509257520
2507587732
2507292878
2506480895
2505974029
2504191686
2503581943
2502648732
2501927310
2501252373
2500491647
2500409504
2500092247
2499776278
2499196952
2497434479
2494102751
2492337512
2491491090
2490438869
2490063299
2488630003
2487716222
2487452951
2485726654
2485379590
2484589696
2482604140
2482025734
2480755917
2479579768
2477763565
2469157285
2467355503
2465132505
2464309896
2464278827
2463558192
2463199016
2462850479
2462423259
2459629865
2457769492
2457327455
2455655891
2453300932
2450871972
2449426070
2448451499
2447893970
2446875483
2445767887
2445098339
2444548273
2444022892
2443240561
2442527341
2442425719
2441728002
2440206552
2434765513
2433679530
2432725607
2432581738
2431707116
2430225267
2429679116
2429098096
2427269016
2424452012
2424218335
2424086138
2423014252
2421407776
2420871298
2420562333
2418007561
2417480382
2417474169
2417157844
2413319727
2413195909
2413088059
2411925136
2411733238
2411710303
2410568277
2410293299
2409893185
2409134846
2407664244
2406731971
2406411446
2405773860
2405634333
2405357143
2404687849
2404522250
2404274278
2404205525
2403465388
2401665307
2399511361
2399219402
2398104576
2397880335
2397112988
2396016099
2396014954
2391986945
2391495201
2391346078
2388408808
2387763459
2387561092
2386255980
2386010824
2385710616
2383862078
2382879148
2382331998
2382034621
2380201485
2378828094
2378351987
2377472833
2376079152
2374750600
2369820917
2369331681
2368766352
2367870229
2367461352
2365309341
2362336726
2362234567
2360887975
2360357254
2359789605
2359768678
2358883318
2358802583
2357549334
2357044992
2355296234
2355254222
2353184054
2353050051
2352986587
2352497097
2352083672
2351147425
2349121521
2348847085
2348598186
2345850036
2343594854
2342881107
2342594710
2342430377
2341699357
2341266456
2337727180
2336909058
2335943715
2335500413
2334683076
2334123498
2331928802
2330918028
2330383902
2328453088
2328228691
2328188241
2327041621
2325134573
2324836223
2324829497
2323901874
2323075697
2322103883
2321699609
2320430150
2319150767
2318497023
2317644295
2317358375
2316878648
2316537048
2313735720
2313723337
2309187188
2308996044
2308444861
2304970449
2303541957
2303372675
2300926689
2300054318
2299382531
2299217850
2298518953
2298121747
2297098001
2295748455
2294989779
2294681869
2294016884
2293125411
2292986947
2290564177
2288711290
2288612712
2288256011
2287965803
2285432870
2284081678
2283987350
2282388556
2281447268
2281367475
2280348407
2277333208
2276999989
2272776094
2272414822
2269929684
2269655212
2267737717
2267020988
2267010489
2266182985
2264224622
2263729293
2262211324
2258784055
2258504928
2256758329
2256661842
2256573092
2256122448
2254742631
2254697437
2254222501
2254076277
2253532614
2253366476
2253192789
2252369671
2252002669
2251042135
2249190950
2247596882
2241701828
2241661577
2240928675
2239885299
2238981403
2238897924
2238642785
2238403679
2238104658
2237398039
2233972948
2230851605
2229295845
2228363088
2227582786
2226666698
2222761024
2222068340
2221766231
2221594618
2220588065
2219926999
2218560071
2217871811
2217738443
2215568055
2214869422
2214460032
2214310938
2210829066
2209890062
2209412354
2209270219
2207546334
2206334187
2204952071
2204591080
2203967484
2203373498
2202600701
2201575836
2201234879
2201079876
2200109704
2199305959
2198969800
2198327064
2198272615
2196648411
2196366950
2194965446
2194527844
2193509669
2193469934
2192681257
2192560772
2192360259
2191765155
2191441070
2190154570
2188645894
2188584597
2187518180
2187382177
2187349904
2184555733
2183161064
2183118381
2182177753
2180404327
2179914756
2178933197
2178763847
2177700395
2177169890
2175801721
2174857150
2173798762
2173275394
2169362544
2168781762
2168748715
2166562687
2165664624
2165568033
2165547008
2165500200
2164703294
2164605623
2163490137
2162771267
2161393477
2160917048
2159018184
2157923784
2157404487
2157062892
2156115200
2156061453
2155920476
2155823330
2155679827
2155245111
2154574227
2154155647
2152879568
2152618202
2151063056
2151032664
2150561824
2150274040
2147103003
2143280718
2142423723
2140847342
2139128125
2135926216
2133239712
2132635101
2131603164
2129908295
2127425133
2127135068
2126971997
2125617087
2124144745
2123004805
2122991523
2120940951
2120074188
2117031577
2117006190
2114993579
2114360306
2112725773
2112112435
2111489856
2110179842
2108773061
2108704872
2108122567
2107197188
2106879655
2106648938
2106442289
2105974626
2104388708
2102740363
2102662579
2101942371
2101782269
2101631518
2101447893
2099979307
2097295378
2097229298
2096041171
2095519928
2094515444
2093034120
2091762292
2091027256
2090044948
2089025543
2087342162
2083138375
2082103158
2081541724
2080662313
2080649955
2077595688
2077496080
2074989759
2074980951
2074692321
2072389561
2072314839
2072251293
2071070513
2070361328
2069645005
2068762170
2067757466
2067598365
2067544827
2066943456
2066832029
2066078987
2066057703
2065941780
2065852386
2065081488
2063186418
2059944471
2058846098
2057503097
2056230013
2054803114
2054554418
2053246022
2052610183
2050111416
2049374344
2049092803
2048952177
2047128260
2046647154
2046214961
2045872715
2044634482
2042688671
2041249538
2041016100
2040998822
2040221427
2036218834
2035842094
2035807339
2035738580
2035563658
2035180595
2033412303
2032093096
2032090691
2031401014
2031109530
2030419312
2030383176
2028302709
2028014770
2027028278
2026489692
2026034400
2026025958
2024960476
2024569397
2022880625
2020861524
2019603784
2017628640
2016999330
2016073801
2015585926
2013646045
2012867622
2011442397
2011369428
2006597271
2004855293
2004691303
1999394450
1998741532
1997574311
1996017233
1994664990
1994430358
1994211053
1994054829
1993935376
1991514478
1991038950
1988394416
1987659612
1985548133
1984585236
1983392703
1983114591
1979832020
1976784503
1976127800
1975468927
1974391042
1974031074
1970904308
1969900171
1968085959
1966812120
1963675260
1962971537
1962587711
1959680373
1959072055
1957941980
1957217168
1955376937
1953450459
1952389820
1951782200
1950962601
1950338042
1949527064
1949409733
1948925047
1948569585
1948497626
1946823020
1946651166
1945902389
1942890945
1942726318
1941237556
1939810566
1938520876
1935033069
1934079439
1934036798
1934000209
1933430588
1933411453
1932650270
1932181790
1931125196
1930759954
1930670587
1930556741
1928339095
1928164048
1926434663
1925822644
1925720023
1924796749
1923834797
1922961848
1921835234
1920990429
1920906950
1920843358
1918767089
1918556168
1917774778
1917462315
1916476880
1913023255
1912937552
1909905225
1908955581
1906558443
1906299050
1905862161
1905790027
1905564693
1905038160
1904176046
1903694812
1902288414
1900986386
1899851268
1899093541
1898186683
1897848269
1897682477
1897540628
1895870792
1894820324
1893981758
1893035820
1890669056
1889997827
1888469163
1887919267
1887453237
1887297018
1886682992
1884496174
1883795502
1882794509
1880338818
1879981031
1879172371
1879098394
1877797774
1875597670
1875196901
1874095887
1871667664
1870145787
1867393292
1866780221
1865837666
1863621428
1862161886
1861042459
1857599628
1856653388
1854958569
1852316999
1852192155
1851500485
1851202993
1850526942
1849970324
1849855491
1849662797
1847428243
1845984511
1845248581
1842665088
1842376134
1841431391
1839956231
1838294642
1837939380
1834801342
1834593039
1833681915
1833001178
1832791167
1830019146
1828958454
1827785110
1824061525
1822916142
1822888195
1822879632
1822160585
1822127227
1821503052
1818471252
1817406282
1810761170
1809691678
1809265626
1809117485
1806803961
1805263512
1805250313
1805194754
1805058365
1804990305
1804762040
1803809566
1803618849
1803426106
1803320713
1803153883
1796933663
1795732600
1792254035
1790388199
1789874096
1789151294
1788737613
1783771905
1783610896
1783141732
1782725102
1782659177
1782288047
1782204701
1780053083
1775065775
1774628932
1774493658
1773638190
1773034139
1772854676
1772382008
1772337277
1770861904
1770207982
1769853227
1766043557
1765905105
1764625911
1764442011
1762683871
1758913583
1758713708
1758096603
1757826014
1757497099
1756615304
1755999799
1755002796
1753076765
1753047480
1752384677
1751985977
1749802367
1748911265
1748191729
1746354949
1744846328
1744542985
1744532107
1743178198
1737945414
1737482370
1735409251
1735217393
1735216512
1734930697
1730378754
1727305562
1726926830
1724767151
1723080527
1722861149
1722352434
1721890377
1720836739
1719964386
1717880767
1717110991
1716642074
1716545401
1716162541
1715614272
1714617783
1714415105
1714376472
1712910539
1712600655
1712017873
1710894223
1707461914
1701841217
1700885238
1699585933
1697813562
1696805586
1695635590
1691799413
1691448474
1688465938
1686200434
1686151610
1686085710
1685755785
1684285328
1684053555
1683471953
1683069627
1682251899
1679287698
1677553853
1676587971
1672685695
1672044302
1669809780
1669772984
1669330089
1668253128
1668113433
1667744885
1666997699
1665053422
1663013988
1660510889
1659044446
1658770190
1657036246
1656660893
1656261229
1654670652
1653261002
1652235100
1649531515
1648572978
1647642201
1646375812
1646343489
1645945587
1643808483
1642129373
1641036818
1639852079
1637574652
1636790007
1632798144
1632677892
1632662951
1632649256
1632473289
1631356904
1630958311
1630917493
1630374039
1629306451
1627588723
1627272552
1626567420
1623988582
1623740942
1623718524
1623310564
1622536930
1620195220
1620018122
1619982771
1618361350
1616291962
1615463847
1612488303
1612461588
1611958612
1611593861
1611546434
1610914093
1610628570
1609956042
1608932983
1608643487
1608237890
1607047148
1606961340
1606640166
1605464097
1603903103
1601734744
1601332821
1599905154
1599769094
1599368117
1599294862
1597301667
1596793630
1596359315
1596233897
1594756213
1593264285
1593240882
1592963737
1592546179
1592411505
1591623386
1585925843
1583857725
1583598287
1583522524
1582616022
1581582914
1581392640
1579762850
1578968273
1578940745
1578440719
1577678271
1577198408
1575397949
1573203237
1570955713
1570950533
1570929328
1570728990
1570308640
1569433937
1568426568
1567022483
1563509761
1562621686
1561671020
1559893228
1557065140
1556631485
1556114147
1555724103
1555472221
1555436554
1554572852
1553929629
1552131726
1551386954
1549256797
1548740758
1548418123
1548058463
1542548688
1541959221
1539529318
1538995727
1537264382
1535830780
1535739769
1533668102
1533077935
1529475316
1528422350
1527787518
1526248247
1524905407
1524743055
1523444313
1522416373
1520633130
1516807693
1513723804
1513555805
1511928500
1511119484
1510316060
1509691943
1508126782
1508022346
1506984933
1506562794
1506036889
1505727394
1505010201
1502390695
1502270919
1499488230
1498111255
1496907341
1494333504
1493237980
1492520031
1491854449
1490429257
1488907974
1487581746
1486189382
1486079989
1483531027
1483432417
1482766059
1481780907
1481089305
1480804401
1479053315
1475552199
1474560683
1474024297
1473392124
1472919013
1472151829
1469915223
1466277422
1465987441
1465710738
1463611145
1462123030
1461394285
1461000218
1460897209
1460593707
1460416413
1458370381
1458290074
1458064111
1456841892
1453881798
1452581181
1449452435
1449340801
1448343149
1447637373
1446795640
1446552201
1445357096
1445043550
1444219206
1443661348
1443438405
1442153991
1439885551
1438938983
1438793044
1436920952
1434776703
1432381779
1432082735
1431495978
1429447718
1429157600
1428891908
1428100606
1426896394
1422992950
1422471946
1422117319
1421390616
1421357185
1419572492
1418789254
1417307126
1416927728
1416675268
1413803396
1413721189
1413236605
1412902358
1412181763
1411747719
1411707830
1411590798
1411581269
1411559032
1411099094
1407987759
1407033736
1406247717
1405627627
1405417220
1403155655
1403065418
1402404745
1400564892
1399823036
1399806734
1399362865
1399283409
1398957274
1398677780
1398081643
1393582244
1393321337
1393284282
1391957585
1391317385
1390497494
1390067422
1389478612
1389406361
1387707463
1387445612
1387195465
1386549596
1385564177
1385523557
1385306799
1384872587
1381369748
1379947480
1379161585
1377742255
1377441707
1376375348
1376230180
1372280587
1370649256
1370063443
1368591153
1367886676
1367764889
1367647057
1365527908
1365283725
1364861328
1364183117
1362330942
1361440964
1359552126
1358755034
1358299582
1356581030
1356264391
1356220915
1352979445
1349136856
1348028449
1346573899
1345449241
1343504427
1342674371
1342394485
1342344950
1339242369
1338871904
1338589754
1338311147
1338302993
1336996400
1334451693
1331209563
1330892160
1330542233
1329563986
1329409466
1328545630
1326939764
1326802014
1325873493
1325563001
1325314378
1325063984
1320432078
1320387746
1317275351
1317243041
1315396820
1315135147
1312829048
1312300744
1310384847
1309566249
1307996427
1307292897
1307175819
1305593860
1304974211
1302383776
1302023232
1301124806
1298531433
1297711665
1297394014
1297073170
1296015618
1293841701
1292800975
1292613250
1292550058
1291580862
1290534801
1288332041
1288088615
1287829027
1286864651
1286292625
1285930130
1284836323
1282923504
1281940231
1277365996
1276936451
1275580873
1271527834
1271437966
1270265179
1269671947
1269437571
1269430876
1269333216
1269102408
1268950739
1268310486
1264368492
1264223817
1264072928
1262177620
1259801373
1259409925
1259310305
1258905849
1258174395
1255909856
1254564759
1254365258
1253041891
1252405714
1251749821
1251352643
1249869961
1249299841
1247895625
1245608297
1244169297
1243668989
1240007990
1238005272
1237912376
1236958400
1236939537
1235756592
1234774477
1234405445
1232981754
1232862748
1232843215
1231934057
1231431690
1230454718
1229044975
1228195451
1223474465
1222988003
1219718212
1219340961
1217148794
1216683219
1213057977
1212877658
1212242939
1210141366
1210081891
1208577867
1207707361
1205098829
1204763868
1202036461
1200278192
1199774805
1198660005
1198543487
1198101794
1197973484
1196750234
1196618349
1196463969
1196016202
1194045678
1193942034
1193066967
1192715352
1190202850
1189168289
1187868153
1187622018
1186739277
1186719533
1184326858
1181789560
1181744394
1179754603
1176939002
1175890775
1174240857
1174117425
1173039283
1172628596
1172588554
1171751964
1171241447
1170351504
1169714477
1168746929
1168718206
1166898733
1166674678
1165477756
1163539777
1161620703
1161338715
1159437713
1158259759
1156648439
1156259452
1155751564
1154244153
1151042737
1150815060
1150426401
1149408432
1149210645
1149045736
1147641840
1146780373
1143169588
1143000411
1142353669
1140817303
1140094982
1137863508
1136772251
1135651078
1135309179
1134743936
1134635001
1133221336
1130532660
1130408979
1127331254
1127194473
1124756311
1124486123
1124443853
1124208628
1123876939
1123209039
1121849608
1121055074
1119574082
1118663570
1118330475
1118234367
1117054128
1116570121
1114472396
1114255450
1113773830
1113737536
1112966855
1111530483
1109492378
1106517262
1105706394
1104898031
1104376254
1104117693
1102386622
1098953333
1097047804
1093312196
1093009139
1091584724
1091579855
1091154726
1090684196
1090415356
1089418455
1088194287
1087004005
1086170966
1086096456
1084375212
1083692401
1082997225
1082650058
1082353775
1081663491
1080591106
1080336382
1078463111
1077757965
1077304641
1076695794
1076281444
1076027289
1073678897
1073515650
1072737469
1072705733
1071525278
1070473657
1070428373
1069420585
1069268153
1069173928
1069171553
1068124619
1067010221
1066293131
1066254640
1064108944
1063152391
1061539069
1061432555
1059663640
1058289709
1057304210
1052759748
1052735271
1052312618
1047874573
1046383299
1045538732
1042881958
1042393862
1041641608
1032964716
1032313459
1031958639
1031330783
1031297819
1026229789
1021470080
1020677586
1018658773
1016182986
1014721776
1013266280
1011914910
1011111517
1008015143
1006544102
1005426070
1004902241
1003480456
1002753803
1000934733
1000615542
1000487367
999793764
999307000
997551141
997276967
997178591
996311763
995249061
994896480
994253853
994200149
990266412
989035905
987661648
987291041
987241649
986926502
986743554
986528711
986361326
985622215
985338359
985274104
984744596
983467611
983235552
982963506
981772102
980386706
980000728
979162553
978865052
976867257
976808841
972039566
970281263
969704423
969432329
967842266
967185850
966815699
966625584
965814790
965165741
964984497
961222684
960254124
958948180
958524905
954294845
953761178
952793374
948841188
947988729
947460152
947153324
946841551
946498471
944253176
941660091
941318037
940260291
938928732
936079164
935908997
935887193
934087482
933453483
931324935
931030489
930676141
929594273
929256166
928787369
927331614
925318507
924806023
924188073
922867739
921609083
921090954
920236646
915912452
915878984
915002442
914321429
914040686
912213996
911691912
911295981
910681700
908821896
907910277
905443479
904447561
903315637
900850133
900596654
898778527
897730038
897056132
896640616
896138143
894207563
894188534
893709653
893633918
893477144
893089500
891437344
887285675
887207320
887021014
886367319
885918940
885788934
885582036
883842480
883621056
883377113
883116958
881736654
880814105
878661887
878417004
875432280
874293085
873899221
873427154
873342169
871042360
870219082
869371311
869161955
868216231
861487479
861193755
859780597
858906412
857568112
856141919
855651169
855404177
854786285
851404073
849748791
849141362
848656239
848065787
847936391
845629307
843732148
842252058
842180869
839767300
836393956
836170272
835574590
834492995
834385513
834050459
832570340
832440230
832036043
830597187
828302866
828146504
826413633
826194333
825220633
824345266
824318196
824230619
823501411
823039410
821759540
821692306
821459463
821431707
819822207
819768271
818248091
817895187
817762997
817722547
817187904
815284846
814524308
813193461
812956855
811321589
810653385
810481865
810461554
810252429
809904409
807695432
806581085
806345634
805655847
802913192
802613578
802254246
800270508
799539393
798453455
797976460
797844722
797699955
795783716
795164140
795125806
794208551
793926585
793291871
791291023
790574811
788567955
786883006
784029625
783529804
782436337
780874032
780314096
776863618
776509613
773001239
771731651
771369499
770798540
766095312
764676603
763816718
763239458
763063738
760721667
759460631
756576829
753405543
750544855
750185643
749478906
747442960
745232466
744490374
741785029
740993648
740958115
740623169
740564238
740348341
739498295
739037919
738201245
738143151
734374387
730441823
727961061
727500035
725794251
722919990
722082191
719027750
719018877
716507369
714689870
710212352
709709058
707553346
707097549
705682903
705516049
705148783
704694290
704457050
704043020
703073146
702544571
701512985
700378970
700119778
699896550
699165235
697932784
697370415
696758934
696697642
696428192
694518602
691972008
689325827
689047413
687520641
686949877
685699498
685429616
682729220
682321418
682017848
681087012
678028231
677758956
675451780
675080011
673252804
671132458
668718339
667278350
664951498
664750608
664459929
661749455
661006341
660963748
653326230
650444199
649765023
648710089
647111478
647078583
646068908
644573335
643464169
641407435
641162279
640820788
638144871
638036190
637619010
636733218
636116345
636020756
635131281
634756369
633728558
633689955
632184331
631928108
631037512
630500117
629275389
628702408
626405270
626377115
626158254
625477524
624433192
623676559
623361323
623225770
622587623
621841494
621832541
617474105
617461062
614889406
614791190
614372435
613033147
612449997
611717287
610677243
610587048
610324130
609297381
608016271
607827499
607082300
606952365
606543094
605538507
605188946
603616743
603036617
598579443
598337215
596830828
596662719
595481206
594271923
591502273
589659700
588828841
588331405
587104432
586857455
586494347
586176343
585274156
584651420
583451577
582189040
581004114
578696855
576750333
576365431
573860792
573588112
572955577
572306871
572264238
570400157
569184644
569075424
566772052
565332190
562637783
562121943
558960267
557711621
556873917
556389288
554517431
554298870
553422305
551813043
550574178
550381076
549987923
548753281
546360968
544708809
543602692
543533698
543380250
541378098
541074781
540547889
540309493
540115191
537671127
535279427
533197605
532399834
532084399
529831209
529532734
529427111
529405938
528268592
527064148
526641803
526364194
525237397
523836323
522627803
522305870
520123581
512078594
510568532
507474640
506187112
505646317
505194526
504654127
503405401
501384438
500097043
499448254
491378993
489995679
489778093
487479963
484569390
484507860
483311287
482159575
481930212
481711124
481547024
480926831
480771251
479380968
479286775
478598831
477964055
477786346
477755525
477122544
476212486
475808127
474128403
472763173
471920846
471572001
470948982
470372087
470029336
467974861
467800700
464573433
463196412
462691421
460676275
459142595
458486160
458092863
457890336
456817993
456591979
455255235
454767888
452009901
451671172
450909063
450412123
449827227
448290915
448044151
447843708
446158766
444724700
444174855
441921861
441436638
439556798
438445219
437515097
436108622
435832034
433557791
432965029
432506044
431424207
431201625
430792895
430476917
429541753
429021269
427636294
424526344
424488506
424184803
423504258
420829739
419299113
417183949
416633387
416545194
415916100
414949873
414740021
414316626
413310452
410036945
409787401
409161091
408794333
408149733
407037836
404627502
402200271
400199836
399176111
397713189
396245367
393521056
393368193
392989073
392795310
390060232
389377482
389298970
387889421
385087005
383987834
383895574
381548372
380505401
378916324
375882171
374321540
372468749
369434980
368165674
367602599
365691034
365536539
365035510
363850301
362909660
360379714
360262154
357419777
356466225
356415123
353125978
351251401
351238182
350654930
350225528
349207019
348542297
344655997
342975991
342509941
342055775
337543009
336748250
335113187
334681962
332995946
332182305
331825073
331759180
329962421
329906113
327784697
327616681
327023621
325272741
325243397
324934774
323100204
322439853
320951947
320787518
318561927
317643481
317067160
316240931
315787196
315572929
315529289
315139996
315086242
314844835
312875996
310518249
309113115
307378065
307214304
307203962
306960312
302610684
301629147
300980483
296484500
294479722
294177022
292115515
290833458
289759126
289586133
288683961
288126226
287619170
286483126
285483416
283145931
282928551
281417960
281146135
280869557
280637864
280460821
279294123
279085778
278332923
276979396
276128235
276114425
275400077
272750322
272713067
269228657
268858935
268130787
267626154
266682850
264979354
263810665
263034248
259301160
254475753
254446219
254365927
252970623
252676985
252517433
252176154
251838970
251720840
249482785
244250853
243007020
241865010
240487206
235600985
235571436
235464397
235140027
234702261
233117953
232513446
229613668
227475852
226597876
226437114
223819167
223271993
221771967
220001801
219421282
218729911
218008493
217868111
215701070
215205654
214932464
214068966
210690207
210632037
208468759
207403497
206943020
206766252
206416203
203916288
203107854
202136085
198295046
195155428
194625918
193512608
190152224
189987863
188801140
188283686
188128848
187674733
185750236
184747569
181173225
179098532
178789918
178117628
177488494
176805196
175647244
174923845
174063523
173554191
172775236
172500534
171053059
171004842
168085225
167924260
166821318
164205182
161984184
161983230
160491995
158666155
156421807
155882839
150670566
150446893
150237940
149425525
149331138
148518800
148403557
145135840
143558598
143317140
142842431
142665881
141779210
141769261
139875641
139831508
139736397
138534798
138031765
137995651
137332439
134591731
130363393
130093111
128346455
127386675
127323635
124699993
123397356
123182280
122765257
122099614
121472726
120063099
118821940
117586500
117467922
116530714
115833529
115655610
114668989
112014583
111520721
105943753
105076452
104775073
104669641
102706274
101077260
99297814
98037261
97608525
95210446
93717980
93536771
93020197
92799643
91782238
90686638
89462028
89144525
88207013
87941842
86683748
85380193
85253162
84571366
84434361
84293869
84130577
82321865
81083397
79083625
78899538
78832310
77623199
77135706
75409231
74615999
70986948
70815368
67655664
67255040
63616334
63601381
63332002
60630078
60507272
60357441
58624896
53485588
53205423
53000358
52479676
48518870
48233097
47179619
46947251
46397897
42896944
37841948
36376234
35177309
35129609
34743391
31082445
29885917
29682695
27602136
27409387
27189251
24757861
24612625
22744493
21717382
21491727
18229571
16709322
13554535
12939268
11840854
11719517
11264780
10322977
9732297
8557040
8455383
7581963
7147772
6842915
6355620
5149225
3780843
2866480
2092952
