537063
1186810
1721558
2350823
3652981
3906072
4408198
4482157
5496383
5887319
6317669
6687319
6789112
7551660
7552457
7883495
8613405
9749829
10290789
10548749
13352785
13451789
13544655
13840073
14376441
14531847
16325596
16523783
16628191
17456489
17985919
18741831
20366691
20572462
23087110
24634578
26870950
27450764
27740049
28118870
28608142
29165860
30988594
31213447
31551353
31801033
32376479
33180748
33425132
34106252
35517457
36422944
36789272
39608099
39664357
39914995
40571216
40928431
42697620
43676094
43873572
43898383
44993215
45070661
45403449
46032515
46294792
46577571
46731186
47213171
47735921
47942868
48310668
48478918
48697269
48775895
48908592
50737890
51126446
51418176
52276126
52542506
53824330
53897780
54056117
54184041
55867079
56011379
56882530
57290685
57935402
58659719
58935000
58972698
59222889
59374292
59515011
59869146
59908115
60460699
60511006
62130073
63326867
63762954
64061783
64390701
64669120
65223012
65807679
65926770
66097613
66337296
66524087
67034883
67266815
67468324
67778247
68355726
68366219
68374976
68492208
68809702
69146465
70287295
70302836
70501235
71651298
72216503
72889329
73547315
73911131
74173734
74439564
74469440
75462721
75490996
75813295
76769484
77608300
77673015
78157519
78544993
78997814
80721973
80756429
80969186
81104539
81888921
82370651
83283317
84292227
84397465
84414934
84715937
85261768
85430891
86217100
86464368
86574757
87659445
88379759
89353615
89620506
90562175
90807118
90967278
91118258
91635198
92084138
92173894
92655347
92843692
93647286
94301577
95386802
96042592
96046909
97570857
97958431
99153796
99344749
99476145
99786523
101555342
101768510
102559504
103628490
104569609
105244029
105415567
106029391
106187356
106383264
107025203
107147213
107693718
108013968
109215834
109357216
109861313
109942891
111361295
111539722
111721280
111875326
112206944
113713125
113746516
115785287
116121029
116475453
117776256
118028916
119652426
120548794
122416054
122675842
123553045
123783252
124492737
124494405
126095161
126153075
126219901
126290360
126932248
128578877
128970202
129012727
129117538
129423219
129565957
129767431
131353811
131373300
133133982
133451151
134193803
134669033
134956788
134978725
135254460
136102548
136625379
137390957
137715854
139274895
140038653
140258555
141455728
142437178
142899086
143740757
143774498
144898800
145052376
145921365
146550505
146732273
146921934
147582776
149703754
150803104
150824859
151251653
151264826
153263517
153295068
153297084
153798258
154120776
155483062
156664142
157461072
158266133
158315613
158506814
158554984
159235276
160303888
161065393
161694026
162033278
162334639
162733554
162802239
163394715
164180773
164822061
165367885
166100592
166598072
167269909
169136190
169527150
169621747
170204945
170514732
170653745
170713371
171712741
172254287
172278491
173097554
173310543
173380888
174023904
174279578
174342812
175609627
175793849
177421199
177643555
177710365
177910333
178183585
178549734
180718006
180798900
180946901
181828951
182268841
182449428
183051873
183446384
183748538
183928838
184350874
184824838
185203655
185318590
186228109
187071213
187589836
187660439
188304270
188489419
188880872
189087725
189227680
189732637
191075916
192815436
192820465
193846409
196268615
196705157
196751483
197304398
198243822
198718043
199934113
201256327
201593152
202024457
202240150
202796840
202836219
203428633
203528042
204546715
206718731
206768876
207841717
208662563
208778303
209035303
209282454
209829754
210546918
211159151
211874752
212190770
212335089
213267593
213733866
214151341
214155101
215731265
215852319
216176213
216525254
216863462
217080887
217123979
218143567
218718788
218889239
219248350
220160421
221023582
221276859
221648469
222161518
223418541
223863354
224393757
225061526
225518794
225814300
226014242
226226087
226530474
226857308
226862674
227002594
227381327
227558280
227678935
227732017
228161964
229372112
229730332
229898596
230966556
231645724
232134424
232655624
232821832
233483869
233789144
237121570
237308503
237355121
237621495
237966040
238200347
238334879
238688576
238839908
239587964
239665971
239715040
240037370
240043718
240487949
240765108
241412254
241488408
241750474
245166756
245214278
245655775
245875705
247344746
247380479
247638414
247955427
248436203
248505345
248526217
249492254
249500801
249838587
250009838
250399395
250431740
250571779
250817617
250836218
251125994
251207638
252508425
252755831
253544164
253642896
254326778
254870213
254978708
255325095
256437534
256797597
256967198
257411113
258010174
258548594
258597581
259717518
260642829
261588671
262463001
262573132
262647978
263111923
263475806
263747453
264063004
265088359
265382441
266057488
266482947
266504755
267112912
267461975
268099358
268668483
269196761
271961708
272321109
274183972
274338320
274524820
274790594
274936704
275983374
276785919
277039214
277486900
277531234
277679077
277873429
277941012
277951871
278318416
279655630
279983027
280299783
281067587
281268166
281440618
281492629
282706227
282903190
283524187
284567665
284978110
285250776
285447349
285749624
285827141
287847409
289008486
289357599
289550324
290233996
291132735
291396230
291476241
291758323
292697753
292728758
292905066
293116493
293971591
293978480
295257178
298156484
298754709
299199432
299474443
299715056
300884980
300944519
302725573
302883683
304702454
304960217
305454019
306051550
309428909
309550369
310486983
311487411
312031038
312393844
312587281
312630435
313500307
313551334
313634212
313682436
313984641
314583599
314665629
315306626
315596138
316185540
316265352
316305728
318167951
318270783
318319621
318962942
319610499
320166817
320658135
320809686
321352852
321541547
322722517
323164038
324943124
325598689
326099510
326271626
326803922
326818542
327411870
327513369
327519469
327899392
327932445
328876235
329175896
329934731
329992763
330289790
330630179
330644412
330839830
331068490
332202266
332255653
333464345
334408986
334799707
335215941
335487342
335717859
335974583
337153290
337977694
338613056
339102623
339708075
339972838
340629759
341394451
342086827
342552027
343024388
343257133
343569576
343803973
344170738
344188493
344230554
344305652
344904604
345579161
345985900
346531645
346874376
346882026
346968354
347017728
347079461
347314166
347411208
347416628
347832100
348013745
348015545
349473063
349510857
350989239
351572669
351956702
352514499
353397815
353530967
353959344
353998250
354197441
354753818
355211576
356241240
356312952
356321019
356672398
356819400
356903591
356939745
358304717
359753666
359792003
359991293
360147143
360805864
361342666
361748770
363446371
363676702
364060186
364224732
366819208
366977688
367717510
367922328
368373760
369839080
370106521
371402365
371610443
372655790
373178021
373535775
373574313
373621709
373748919
374113605
374535695
374616224
374844001
375044242
375410147
376071130
376451338
377318629
377519750
378027617
378203239
378690462
378932717
378982937
379048002
380204498
381266176
381455107
383126166
385748192
386585885
387927950
389724877
390087939
390507770
391100398
391299459
391353088
391593777
391945769
391981332
392101502
394518453
395996722
396425400
396825462
397427131
397851602
398265735
398508720
399226412
399444968
399910028
400032517
400337619
400554608
400616773
401623844
401648373
402420656
402799202
403070061
403513445
403784333
403923860
404613818
406344067
406496834
407569297
408198877
408227862
409056224
409470260
410435650
411083398
412370586
412732514
414869091
414972675
416302837
416665736
417752939
418079311
418096228
418716041
419182228
419764448
420170336
420710179
421067857
421883392
422449349
423752918
423823819
424512254
425176994
426575062
426751108
427050441
427572333
427823855
428639547
428680469
429737505
430812317
431019054
431418957
431754804
433165340
433580818
434468006
435088944
435546499
435738651
436338363
437558143
438189589
439194443
439247916
439797840
440186562
440874732
441297657
443014794
444059242
444533930
445336059
446417357
446868198
447439179
449477057
449648207
449808102
450905056
451124114
451370455
452235204
453214426
453368075
453981779
454547517
454597704
454843980
454925897
455066404
455576564
455579100
455780491
456126369
456340193
457582908
457597691
458027086
458318515
458484200
458753106
458753389
458871971
459078393
459319138
459456424
459719470
460543764
460647369
460795662
460970885
461238295
461274410
464360267
465759829
466588245
468385759
468423527
471054072
471223313
472168062
473923041
474627215
474980011
475677770
476077511
476113001
476290410
477426312
477576523
478436837
478969641
479286794
480046738
480204275
482888401
483036326
483046676
483521550
484316433
484374446
485242057
485518828
485805305
486104107
486302571
486402185
486832409
487604571
487651288
488577173
489827646
490132352
490338144
490542108
493042425
493112896
494215040
494450048
495088529
495189694
495501311
495652555
495980650
496561662
497392939
498101845
498694797
500373914
501009360
501870838
502000260
502504846
503196584
503740276
503807968
504879585
505196292
505361642
505376309
505456593
506517563
507292719
507516370
507654100
508135116
508477057
508616973
510980718
511170445
511987174
512563883
512605285
512751234
512982200
513217190
513235645
513929377
514976640
515105259
517128932
517508323
517630349
519577870
520862247
520986902
521670994
521870628
522224562
522549304
523887395
524975687
525129434
525409015
525727779
526035874
527392438
527548886
527835110
528774958
528898406
529173933
529900916
530563066
530781587
531034693
531505521
531725184
532056588
532290485
534387726
534713072
534826376
535014126
538818028
539198452
539390920
540068435
541851809
542885682
543008525
543344125
545603451
545921514
547505315
548189870
548434389
548930234
549318483
549471426
550257098
550441399
554512214
554547211
556064164
556370660
556854185
556969245
557006805
557141516
557242134
557307072
557929325
558194629
559625970
559704398
560375282
560524648
560940535
561519235
561534578
561833346
562212285
562272241
563242504
563904694
564215984
564433084
564638233
564933373
565528411
566089556
566096287
566247965
566286576
566304885
566625154
566711096
566902248
568812724
568957586
569289957
569552666
569755108
569827880
569996092
570005666
570608734
570961619
572281709
573325180
573420371
577906510
577948650
578868383
579918859
579930746
580333912
580677659
580833255
580995325
581709399
582760960
583717441
584202695
584660691
584899817
585572569
587116631
587173291
588669637
588750655
590129938
591002593
591062371
591978982
592393856
593179783
593578171
593805254
593967801
595194216
595731125
595851145
595940149
596072310
597588649
598110783
598221995
599086094
600493574
600715258
600729540
600851724
601438918
601492699
601835957
602395397
603011857
603467568
603785032
603851821
604180104
604248906
604284446
604352387
604503025
604844184
604889931
605580933
605833607
607312517
607613200
608223193
608604078
608764063
609968263
610520046
610763712
611218787
611456893
611966428
612225652
612288233
612567304
613467915
613516075
613874969
614454739
615434488
615638939
616119891
616145429
616224746
618190251
618333558
618528567
618668513
619157424
620592705
620735161
620894276
621658233
621919951
622188342
622218571
622330053
622348925
622847940
623082932
623088853
623402841
623778147
625103361
625479833
625683569
626096784
627149275
627736404
628215115
629213218
629238305
630595395
630970648
632045779
632820969
634249865
634431441
635089697
636413644
636558529
636963709
637480553
637726854
638095877
638215301
639848510
639868751
640362962
640387978
641025556
642194530
642295385
642307213
643188038
643303601
643621448
643665928
644599068
645001678
645420400
646908005
647022527
647947085
648584604
648794052
649393890
649965623
650776378
653250065
654317420
655272346
656890203
657220499
657593677
657709126
657902817
658806241
658936681
659860504
659975997
660680509
661402865
661557427
662013801
663365680
663505709
663888794
664777726
665083652
665621692
666230466
666375516
666925185
666970589
667599692
668209576
668785396
669015128
669305831
669722085
669980288
670846097
672966543
673163080
673196498
673250600
673977151
674017080
674357854
674551183
674601279
676092607
676141153
676150235
677006785
677352920
677383428
677502448
678069005
678359293
679842630
680896906
680941708
681100552
682059273
682310451
682978921
684787725
685250286
685257703
685496289
686136427
686742062
687165380
687256546
688013830
688393375
688400189
688672261
688844875
688864930
688992631
689474281
689856422
690695574
692767010
692903683
693372160
693761436
694088831
694851877
695308220
695539642
695682532
696905050
697480260
697631255
697890532
699895605
699934474
701140754
701541952
701975986
702097060
702197365
702760807
703295550
703661203
704033273
704357043
705395700
705866443
706361519
706890791
707219190
707889203
708015123
708338704
709087794
709273647
709292659
709458355
710484682
711455514
712954367
714047452
714149214
714600646
715921509
716800431
717365968
717632692
717775384
717805123
718093966
718127399
719384064
719594475
720673159
720747269
721581518
721723835
721882672
721896514
722261368
723049008
724287892
724843036
724932707
726067718
726724978
727832469
727921250
727983114
728395251
728854754
729193401
729223863
730564544
731064568
731285506
732795607
733129041
733166839
733512292
735134921
735604768
736151828
736192646
737041745
737665430
738130905
738317225
738808095
738830991
739197388
739399533
740471203
740937321
740962913
741061705
741084134
741723411
743143531
743389267
744162261
744230925
744440769
744649684
744763674
744919367
745249682
745350988
745841889
746650660
746671908
748089427
748312690
750148546
751238948
751459453
752446575
752571361
752932251
753883697
754741584
755141783
755373863
756717966
757495154
758164037
758578502
759057950
759267430
759310187
760173834
760326464
761918836
762696610
763128961
763442207
763449966
764499854
765081950
765173900
765237841
766515823
766574592
768855390
769252660
769960280
770326990
770411695
772220495
772250967
772251878
773239370
773866214
773953288
774473205
775358308
775925202
776057575
776328367
777570466
777701695
777778981
778466460
778975553
779306954
779583443
780322398
780365875
781555191
781843733
782501611
782618167
782796880
782865793
783286277
783582698
783615364
784435143
784587772
784816362
785227335
786372048
787163193
787243468
787892892
789063902
789133051
789973784
790221784
790275868
790592204
791370165
791519861
791784243
791920090
792327960
792906902
793562938
795199383
795678283
796310194
796405972
796984946
797515616
798004059
798225970
798454360
799295124
799652231
800452935
801330961
801563488
802228093
802477958
802704066
803010681
803399507
804561634
804974742
806246677
806297042
808693564
808805273
809039045
809404860
809593050
810138507
810236681
811375447
811753295
811760903
812362001
812393561
812666302
814056788
814717762
816358834
817532612
818807083
819379917
819417669
820299616
820429356
821246462
821643854
821662820
822784207
824573047
824785885
825206268
825463901
826125259
827159570
827166263
827803313
830757406
830824065
830907972
831290437
832233292
833337103
833845091
834114634
834379925
834606476
836066010
837016864
838268050
838713872
840235522
841858311
842561265
842714947
842722042
842802966
842943789
844062225
845289160
845399751
845821649
845866599
846213242
846417603
846595000
846871147
846876514
847606523
849344790
849353018
849421374
849425942
849904025
850017872
850586715
850736232
851188575
851428202
851734744
851951889
852693791
853294395
853589978
853634954
854194740
854415488
856113396
856200795
856302661
856339795
856374223
856908259
857551235
857744752
857887164
859833611
860066100
860557299
861991523
862326492
862618206
864746927
864793177
865182378
865762587
866024958
866637914
867247770
867468808
867645108
867867331
868177535
869295290
869305861
869310486
869455191
869527126
870072306
870868056
871465392
873093934
873632692
873820866
874026316
874188565
874635901
874839472
875721923
876360822
877725064
877983082
878036466
878271582
878481738
879319919
879489354
879718480
880649345
880981442
884262857
884770476
885812720
886374966
886805942
887473222
888062640
888118230
888617156
889844606
890331059
890779877
891287353
891705599
891714345
892375150
893778749
895633337
896732357
896854351
897436484
897779585
898070341
898476493
899074758
899268294
899283840
899457789
899605695
900262655
900457636
900830188
901117059
901511492
901915756
902228309
902418609
902466901
902630115
902901350
904296775
905916872
906485012
906774712
906945434
907745397
907881003
908461077
908548965
908563633
908992548
909036002
909536468
909689126
911283803
913987829
914573026
915059699
915640017
915658623
916142257
916713659
916955628
917137104
917227619
918271691
919111659
919267630
919723942
919909504
920244446
921354095
921515278
922639089
922954611
923114684
924300220
924357300
924686829
925060609
925874498
926461839
926462720
926745904
927916588
928172036
928951705
929023537
929596379
931811417
932350188
932914414
933078424
933957943
934194855
934570328
934856859
935401464
936078623
936132977
936635674
937527808
938863050
938891555
940020252
940440134
941024330
942725049
942761385
943725031
945165549
945543676
946462033
946807369
947456133
947564225
947955501
948396258
949620834
950333611
950356346
950500130
950774354
951101505
951140231
951362494
951580801
952185732
952593694
953272288
954050892
954132189
954450657
955122284
955296870
956454774
956568345
956571672
956747504
957106837
959065435
959133335
959790570
959810183
960720173
961709756
961807092
962774630
963493734
963547639
963591066
964116048
964296154
964508701
964636813
965371245
965961664
966844583
967268190
967355003
968051867
968597057
968615824
968790814
968987007
970139168
970239735
970786231
971130334
972313533
972374349
973189467
973759328
974914848
974981358
975430315
975441598
975553715
976900990
977096028
977297579
977308340
977933707
978383523
978532760
978639316
978707198
979199608
979657635
979669613
979907172
979926564
980674803
980781222
981784610
982544646
983060151
983213003
983272480
985032395
985105403
985615217
986309165
986950446
986985764
987151905
987645157
989851289
990542148
991107257
991115391
992052868
992191404
992217499
992292088
992781152
993671869
993933660
994151630
994612565
994867568
995306308
995690018
995854392
996593201
996617298
997641500
997647909
998840514
998922117
999305415
999424323
999510299
999806765
1000240109
1000317812
1000601727
1000760796
1001380203
1002714174
1003189084
1003299652
1003477735
1003993876
1004515469
1004653422
1004778662
1005142063
1007122190
1007837957
1007884648
1008135912
1008652266
1008911354
1009326901
1011002854
1011275427
1011447850
1012216807
1013144772
1013324870
1013707696
1014664563
1014930372
1015446484
1015783779
1015855978
1015891217
1016150472
1016614259
1017201687
1017362048
1017396767
1017401092
1018151173
1018305988
1018485790
1018912268
1019035086
1019311514
1019359649
1019992210
1020800369
1021048563
1021527788
1022288418
1023692800
1024227796
1024256005
1024871161
1025291800
1025918061
1026102073
1026769852
1028134671
1028204206
1028432961
1028987719
1029053105
1029380220
1029738105
1029903093
1030236920
1030508072
1031651152
1033536573
1034559370
1034725086
1035151310
1035439295
1036079228
1036344832
1036455758
1036604848
1037182607
1037578941
1037715115
1037923947
1040582771
1041488876
1042684166
1042855925
1043628190
1043693427
1043945554
1044340731
1044374105
1044543440
1044956161
1045291098
1046662057
1047013772
1047688119
1048565851
1049396170
1050262900
1050516131
1050558341
1050745022
1051058478
1051151732
1052133162
1052449020
1053745848
1054415300
1055475981
1055917632
1055970871
1056757459
1057435342
1057966992
1058052069
1059005675
1059251663
1059370553
1059856429
1060583442
1061021769
1061381344
1062863943
1063590699
1064896917
1065259172
1065852061
1065983474
1066055271
1066151946
1067135292
1067195426
1067251236
1068915681
1068969921
1069678983
1070309919
1070741705
1071073482
1071304710
1071339614
1071474525
1071914287
1072962041
1073198957
1074577678
1075002441
1076472711
1078223564
1079178492
1079547582
1079768490
1080119648
1080292295
1081971883
1082655220
1082793396
1083517191
1084000234
1084719445
1084729519
1085153286
1085285784
1085839480
1085943291
1086749441
1087090339
1087883212
1088364236
1088690630
1089161697
1089994458
1090402147
1090665557
1091028763
1091313975
1092877933
1092879949
1093263571
1094464810
1095330248
1095565528
1097215805
1097954219
1100280862
1101313612
1101825899
1102570733
1104188406
1104382650
1104941071
1105784049
1106454476
1108722842
1109753899
1109899340
1109949021
1110625229
1110779198
1113243512
1113910156
1114128909
1114689932
1115872498
1116500932
1117174783
1118536551
1118783585
1118962453
1119339279
1119356898
1119440199
1119453149
1120345771
1120634920
1120722414
1122026572
1122318536
1122724305
1123027331
1124620457
1124883272
1125772706
1125917087
1126474674
1127235532
1127366505
1128857636
1129596435
1129976110
1130074560
1130366724
1130530774
1130900994
1131276691
1131749387
1132041558
1132241715
1132288664
1132764027
1133638335
1133884765
1135396075
1136274564
1136681927
1136739931
1136834656
1136953840
1137085694
1137728881
1138383431
1138632530
1139851144
1140691724
1141142921
1143841869
1143949018
1144442681
1145071342
1145694084
1146002203
1146061065
1146985971
1147101602
1147131717
1147210309
1148565932
1149131229
1149940891
1150041503
1150329219
1150617331
1151332476
1151619630
1152522878
1152876603
1153256638
1153456520
1153738844
1155849742
1155876978
1156601412
1157314972
1158346910
1158750575
1158917826
1159247003
1159330601
1159569434
1159763360
1160568892
1161233757
1161497283
1162259334
1164069264
1164305247
1164451223
1165856176
1166653831
1166718861
1166984220
1167194426
1167213397
1168845299
1169145379
1169448600
1170398985
1170575117
1170915792
1171148762
1171174574
1171390772
1172141904
1172851824
1172950528
1173077373
1173510986
1173766351
1174298070
1174308846
1174513105
1175485884
1175595741
1176046940
1176847384
1177122702
1177569801
1178368276
1178767099
1179675863
1180781531
1180882032
1181997471
1182047495
1182158294
1182171753
1182592432
1183187901
1183812162
1185388059
1185508248
1186077954
1186161779
1188987134
1188995112
1189013125
1190411269
1190444083
1190677499
1191106044
1192296190
1192320329
1192471092
1192603456
1193236760
1193762428
1194362315
1194429721
1194942114
1195178437
1195734677
1196575523
1198605216
1198948882
1199804187
1200469661
1200590467
1200933593
1201123102
1201827868
1202487610
1202518526
1202979509
1203395769
1203543898
1203711396
1203738580
1203917629
1204194016
1205923989
1206169146
1206705035
1207560254
1207675389
1207812373
1207882484
1208122069
1208233689
1208999779
1209768422
1209819015
1209994690
1211429389
1211615672
1211752910
1213042782
1213238281
1213596595
1214008570
1214812995
1215257768
1216165591
1216773646
1216886832
1216948650
1218662417
1218690115
1221063707
1221528464
1222332560
1222541837
1222666171
1222745714
1223269309
1224288234
1224298394
1224891040
1225099063
1226899479
1227082079
1227257249
1228121892
1228275693
1228277663
1228395471
1228504452
1231035454
1231294487
1231318395
1232589110
1232657173
1234742678
1235091397
1235133336
1235493770
1235563981
1236063194
1236069249
1236680281
1237064924
1237844653
1237850544
1238638747
1240279608
1240413202
1240989780
1241096386
1241101569
1241912600
1242044449
1242602815
1243025276
1243431430
1243982433
1243985343
1243994061
1244524440
1244783695
1244885017
1245445702
1245879222
1246226948
1246811678
1247028414
1247674679
1247974289
1249759869
1249818510
1249988568
1250660626
1251286544
1251672892
1251880180
1251932376
1252700680
1252893575
1253020917
1253317315
1253363426
1254261922
1254664377
1255148701
1255161140
1256829127
1256929747
1257562587
1257668585
1258195371
1258735997
1258843086
1259163375
1260450077
1260574189
1260784281
1260948307
1261000381
1261595518
1261722504
1261779399
1262202649
1262223785
1262490491
1263117970
1263683445
1264524964
1266258726
1266920982
1267008447
1267857288
1269504409
1269774469
1269863352
1270014403
1270593289
1270644773
1270877721
1271236537
1271760163
1272390516
1273212721
1273593758
1274182347
1275671559
1276259341
1276892610
1277003965
1277570379
1278442429
1279040146
1280053781
1280090902
1281039017
1281334329
1282887737
1283194674
1283414257
1283447341
1283855947
1284180754
1284695808
1284957926
1285262837
1287180991
1287323064
1289635903
1289686731
1289693583
1289735603
1290983690
1291103497
1291104034
1292250616
1293219081
1293491973
1293728321
1293846136
1294482514
1296971285
1297370812
1297998281
1299124717
1299485368
1299879088
1300121926
1300284528
1300625683
1301310568
1301689907
1302063695
1302927433
1302974936
1303478409
1305769337
1306829335
1307071756
1307322910
1307342033
1307856507
1308203858
1308265610
1308417590
1309000622
1309363849
1309653787
1310682186
1310708969
1310904039
1311300454
1311869196
1314185816
1315467041
1315528297
1315962038
1316235934
1316457006
1316624909
1316971365
1317601882
1318736707
1319245574
1319393030
1320035683
1320566590
1320943088
1322089118
1322307361
1322616052
1322953616
1323761650
1324966307
1326446575
1326961832
1327394317
1328473400
1328558570
1328690307
1329295198
1329541994
1330677174
1330845543
1331037560
1331251468
1332768621
1333346762
1334613711
1334958981
1335289930
1335587972
1337340319
1337415082
1339469428
1339499538
1341149021
1341221846
1341447672
1341618680
1341834821
1341889387
1342740612
1342944444
1343005404
1343476682
1344323243
1344920719
1344933745
1345909540
1346159357
1346556601
1347165290
1347537476
1348376542
1350155931
1350833037
1353767721
1353773039
1354663518
1357365008
1358304555
1358413901
1359277715
1360839300
1361225273
1361488198
1362644079
1362925389
1362936783
1363336301
1363396938
1363760658
1363961023
1364845975
1365050655
1365099491
1365600382
1365719526
1365746839
1365981622
1367166248
1367191157
1368041635
1368416294
1368573016
1368984850
1369137765
1369297031
1369300901
1369503796
1370079321
1370269855
1371901155
1372177653
1372245263
1372324150
1372763101
1373912540
1374214834
1374486121
1375870614
1376182558
1379834264
1380371076
1380378526
1380392958
1380580893
1381940503
1382834369
1383099018
1383106114
1385740041
1387276839
1387345465
1387465283
1388727421
1388737867
1389018731
1389188990
1390282659
1390422353
1390911139
1391408652
1391667800
1391757784
1392415280
1393409088
1393598857
1393794385
1393864747
1393974198
1394113285
1394138262
1395314583
1396187685
1396265557
1396693222
1397280402
1397679569
1398094414
1398312497
1398638573
1399194626
1400161718
1400465162
1400483842
1402537263
1402793822
1403074455
1403279099
1403455431
1403663180
1404040420
1404435549
1404461035
1404785203
1404963910
1405051805
1405264609
1406053762
1407180061
1407406924
1407792151
1408163931
1408498460
1408939717
1409410434
1409997055
1410000087
1410339746
1410360341
1410511511
1411560911
1413053378
1413730792
1414087389
1414193193
1414628249
1414824066
1415259735
1415578172
1415788890
1416779700
1416894206
1416937268
1420526667
1420961179
1421058515
1421202469
1421335983
1422605104
1422760059
1422998978
1423084908
1423631018
1424026369
1424092750
1425228243
1426201886
1426363121
1426604114
1426676778
1427351775
1428956139
1429736632
1430604518
1431189282
1431703985
1432038090
1432164589
1432222499
1432523877
1432555529
1432695120
1433213290
1433958622
1434376649
1435584310
1435909416
1436012815
1436043322
1436553224
1437199151
1437498884
1437787792
1439408374
1440610329
1441055879
1441691983
1442270686
1442311790
1442317647
1443375950
1444644614
1444677072
1445036288
1445663284
1445744128
1446209082
1447053660
1447428558
1447560314
1447830168
1448029829
1448196811
1448416885
1449015191
1449629668
1449835957
1451018093
1451214291
1452603132
1453446848
1454487216
1455088670
1455389916
1455570656
1455812203
1455902472
1456560571
1457968908
1458097232
1458262553
1458494415
1458662948
1459349903
1460822955
1461668349
1461791594
1462140094
1463041768
1463400803
1466828796
1467553036
1467562890
1467703563
1468365871
1468752251
1468857895
1469486351
1469539154
1471413252
1471493201
1472715699
1473582696
1473698460
1473815836
1473909383
1475138875
1475194455
1475514051
1475712469
1475873813
1477768491
1477925609
1478354437
1478827287
1479340854
1479678119
1480661775
1481115243
1481408772
1481590691
1482053475
1482250962
1483140267
1483369475
1483621348
1483747384
1483977119
1484095552
1484538329
1485010008
1485168139
1485749476
1486260009
1486378260
1487668353
1487839180
1488519847
1489228313
1489502939
1489853141
1490687031
1490699427
1490846264
1491095460
1491218271
1492260080
1492971034
1493421941
1493559323
1495459655
1496010851
1497727878
1498612587
1498772748
1498838169
1499055839
1499613405
1500189747
1500582331
1500957566
1501166194
1501578940
1501580451
1501645275
1501652368
1502365337
1502436680
1503492187
1503699501
1503752661
1504597804
1505616181
1505919462
1506132893
1506633756
1506855808
1507960478
1508412832
1509692164
1510168008
1510728786
1511920865
1511932256
1512167305
1512714766
1513107133
1513231538
1514369387
1514690067
1515490443
1516911300
1517361176
1517735460
1517879791
1518943145
1519727461
1519965728
1520049416
1520262726
1520598142
1520661218
1521071608
1521401848
1521894824
1522584316
1523065745
1524399925
1525693333
1525974399
1527469262
1527588476
1528420679
1528456026
1528712175
1529719426
1530056661
1530741187
1532940888
1533275447
1533376783
1533957620
1534858384
1535106938
1535197451
1535865397
1535991525
1536029656
1536167492
1536254555
1536693849
1536902127
1537150171
1538413789
1539204202
1539391414
1539426427
1539744112
1540335168
1541206226
1541244890
1541725052
1542156281
1542589134
1542791109
1542993146
1543104100
1543140950
1543385033
1544169955
1544253750
1544711642
1544850720
1545244062
1545273671
1545294783
1546168831
1546930948
1547091992
1547446051
1547981485
1548101578
1550159327
1550668146
1553740586
1553752775
1554042746
1554224337
1554468832
1554546986
1555503752
1556577785
1556902275
1557324305
1557627785
1558554466
1558860223
1559716576
1560282319
1560504621
1561211548
1561554892
1562059483
1563051817
1564128002
1565036191
1566321361
1566503594
1567115460
1567534465
1567745818
1567951001
1569866218
1569934520
1570678890
1570890630
1570928194
1571474890
1571933510
1572527953
1573194418
1573247422
1573670011
1574675681
1575325818
1575654551
1576305433
1577176155
1578056846
1578531566
1578889540
1581752663
1581804736
1582623514
1582934222
1583421417
1583685903
1584482745
1585985448
1586935283
1587576738
1588010659
1588258972
1589460735
1589614277
1590510321
1592134984
1592454715
1592582948
1592852996
1593261878
1593311813
1594477883
1594552979
1595733633
1596074898
1596124604
1596677203
1597353106
1597533766
1597535241
1597752935
1598385723
1599270947
1599285621
1599337637
1600251984
1600670226
1601048850
1601785684
1602184665
1604354566
1605792675
1605972626
1606011371
1606382786
1606459567
1606588262
1606947086
1608448730
1609390558
1609424222
1609754748
1609833951
1610646580
1611038073
1611119849
1611547771
1611568616
1611844365
1612264180
1613471947
1614439731
1615140427
1615597798
1615910947
1615981113
1616323173
1616351376
1616369376
1616446084
1616861547
1618160356
1618697119
1618798553
1619165435
1619199771
1620040792
1620265297
1620528268
1621994531
1623517860
1623555218
1624720660
1624827267
1624847315
1625224620
1625712182
1626731144
1627347082
1630354847
1630579406
1631614586
1631901215
1632380877
1633563872
1633968883
1634890351
1635137982
1636691677
1637879305
1638152703
1638376156
1638544314
1638863167
1640144988
1640669962
1641237359
1641618704
1643303159
1643394967
1643918189
1644243577
1644721088
1644975833
1645387946
1646458988
1647494576
1647580670
1648724469
1649376008
1650566434
1652145456
1652412766
1652441776
1652904391
1653366430
1653595878
1653752952
1654555461
1656657232
1656977255
1658071231
1658374854
1659585781
1659621297
1660751967
1660848103
1661100671
1661544320
1661952400
1662030638
1662048783
1662370726
1663786661
1665950294
1666135420
1667019843
1667242008
1668339922
1669352760
1669977905
1670343898
1671389563
1671484512
1671551232
1671719550
1672245392
1672260911
1673581888
1673695371
1674024970
1674781227
1674801345
1674886860
1674928508
1675337998
1675808319
1675856576
1676347379
1677005178
1677948950
1678223788
1678709608
1679298233
1679552241
1680151737
1681466488
1682007836
1682258700
1682392686
1682911217
1683039059
1684130640
1684535018
1684755343
1684837577
1685031311
1685342484
1685830750
1685859209
1686533281
1686554587
1686576947
1686991100
1687310511
1687747306
1687905141
1690121978
1690193320
1690253747
1690342433
1692350120
1692718777
1692770594
1692875485
1693829155
1693988945
1695684696
1695764449
1695806303
1696240561
1697063046
1697802372
1698478843
1698845200
1698998738
1699837820
1700118511
1700405402
1700822515
1701113830
1701622887
1702420090
1703132245
1704199041
1704600264
1704797501
1704829733
1705074340
1705545722
1706206895
1707035539
1707505279
1708497470
1708800343
1709175102
1709674070
1709677540
1710162824
1710164582
1710446907
1711410260
1711718631
1712139457
1712209582
1712414396
1712837240
1713972997
1714575963
1715001659
1715564722
1715646555
1715741229
1716246454
1716519324
1718058985
1718073119
1718410891
1719082144
1719149064
1719345643
1720316058
1720427142
1720452363
1720574400
1721330355
1721913138
1722088147
1722146070
1722307297
1723447022
1723813136
1724019148
1724026184
1724104548
1724443518
1725856266
1725968485
1726471412
1728968381
1729229902
1729998386
1730187299
1730251509
1730364687
1730524497
1730848117
1731124474
1733058669
1733551485
1734475600
1734811565
1734916919
1736240428
1737345747
1737405813
1737450128
1737688442
1738217059
1738854018
1739018257
1740267311
1740438487
1740481779
1741642324
1741742055
1742663638
1743331885
1745271918
1745565896
1745572698
1745989761
1747179584
1747218354
1748391547
1748780362
1750081492
1750208121
1750515017
1752461282
1753283656
1753775199
1754001709
1754105419
1754219908
1754495931
1754822041
1755674047
1756123899
1756507867
1758061975
1758290186
1758681603
1759316620
1759708185
1760370195
1760632953
1760900119
1761275417
1762185665
1762240051
1764205609
1764824087
1764989669
1765003367
1765094358
1766222130
1766952680
1767581819
1767884375
1767945195
1767963832
1769069239
1769197630
1769423927
1769425987
1769856508
1770251599
1770734494
1771432752
1772231189
1772997417
1774127343
1774846097
1775132912
1775597424
1775676746
1775716533
1776055614
1776106537
1776699886
1776723991
1777324536
1777424014
1777726417
1778705146
1780208267
1780238945
1781311420
1781761599
1782008136
1782031438
1783961006
1784793731
1785024816
1785701525
1785863854
1786120221
1786187127
1788442283
1788762180
1788764606
1789920914
1791501614
1791983140
1792150857
1792724882
1792792613
1792895666
1793566063
1794034401
1794430250
1794477542
1795648944
1796259722
1796434825
1796698894
1799092942
1799631582
1799867667
1799976475
1800149767
1800206457
1800400443
1800559997
1801351547
1801371027
1801386963
1802872593
1802928367
1804227200
1806140525
1806261603
1808066500
1808182104
1809808397
1809817958
1809933441
1810627029
1811173058
1811436216
1811858735
1814337503
1814355780
1815089217
1816901524
1817473710
1818243821
1818530727
1818614856
1819467053
1820080820
1821751997
1822051816
1822289686
1822386205
1823304817
1823962448
1824249347
1824610255
1825734343
1826077570
1826256841
1827033508
1827866567
1828532485
1829165589
1829348817
1829804772
1830008565
1830378808
1830575329
1830582953
1830603809
1831745256
1831821600
1832222130
1832708966
1833127185
1833461017
1833568264
1834187912
1834313517
1834648783
1835063573
1835122253
1835750077
1835948012
1836508638
1837268622
1837648205
1837831900
1837990633
1838599581
1838897930
1839589102
1840441057
1840611611
1841073569
1841548328
1841811149
1841871086
1841936856
1841962533
1842462107
1842606923
1843480962
1843873214
1844646301
1845001027
1845295568
1845688158
1845851705
1845900716
1846603532
1846790038
1846856541
1847856196
1847916520
1848534952
1849838211
1850816008
1851004004
1851301843
1851595290
1851862733
1852069674
1852132787
1852872418
1853425675
1853454668
1853533527
1853894510
1854260979
1854913137
1855098047
1856495968
1856761146
1857797092
1858474062
1858858146
1859373451
1859386372
1859586723
1859680176
1861218170
1861709769
1863210119
1863308307
1864881039
1865274593
1865646617
1865771656
1865843405
1865902227
1866089088
1866292104
1866548250
1866578438
1868619309
1868855378
1869009719
1869432329
1870161093
1870384329
1870421903
1870829357
1871872391
1872904977
1872963487
1873992962
1874197772
1875466507
1875789562
1875972689
1876344039
1877579668
1878040753
1878043931
1879156143
1879489709
1879958543
1880497713
1880690583
1881511625
1882448151
1882608481
1883227904
1884059814
1884920199
1885107035
1885225043
1886276438
1886748744
1886892276
1887347314
1887886078
1888883780
1889199156
1889454929
1889851470
1890683396
1891547910
1891619813
1892159834
1892805674
1893427078
1894423484
1894540443
1894825740
1894849332
1895373951
1895389796
1895473337
1895816376
1896254728
1897022112
1897057915
1897143051
1897634090
1897867118
1900065266
1900329521
1900857357
1901537410
1903108684
1903116138
1903172406
1903626821
1904442614
1904866603
1906835700
1907227714
1908385087
1908474490
1908540057
1909491653
1909625147
1909959437
1910362456
1910520773
1910801948
1911107840
1911434714
1911759305
1912215932
1912794355
1912859696
1912869948
1913066873
1913534839
1913669727
1913779582
1914004967
1914089594
1914855294
1914927118
1915021288
1915171577
1915221381
1915233457
1917171152
1917802586
1918076615
1918563704
1918923841
1920051372
1920067103
1920367511
1921821292
1922348888
1922637708
1923188323
1924116106
1924195159
1924580333
1924735437
1925096391
1925328885
1927448868
1928471847
1928510628
1928574592
1929347576
1929890930
1930011693
1930225598
1930234456
1930764903
1931033088
1931207097
1931308580
1932272571
1933435420
1934098467
1934833215
1934903698
1934957339
1935041130
1935176512
1936167655
1936399115
1936538751
1936759806
1937170766
1938937283
1939124733
1939360108
1940746288
1941414780
1942201563
1942832153
1943094286
1943135051
1943185136
1943211463
1943378228
1943934392
1945140706
1945196177
1946412181
1946560090
1946744625
1946809759
1946949816
1947404050
1947695586
1948003119
1948859590
1949282559
1950203343
1950943089
1951097104
1951610163
1951774500
1952101580
1952731676
1953219370
1955766046
1956208991
1956786513
1957515532
1957583948
1958595560
1960245055
1960273472
1961338918
1961563855
1962067300
1963058952
1964490622
1964625736
1964650536
1965090425
1967034635
1967351128
1969343319
1969897827
1970375704
1970921603
1971448773
1971477040
1971723352
1972010423
1972345735
1972576915
1972740235
1973066679
1973282134
1973530332
1974898143
1974900240
1975627173
1975687576
1976494214
1976669234
1976868919
1977308720
1978009423
1978407945
1978425669
1978757655
1978935285
1981219410
1981228786
1982066068
1982198563
1982291799
1982849023
1983139220
1983157137
1983308172
1983838178
1984690891
1985121698
1986406751
1986501510
1986745198
1986907956
1987335574
1987656791
1988224221
1988978041
1989332213
1990262954
1990779898
1991502586
1992446214
1993495268
1994267582
1994309119
1994745674
1994776454
1995822430
1996019107
1996580660
1996663925
1997637350
1997974466
1998127977
1998393263
1998430094
1999662424
1999865735
2000224287
2000666492
2000779539
2001457632
2002036932
2002227986
2003297942
2003316742
2004662252
2005286406
2005382540
2006101652
2006105356
2006132079
2006167487
2006899989
2007468699
2007959985
2008166046
2008491804
2008791430
2008810849
2009222277
2010136306
2010628180
2010713804
2012038123
2012196349
2012202223
2012448845
2012640033
2012877497
2012917260
2012970475
2013488508
2013633126
2014552043
2014685596
2015824549
2017290983
2018193940
2018554566
2019656292
2019718069
2020162383
2020228388
2020521116
2020574135
2020803878
2020931330
2021087550
2021398533
2022061940
2023166628
2023823577
2026063436
2026213801
2026418421
2026881461
2027821911
2031159149
2031422191
2031436799
2032212464
2032231804
2032876897
2033297426
2034269426
2035614650
2036121128
2036299661
2036743602
2036805992
2040101843
2040310243
2040413729
2040696179
2040936521
2040954741
2041531490
2042134400
2042419906
2042530285
2042689349
2042858509
2043291429
2043438802
2044160975
2045148813
2045221997
2045455097
2045880341
2045980103
2046699598
2047679224
2048154990
2049537817
2050897806
2052654488
2053383997
2054411509
2054993976
2055822823
2056707406
2057061202
2058108927
2058714335
2058763549
2059244031
2059509919
2060005247
2061600753
2062408094
2062410935
2062518425
2062681034
2063583633
2063730250
2064381120
2064812650
2065409986
2065890452
2066626183
2066983123
2067526571
2067705179
2067836703
2067872560
2068482665
2069560413
2069626942
2069853679
2070730573
2071051745
2071951260
2072704063
2073118384
2073755633
2075311945
2075584851
2075709579
2076540206
2076889858
2077508513
2078345488
2079767751
2080117963
2080733511
2082437482
2084810311
2084996112
2085950742
2086826929
2087135026
2087326105
2087523285
2087658696
2087694000
2088468219
2088902020
2089100607
2089840607
2090071092
2090480311
2090821952
2091350698
2091423697
2091516360
2091734220
2092021982
2092200755
2092851484
2092875059
2093095071
2093281879
2094419648
2096995739
2097392266
2098259081
2099269043
2099942852
2100363702
2100720410
2100903219
2101283487
2102469019
2102894443
2102954471
2103093735
2103534776
2103896331
2105177923
2105344147
2105574675
2105721129
2106493057
2106674624
2107004959
2107956720
2108022274
2108491491
2109121586
2109134200
2110016288
2113256669
2113795694
2114258052
2114527124
2114806378
2115155306
2115625837
2116258127
2116348859
2116417192
2117737750
2117854305
2118853332
2119611212
2119689319
2119729190
2120080955
2120739596
2121309281
2122474956
2122903792
2123640220
2124184851
2124589041
2124863406
2124876243
2125793559
2125923307
2126404548
2126739065
2126967792
2127097541
2127267448
2128202097
2129164577
2129314060
2131312578
2131518669
2131657651
2132594219
2132642518
2134613951
2134842576
2134847378
2135093143
2135495372
2135585377
2136332139
2136904491
2137038659
2137246011
2137284736
2137292156
2137399091
2137497606
2138762745
2139136796
2139378670
2139516389
2140831319
2141397199
2141846691
2142878287
2142987580
2143113732
2143281294
2143657023
2144168818
2144366767
2144497557
2145089870
2145361493
2145618546
2145674276
2147152727
2147271343
2147469232
2147699863
2148515938
2148960830
2149272324
2149631680
2149632784
2152098019
2152278327
2153030243
2153754904
2154770701
2155465712
2156262828
2156446358
2156533828
2156620420
2157086418
2157122223
2157670884
2157910881
2158177772
2158419026
2158443626
2158665021
2158914407
2159361068
2159421761
2159479387
2159947302
2160159052
2160567484
2160860301
2160974760
2161940684
2161968763
2162356318
2162417100
2162476828
2162524951
2162638559
2162723054
2163463121
2164788334
2165375011
2165457438
2165502548
2165713844
2165970926
2166327050
2166421929
2166535531
2166924346
2167879700
2168494031
2168613310
2169635668
2170093198
2170969503
2171202690
2171277359
2171319508
2171576907
2171907721
2172012516
2172769412
2174336475
2174993717
2177221073
2177503095
2177528179
2177809024
2179825327
2179892437
2182549618
2184004104
2184742364
2185221483
2185865215
2186099726
2186322903
2188169778
2188589095
2190497997
2190772268
2191166498
2191490135
2192419107
2193021487
2193191814
2193416486
2193806153
2193818072
2194064048
2195186131
2196824484
2196988195
2197237091
2199485847
2199522579
2199578673
2200909910
2201094626
2201421057
2201709285
2202525937
2202799445
2203243352
2203921773
2205213431
2206257419
2206390895
2206542948
2207532761
2209058456
2209136124
2210458312
2210473533
2210778614
2210944128
2211229644
2211271365
2212871904
2213281887
2214694324
2215324550
2218097179
2219691431
2219908007
2220290501
2220996949
2221366475
2221400556
2221593613
2221729936
2221977562
2222385312
2222521234
2223552648
2224037908
2224324910
2224669584
2225238693
2225574701
2225967347
2226153400
2226367197
2227966507
2228695001
2228736053
2228810611
2229221097
2229416151
2229458921
2229634753
2229801039
2230880722
2231457606
2232694406
2234950921
2235768220
2236338410
2236370254
2237024435
2238061728
2239498465
2239568231
2239904179
2240328929
2241510414
2242670715
2242834786
2244420361
2245017091
2245550756
2245956722
2246069229
2246156080
2246611304
2246962277
2247125884
2248609380
2248616845
2249736022
2249906926
2251318822
2252797859
2253283877
2253441473
2254903345
2255855963
2255939761
2256122525
2256912887
2257204037
2257290386
2257432413
2257467203
2258632769
2259893256
2260347122
2261698643
2262361773
2262896258
2264527166
2264575082
2264944113
2266460982
2266745983
2267055412
2267438458
2268052840
2268075777
2268296363
2268719267
2268812092
2268962618
2269858442
2272183752
2273403961
2274195435
2275166119
2276453069
2278662842
2279702003
2279981216
2280165863
2280264316
2280353224
2280513201
2282939465
2283561074
2283607671
2284497323
2285356291
2285548897
2286407082
2286616396
2286660165
2287254358
2287446394
2287548760
2288223118
2288261777
2288300477
2288528326
2290208711
2290347776
2290412436
2290629682
2293114359
2293936219
2294539310
2296331514
2296619327
2298263348
2298365056
2299977359
2300294162
2300612134
2300673033
2301424252
2301467884
2302511561
2304589229
2306283167
2307254888
2307429022
2307434514
2308034662
2308448078
2309291989
2309458191
2310044759
2310237571
2311053150
2311788851
2311946992
2312394826
2312407880
2313285898
2314098798
2314693955
2314898380
2315297845
2315373020
2316100593
2317174978
2318544865
2321343969
2321818957
2322435481
2324942083
2325117927
2325349435
2326224523
2326945433
2326970762
2327178007
2327272567
2327394135
2327675700
2327755165
2328445222
2329690312
2329692136
2330243345
2330779057
2330908796
2330956903
2330966591
2331646361
2331730011
2332027030
2332387502
2332630483
2332840174
2333026543
2333210133
2333266143
2333268317
2333973655
2333990968
2334401722
2334685872
2336090912
2337686778
2339066532
2339453680
2339826963
2341774377
2342043874
2342234255
2342614906
2343239941
2343899875
2344220545
2345235163
2345755086
2345850644
2346586329
2346709056
2346761592
2347077947
2347515293
2347833079
2348914203
2350157966
2350510211
2350628913
2351358112
2352569610
2352575056
2353732162
2355317550
2356026594
2356218868
2356650108
2356971762
2357618170
2358176418
2359151063
2359596728
2359707157
2359730225
2359731042
2361003644
2361567843
2362175035
2363337423
2363827938
2364096670
2366201530
2366567266
2366849078
2367947110
2369415914
2369939650
2370177905
2370870444
2371214153
2371260724
2371534667
2372064958
2372235628
2372617474
2373339827
2373898939
2375228378
2375742439
2375797235
2376731542
2377054968
2377763480
2377812420
2378161570
2379314993
2380859718
2382927310
2383291712
2383368994
2383371350
2383533342
2383600451
2383730704
2384169291
2384474181
2385984344
2389211718
2391978150
2392198558
2392644388
2393648750
2393755896
2393948741
2394623020
2395430805
2395439832
2397076359
2397487483
2398111295
2398313834
2399464371
2399983324
2400471347
2401188804
2402006499
2404701576
2404752395
2404782950
2404808333
2404867838
2405576844
2407792077
2407955203
2409139019
2409188493
2409394783
2409622210
2410208957
2410681487
2411343605
2412124215
2412157841
2412227552
2412504582
2412577187
2412903963
2413386213
2413587429
2413589901
2413925899
2414161448
2414508005
2414813398
2415595309
2416884601
2417272275
2418357741
2418713507
2419047590
2421115446
2421161838
2422023355
2422342039
2423349660
2423843186
2424149868
2424356244
2425783723
2426924387
2427509813
2427610316
2427888859
2428101607
2428249954
2428680676
2429660164
2429886877
2430408362
2430570645
2431462730
2431942634
2432209412
2432853190
2433173813
2434456151
2435238989
2435357409
2435358865
2436066323
2437014124
2437496217
2438201908
2438998230
2439727190
2440299910
2441247390
2441413665
2441505266
2442061993
2442452270
2442538609
2442738260
2443022793
2443742403
2443818596
2444198125
2444247326
2444253209
2444629894
2444956264
2445045483
2445316265
2445341625
2445418316
2446146352
2446357455
2446959303
2446968629
2447684502
2448174751
2448354386
2448947449
2449080534
2449642450
2450195141
2451985767
2452017584
2452033593
2452755103
2453272788
2453860992
2454041085
2454324761
2455041268
2455271811
2455700548
2455787364
2455996018
2456196959
2456457695
2457132829
2458095999
2458742728
2461329620
2461686778
2462354643
2462358734
2462742247
2463127997
2463539906
2463862603
2464396331
2464828146
2464938302
2465404609
2465608182
2466015730
2466115441
2467368127
2467667852
2468049800
2468166962
2469158907
2469854491
2470007721
2470484154
2470631465
2470758406
2470948169
2472411974
2472985168
2473090186
2473191046
2473788370
2476646820
2476778670
2476942647
2477461282
2478044676
2479365079
2479394786
2479479928
2480565033
2481150394
2481176075
2481634617
2482270996
2482501216
2482658800
2483546421
2483957018
2485639733
2486370385
2486762397
2487350432
2487861619
2489065266
2489434664
2489704982
2490208757
2491351251
2492050780
2492492107
2492600438
2492830859
2492989972
2493533779
2494061616
2494083264
2494087438
2494387270
2494479267
2494619151
2494785788
2495111998
2495429810
2496328121
2498441924
2498649909
2499509907
2500230369
2500789520
2501335275
2501775493
2501977874
2502311390
2502889712
2503331896
2504395197
2504480139
2504865091
2505097939
2505271355
2505560588
2507626905
2508094800
2508772581
2509404349
2509455717
2509462602
2509572367
2510067024
2510242330
2511352678
2512303511
2513476356
2514782496
2515209825
2515490014
2515635301
2516064629
2516977240
2517827405
2518830242
2518845249
2520366558
2520399271
2521397013
2521547480
2521950321
2522026517
2523456686
2523883836
2524093921
2525357859
2526187860
2526193914
2526292795
2526670377
2527057758
2528579296
2529682972
2530072885
2531494774
2532263013
2532662956
2532820338
2533230906
2535325054
2535622342
2535868169
2536055324
2536151246
2537194051
2538045572
2538643369
2539132113
2540120393
2540156843
2540573428
2541294665
2542026135
2542103374
2542601481
2543440652
2543493267
2544288778
2544678816
2545005207
2545871899
2546101366
2546690617
2546791929
2547059356
2547507509
2548046338
2548228583
2548786552
2548928078
2550324920
2550454535
2550873453
2551003093
2551383735
2551425298
2551471301
2551587967
2551783026
2552008411
2552337456
2553327794
2553609415
2553816759
2554993857
2555857733
2556132122
2556185683
2557042692
2557124063
2557263392
2557863510
2558261467
2558456168
2559025200
2559467470
2560576999
2561815456
2562155487
2562393231
2562697403
2563012883
2563947031
2564184810
2564534614
2565090763
2565955399
2566167960
2566487250
2567123201
2567244505
2567337672
2567469828
2567508206
2567827511
2568123146
2568514417
2570596261
2572458394
2572570139
2573305571
2573436038
2574092228
2575285106
2575820615
2576317085
2576492574
2576775977
2577282087
2578220535
2578231738
2578374679
2578723798
2579803227
2582096418
2582386575
2582498274
2583311641
2583711304
2585765034
2587019824
2587659448
2587797424
2588171702
2588401441
2588482907
2588622651
2589595465
2590025912
2590295882
2590895579
2591142081
2591448845
2591460570
2591732916
2591974475
2593474083
2593585600
2593599635
2594245189
2595271907
2595742373
2596964753
2597001514
2597243796
2597538424
2598116590
2598182077
2598286902
2599222362
2599679065
2599762006
2600185203
2600560431
2601309301
2601344950
2602398111
2602587002
2603236400
2603538295
2603656998
2604121790
2604385430
2605114002
2605309977
2605325178
2606605589
2606958865
2607392354
2607517762
2608016803
2608518026
2609025565
2611877162
2612320648
2612650162
2615574192
2616402636
2616828115
2617290704
2617412834
2618103135
2618766775
2618961284
2619032753
2619712735
2621982894
2622070367
2622305526
2622658822
2622853958
2623531961
2623984196
2624497425
2624745258
2625312107
2626472054
2626587046
2626736012
2627326034
2627481866
2628054061
2628190321
2628742480
2629689031
2629698312
2630029745
2630695302
2630800699
2632631011
2633547782
2634256418
2634973211
2636536660
2636770959
2637265409
2637429337
2638480911
2638595326
2638768653
2638774189
2638778236
2640947600
2640980760
2641522084
2642489558
2643320478
2643910961
2644437010
2645983976
2646027109
2646102159
2646182428
2646376129
2647247552
2647279098
2648266276
2648655318
2648655642
2649297516
2649912501
2650402755
2650596468
2650836622
2651883894
2653695386
2654191474
2654441270
2654575959
2656433206
2657537404
2657978907
2658505484
2658821274
2659076503
2659090173
2659201030
2659555636
2659606407
2660501691
2661426131
2662156098
2662470300
2663736446
2665383392
2665425900
2665448282
2665711449
2666087455
2666260256
2666474507
2666581277
2666746644
2668391289
2669078627
2671346582
2671523739
2671631341
2672940559
2673929955
2674021602
2674134295
2674434611
2674658119
2675659043
2676316980
2678116046
2678214814
2678710476
2679267021
2679858708
2681068024
2682848979
2683342641
2683463990
2683865160
2684251184
2684456337
2684929393
2684953199
2685365207
2685660241
2685770732
2685885331
2686062306
2686095191
2686109866
2686201888
2686928515
2687179271
2687387036
2687724523
2687776595
2687998956
2690267801
2691472148
2692129070
2692203539
2692714197
2693978690
2694015374
2694349999
2694741676
2694870340
2695234576
2696999149
2697004090
2697080712
2697743750
2697973438
2698121090
2698128231
2699485568
2699611160
2699652238
2699786696
2699869890
2699961477
2700941944
2700948879
2701401673
2701478029
2703362279
2703843195
2705921513
2705935956
2706006896
2706057081
2707655589
2707667814
2707992019
2708035260
2709075564
2709078181
2709341870
2711420709
2711949330
2712601256
2712906318
2713102148
2713410555
2713846465
2714451957
2715181103
2715769579
2716229690
2716271538
2717281022
2717444434
2717552430
2718132887
2718445054
2718955808
2719597631
2719899970
2720404177
2721137318
2721599477
2721885254
2722686203
2723070564
2723653842
2723708822
2723894990
2724397895
2725348753
2725403872
2725915262
2726751034
2727601218
2727953971
2728443546
2729501770
2729614861
2730132173
2731719207
2732636232
2732795209
2733107570
2733432814
2733870256
2734538709
2734587236
2735632815
2736179397
2736301560
2736963017
2737179444
2737480233
2738145630
2738598987
2738856067
2740131255
2741476838
2742460940
2742492059
2742879151
2744225894
2744269613
2744921330
2745129228
2745994709
2746196431
2746703502
2748072967
2749037667
2749295396
2750007290
2751074585
2752298691
2752865569
2753799079
2754238384
2754349374
2755174020
2755935721
2756543798
2756953814
2757164997
2757263009
2757278949
2757353243
2757505331
2758384316
2759021010
2759968653
2760023661
2760243447
2760962760
2761272642
2761522318
2762356687
2762443638
2763236370
2764553012
2764948615
2765416819
2765447600
2765667236
2765913225
2767355075
2768089397
2768105088
2769595821
2769869124
2770845569
2771098187
2772929747
2773435316
2773665181
2774004355
2774937648
2775420595
2776249611
2776739622
2776758113
2777586069
2780371708
2780829073
2781091579
2781568033
2781624006
2781912019
2781947840
2782342742
2782478800
2782514597
2782732484
2782785433
2783869704
2783929183
2783984510
2784674005
2784722883
2784861855
2785253486
2785303346
2785652010
2787110690
2787880785
2789415094
2789486857
2789637667
2791083519
2791188538
2791224510
2791494234
2793294879
2793722375
2794173232
2794458665
2794799829
2795078059
2795126772
2796203388
2797748075
2798862105
2798964048
2799524978
2799971246
2800028706
2800351720
2801636973
2801827149
2804028334
2804373650
2804626771
2805170122
2806247294
2806363833
2806731457
2807969108
2808337871
2808499213
2809445721
2810863825
2811372476
2812125525
2812128980
2812247916
2812792360
2812866627
2813928276
2816267006
2816589211
2816676717
2817501561
2817711011
2817770606
2818167989
2818472559
2820616796
2820686941
2820716222
2821708147
2822042226
2822131810
2822219089
2822233346
2822507535
2823324780
2823384343
2823472980
2823514732
2823763641
2824890466
2825253566
2825598727
2825699090
2826006411
2826279212
2826443637
2826713149
2827660804
2827920071
2828502569
2832039145
2832224907
2832999502
2834406439
2835211382
2835244387
2836496483
2836790747
2836890780
2838237091
2841482902
2842125195
2842876763
2844046432
2845972509
2846251277
2846800301
2847196245
2847200250
2847746208
2848128077
2848136823
2848299189
2848473067
2849154317
2849371466
2850419989
2851223179
2853292482
2853516092
2853572516
2853586680
2854157479
2854519494
2856394662
2857436676
2858297336
2859738410
2860418810
2860929714
2862539820
2862562893
2862768651
2863665567
2863871656
2863917874
2864447763
2864524578
2865279221
2865318552
2865467792
2866052053
2866438994
2867130399
2867403891
2867833395
2868012721
2869161746
2871081503
2872519928
2872545321
2873226281
2873517339
2874145245
2874870399
2875510125
2875627523
2875670660
2875818493
2876479851
2876586750
2876849226
2877401550
2877585981
2878450862
2878907395
2879237985
2879680256
2879833734
2879895436
2880026345
2881156285
2881773022
2882267649
2882272542
2882352143
2882952481
2883233895
2883469255
2883490801
2884289274
2884962170
2885106405
2885456292
2886073143
2886742924
2887119714
2887326814
2888356673
2888406966
2888478232
2888854196
2889011769
2889933836
2890936967
2891050194
2891058273
2891296965
2891458562
2892779102
2892820232
2893038034
2893240674
2893759577
2893964810
2894773386
2894905356
2895108732
2896186561
2896234006
2896351591
2896423066
2896599727
2896669437
2897995025
2898002691
2898012557
2898322739
2899413551
2899549284
2901251149
2903317413
2903394704
2904235532
2905472359
2905955773
2905982185
2906156386
2907505060
2907739184
2908204173
2908561327
2909515786
2910547338
2910641078
2910776164
2911131963
2911142959
2912131982
2912903106
2914179383
2914394898
2914605777
2914816722
2915602614
2916527234
2916837140
2916967062
2918321989
2919310250
2919623484
2920046127
2920320208
2920954805
2921419798
2922074980
2922253998
2922315802
2923739140
2923919832
2924533338
2924548535
2924569105
2925402165
2927217355
2927400439
2927882003
2928537028
2929008406
2929483205
2929556914
2929706017
2930253582
2930273394
2930456218
2930500352
2931059529
2931161551
2931325017
2931667437
2932435706
2932756962
2932775252
2932929277
2933383774
2933619240
2935269419
2935418342
2935510104
2935737467
2935995318
2936773394
2936809522
2936841891
2937173579
2938023935
2938051325
2938423273
2938748974
2940623228
2940727824
2940753146
2941029983
2941097949
2941499169
2941661070
2941765561
2941937259
2942137575
2942744380
2943143571
2943897470
2944421775
2945859246
2946166658
2946329597
2947547524
2948326639
2949506675
2950175104
2950565179
2952349667
2953585515
2953743007
2954327728
2955294001
2956468740
2956657249
2959168453
2959763472
2961114522
2961285561
2962105736
2962666112
2963635557
2963685772
2963982582
2964516873
2965030389
2965093347
2965128127
2965744766
2966779881
2967653012
2967772254
2967835667
2968981512
2969233749
2969900409
2970209262
2970876349
2971994842
2972337278
2972490749
2973320955
2973501738
2973933552
2974088529
2974309542
2975106892
2975186988
2975390291
2976024808
2976483961
2976522808
2976741930
2977003634
2978110231
2978159036
2978738076
2978874585
2979481240
2979499835
2979792403
2979943927
2980532045
2981027116
2981471558
2982528234
2983147628
2983377840
2984750814
2987208189
2987767963
2987909762
2988482086
2989013834
2989100031
2989249709
2990243758
2990621304
2991648598
2993492850
2993696574
2993878702
2994220713
2996652222
2996703926
2996744815
2997064407
2997233472
2997298864
2997549752
2998005809
2998180355
2998375098
2999166630
3000615866
3000813014
3000989003
3001054541
3001522162
3001588017
3001689108
3001910499
3002304558
3002789836
3003427496
3003787487
3004703820
3004806761
3005020993
3005763003
3006031943
3006530897
3006733927
3006920908
3007104433
3007535701
3009016461
3009446677
3009842072
3010271287
3011397364
3011711773
3011736626
3011957469
3014669777
3014863805
3014868240
3016628994
3016654673
3017620919
3017712690
3018537818
3019287962
3019466942
3019715898
3021055546
3021072505
3022139014
3022710495
3023253141
3023563177
3023588698
3024734062
3024828835
3025590470
3025885801
3025893117
3026405696
3027524937
3027571850
3027724076
3027835569
3027869293
3028124470
3028313451
3030164822
3031076758
3031860119
3032436008
3032587942
3032937589
3034333678
3034693936
3035352520
3035920565
3036374547
3036795645
3037943446
3039419890
3039466627
3041969953
3042387995
3043130470
3043366213
3044616997
3045211096
3045503262
3046929002
3048632034
3049351310
3049405853
3050146817
3050426994
3050430758
3052050539
3052105701
3052747151
3052933473
3052957194
3053199827
3053630396
3053693930
3053866778
3054606671
3054797562
3055129133
3055350166
3056454936
3056481829
3057319737
3057414353
3057449708
3057623237
3057679769
3058080036
3058806744
3061327094
3061406512
3061465437
3062397871
3063219786
3064728315
3065507711
3065628869
3065695285
3066143015
3067068491
3067899634
3068050292
3068657845
3069218116
3069426023
3069523707
3069780078
3070339498
3071534886
3071535733
3072337155
3072431380
3072470701
3072497262
3073987452
3074857273
3074960377
3075670110
3075713340
3076521540
3077135913
3077333816
3077856198
3078256955
3078588913
3079530618
3079655010
3080672730
3080752878
3081161171
3081583103
3081673800
3082469546
3082549172
3086066146
3086243701
3086751421
3087007832
3087156001
3087768354
3088754226
3088778256
3089386321
3090434015
3090848275
3091289154
3091766239
3093080862
3093262263
3093476375
3093707965
3093966619
3094078072
3095860761
3096014667
3096534460
3097130904
3097297043
3097475341
3098331578
3099633005
3099853993
3099869114
3099941176
3100049625
3100275533
3100684798
3100738317
3101518034
3101723145
3102349718
3102377286
3102580217
3103348687
3103513546
3104150265
3105624182
3105834680
3106874327
3107292087
3108108733
3108507086
3109636632
3109649758
3110839343
3111037344
3111733346
3111755036
3112290349
3113070511
3113454085
3113529199
3114859347
3115356908
3115587054
3117000177
3117952874
3118107811
3118448032
3118621848
3119098761
3119623409
3119870668
3120345482
3121278078
3121878322
3122136697
3122702695
3123378977
3123695363
3125165578
3126074649
3126075585
3126921702
3127315226
3127496280
3128357783
3129289194
3130713353
3130958349
3131161060
3131329872
3131687726
3133653089
3133895664
3134533876
3134802000
3134868829
3135010287
3135072271
3135598346
3136023120
3136765951
3137545651
3138073788
3138281992
3138796814
3138854348
3139062830
3139536480
3139759097
3141255890
3142219371
3144075084
3144499195
3144841481
3145078098
3145150115
3145352669
3145531746
3145820041
3145826924
3146055512
3146106707
3146825724
3147127989
3147436129
3147519486
3148342773
3148389247
3148920006
3149401285
3150468226
3150564810
3150992188
3151847243
3152840823
3153333712
3153370632
3153791593
3153812989
3154209253
3154315153
3154982594
3155033817
3155150802
3155407831
3155676951
3155706047
3155955379
3156340748
3156613158
3156852979
3156989065
3157451769
3157830383
3158667393
3158672593
3159142581
3162428495
3162795130
3164377014
3165979186
3166305950
3168489914
3171161909
3171852600
3171868487
3171992153
3172239667
3173564739
3173713933
3175128975
3175860122
3175931520
3177227332
3177956060
3181390554
3182072872
3182151184
3182664329
3183087919
3183281102
3185193500
3185232773
3186108828
3186189289
3187299051
3187560777
3187623411
3187722211
3188019305
3189058966
3189070228
3189853168
3190033156
3190116145
3190930231
3190999295
3191003213
3191162915
3192058886
3192476305
3192868004
3192995703
3193835984
3194563235
3194628202
3195687010
3195697604
3196118629
3196216033
3196518325
3197209776
3197442178
3197497318
3197554726
3198898117
3199610315
3201528086
3201754466
3202986637
3203186346
3205767408
3206730341
3206772690
3207478606
3207990260
3208128596
3208290995
3208844225
3208916898
3209304612
3209345242
3210390623
3210935332
3211775872
3211927414
3212339369
3212554620
3212709094
3213271686
3214394460
3214457750
3215165320
3215431763
3215831445
3216238529
3216668149
3217191324
3218255235
3218305908
3218375496
3218754913
3221076718
3221093814
3221217521
3222080095
3223599326
3224366651
3224915083
3225039162
3225472057
3225473747
3225648241
3225715935
3225824274
3226484348
3226597328
3227773551
3227974514
3228093867
3228468174
3229321639
3230134157
3230874547
3231035885
3231435180
3231858971
3232093197
3232600951
3232817059
3233246313
3233459329
3233513391
3233640482
3233723376
3235057070
3235186444
3235658360
3236796290
3237286813
3237613860
3238089711
3239301905
3239415826
3239788587
3241096660
3241244755
3241484506
3241552336
3241826733
3241835661
3241910531
3243242763
3244138661
3244543478
3244992641
3245058714
3245288454
3245393913
3246120516
3246209312
3246776460
3246961824
3247130092
3247222413
3247715952
3247787200
3247965639
3248183746
3248393860
3249376683
3249403839
3250080051
3250429787
3250466249
3250813269
3250898027
3251381256
3253904789
3254296745
3254713851
3255320428
3256128100
3256270354
3257235192
3257597012
3257729779
3258674577
3258752505
3258989514
3259090565
3259126160
3259364676
3259573637
3261284119
3261380861
3261715236
3262817476
3263543534
3263589663
3264226706
3264439801
3264626902
3265216459
3265790116
3266179075
3266618736
3266709304
3266867305
3268083272
3268139664
3268617502
3268791838
3270161120
3270918410
3271212069
3271455879
3271750970
3273353862
3273645362
3274108034
3274232774
3274795960
3275098493
3275910649
3277189329
3277606000
3279254215
3279799922
3280083155
3280394144
3280487805
3280756919
3280925875
3281281401
3281399660
3282090018
3283090390
3283480905
3285132653
3285424147
3286233497
3286450890
3286521207
3286758594
3287335284
3287943057
3288472747
3288722524
3289365300
3289891292
3290113224
3290879764
3290993585
3291084085
3291116514
3291223367
3291863531
3292116560
3292335074
3293809685
3293874398
3294344797
3294597764
3295280700
3295337005
3295742716
3296015325
3296233216
3296997901
3297198677
3298489723
3299076839
3299234320
3299934491
3301842893
3302492817
3302727469
3303329357
3303355411
3303464664
3304311888
3304332846
3305359820
3306844960
3307029828
3307214494
3307315700
3308526903
3308595412
3309671574
3310135829
3310644244
3310836697
3311670225
3312980884
3313712438
3314190101
3314930341
3315619044
3316045445
3316728651
3317003461
3317946355
3319230162
3319617388
3320662139
3321455920
3322163187
3322466071
3323767773
3324500103
3324835450
3325417752
3325446830
3325633847
3325707812
3326513704
3327513869
3327594498
3329492108
3329539033
3331035852
3331046679
3331431806
3331879705
3332066120
3334292502
3334741623
3335117812
3335382053
3335592425
3335877071
3336156734
3336306566
3336434895
3336760689
3336761619
3337198329
3337513776
3338068343
3338224469
3338648534
3339607499
3339641703
3340082989
3340817725
3340841063
3341677493
3342110203
3342130547
3342481612
3343438541
3343497784
3345305193
3345604453
3345792903
3346167511
3346241570
3346756592
3347821603
3350455784
3350688821
3350833003
3352000982
3353068685
3353517774
3354511071
3354858289
3355078863
3355265883
3356064332
3356279684
3357163039
3360203831
3360634255
3361454090
3362474310
3362690296
3363107090
3363193730
3363282962
3363343840
3363352808
3364141479
3365112331
3365934617
3366736181
3367644545
3368914528
3370182133
3370490506
3370646122
3371223958
3371854977
3371876574
3372325714
3372354148
3372639590
3372918381
3373843477
3374221592
3374273966
3374397296
3374484514
3374561292
3374581594
3374641225
3375375963
3375632021
3376077804
3376827532
3377715458
3378333771
3379015286
3379837986
3380018548
3381124066
3383230589
3384169167
3385435960
3385595065
3385630873
3385867963
3386157958
3386190392
3386214854
3387874958
3388251525
3388669121
3388897070
3392328553
3392501818
3392623902
3392690472
3393115619
3393660205
3394301001
3394701536
3395217666
3396183080
3397136988
3397598462
3397700030
3397721774
3398384529
3399225935
3399982445
3399987815
3401020346
3401628368
3402135535
3403909551
3405245382
3405778263
3405976281
3406952165
3407016592
3407164921
3407689765
3408073235
3408401617
3408492953
3408992717
3409936003
3410263159
3410553450
3410716955
3411397248
3413101081
3413165521
3413268068
3414684039
3414871355
3415781989
3416091142
3416339640
3417186210
3417493486
3417498443
3417644559
3418724616
3418903046
3419408156
3419475728
3419609671
3420005673
3420665324
3420886274
3421202434
3422442452
3423445941
3423571814
3424069709
3424522751
3424841320
3426005864
3426471420
3426622173
3427625397
3427680133
3429560789
3429721116
3429755429
3430124350
3432155010
3432269417
3433638736
3434469539
3434764779
3435221827
3435293585
3436830405
3436964020
3439022778
3440362175
3441490098
3442995423
3443631126
3443882342
3444266788
3444571601
3444778846
3445717738
3446672324
3447139322
3447236977
3447893316
3448152393
3448205135
3449161053
3449210223
3449289869
3449335002
3450243892
3450361962
3451072370
3451189530
3451302421
3452173589
3453369901
3453457811
3454149074
3454579552
3454705938
3455495804
3456076406
3456467262
3456491346
3456960148
3458506814
3459905100
3460531233
3460627007
3461153812
3461874054
3462276532
3462644731
3463099206
3464071157
3464433230
3464728557
3464789405
3464798098
3465415382
3465801154
3466849616
3467685283
3467699560
3467982836
3468020703
3468294988
3468831557
3468938126
3469439959
3470818849
3471318651
3471645614
3471645917
3471946989
3472519860
3472912555
3473118779
3473865351
3474582394
3474740243
3475150349
3475490386
3476072138
3476222072
3476693968
3476845229
3477111023
3477365636
3477476327
3477598796
3478118316
3478489822
3478722354
3479579261
3479874287
3481014507
3481108992
3481509046
3481589568
3482912462
3483386419
3485526603
3486177888
3486307738
3488171956
3488498630
3488718295
3489186117
3489458686
3490914832
3491643853
3491659512
3492618467
3493437501
3493658235
3493790396
3494386896
3496107896
3496291740
3497256671
3497767734
3498043810
3498086568
3498573490
3498715182
3498735940
3498756270
3498769812
3499291621
3500014800
3500167604
3500318893
3500509280
3500539411
3501489906
3501647961
3503259182
3503323612
3504234567
3504477573
3506521541
3506769432
3507128114
3508478932
3508893329
3509082274
3510318996
3510725395
3512629186
3512872663
3513817940
3513895982
3514856344
3515566231
3517581327
3517890913
3518357524
3518581251
3519523400
3519802917
3521286621
3521810357
3522022863
3522308507
3522458091
3522550313
3523307834
3523998376
3524019819
3524556082
3525121659
3525249897
3526086554
3528454859
3528482689
3528754270
3529071533
3530208769
3530232862
3530971636
3530990717
3531039615
3531051381
3531989458
3532353908
3532467119
3532989365
3533260214
3534126857
3534411787
3534429221
3534924290
3534935985
3535002166
3535800373
3536043144
3536219427
3536401093
3536567745
3536724038
3537301222
3537479249
3537753903
3539324205
3539368486
3539471521
3539874078
3541574821
3541927984
3541975956
3542007184
3542393775
3543171201
3544059489
3544452179
3544518193
3545092855
3545214064
3548053643
3548157556
3548459573
3548801100
3549743644
3550542347
3550590584
3550764254
3552501392
3554223966
3554586735
3555308006
3555374527
3555967927
3556448477
3556951019
3557210650
3558175867
3558360634
3558663219
3559261031
3559657658
3560167369
3561937434
3562121757
3562341694
3563581069
3564321938
3564383202
3566537978
3566860775
3567016112
3567533944
3568208260
3569419091
3569716545
3570732765
3570848336
3572209798
3573473374
3573546071
3575295906
3575434878
3576553021
3577601244
3577863937
3578039129
3578166156
3578364878
3578572084
3578975729
3579041723
3579193001
3579434400
3579778800
3579790575
3579921204
3579966946
3581217006
3581443166
3581868062
3582575970
3584004996
3584216711
3584281238
3584490804
3584654008
3584724270
3584755049
3584763123
3585739863
3586076661
3586410996
3586424331
3586797418
3587441001
3588197095
3588727985
3588789790
3589047056
3589228852
3589910503
3590129876
3591307728
3591504995
3591698274
3591750008
3592004703
3592028205
3592139072
3592765306
3593655321
3593757660
3594285446
3594742869
3595241171
3595336725
3596602506
3597444197
3597734311
3598015897
3598087949
3598722508
3600015372
3600644225
3601195926
3601671071
3603227375
3603276822
3603312531
3603854549
3603991088
3604012854
3604568117
3604763583
3605924326
3606751675
3607245588
3609231513
3610090238
3611178795
3611467036
3611711594
3613111546
3613506478
3613924801
3614704067
3615398457
3615629328
3615729945
3616103218
3616564327
3617007924
3617119563
3617912130
3619606440
3619693669
3620642070
3621952224
3621993408
3622061858
3622095942
3622747948
3622803795
3623110407
3623725533
3623841881
3623884425
3626154868
3626596382
3626659362
3627159585
3628392914
3628500592
3628656164
3628738691
3629936326
3630223958
3630472848
3630603107
3630637317
3631666973
3631947952
3634443094
3634612189
3634663482
3634844516
3635295357
3636426900
3636948199
3636959077
3636981669
3637877528
3638362594
3638618110
3638958760
3640352486
3640460254
3640710239
3642397842
3642596932
3642624778
3642945490
3643344191
3644050512
3644571973
3644974506
3645202102
3645470288
3647025625
3647405326
3650020935
3650066360
3650933808
3651149045
3651302643
3652996670
3653056028
3655657426
3656372467
3658040977
3658178689
3658497942
3659422193
3659573975
3659687382
3660221127
3660842846
3661267755
3661781727
3662031302
3662058813
3662167933
3662604606
3665035158
3667165988
3667244273
3668110309
3668306238
3668512846
3668549929
3669705167
3670045300
3670270431
3670363727
3670423863
3671032976
3671663594
3672631916
3673041643
3673659615
3673770874
3674496014
3674719359
3674881099
3675325566
3675585013
3675859316
3677268221
3677873576
3679275600
3679378468
3680609180
3680725201
3681786479
3681788486
3682978723
3683511661
3684321191
3684382055
3686148416
3686875758
3686939382
3688590570
3689154203
3690115036
3690538047
3690618039
3691296261
3692714270
3692742263
3693782635
3694648450
3695345031
3695742880
3696518616
3697158446
3697409857
3697791366
3698281525
3698344971
3698504983
3698551001
3698829879
3699331826
3700776643
3700832606
3702636152
3703210987
3704617987
3705531974
3706213029
3706324114
3706724968
3706786266
3707354972
3707895661
3709004817
3710821757
3713069548
3714071683
3714308626
3714965274
3715511902
3715515203
3716178833
3716320228
3716733005
3716939748
3716981446
3717500686
3717830149
3718170274
3720194046
3720381076
3720475412
3721057130
3721059233
3721312527
3722520151
3723286520
3725127219
3726020584
3728441907
3729759245
3731497220
3731749564
3731784786
3732070184
3732102736
3732572959
3732681654
3732722792
3733237399
3733462987
3733477007
3734067275
3734246534
3734336691
3734862167
3735101555
3735953766
3736051023
3736152482
3736174186
3736296746
3736475241
3736542472
3736650292
3736774060
3737333804
3738836216
3739956689
3740462951
3741171434
3741198643
3741646347
3742161334
3742647514
3744004018
3744060918
3744896445
3745730902
3745754608
3746029252
3746515677
3746704358
3747283463
3747622537
3747938207
3748420495
3748577068
3748802843
3749500995
3750718421
3750853247
3751114947
3751588005
3751968827
3751981091
3752406119
3752492640
3754498999
3755266836
3755888716
3756788901
3757025792
3757303999
3759399779
3759580203
3759756566
3760734172
3761168840
3761338684
3761387013
3762170900
3764078616
3764737663
3765662548
3765805167
3765963187
3766710626
3767011864
3767349325
3767749062
3768185480
3768621231
3768912162
3769257406
3769265601
3769632224
3769641112
3770795651
3770833168
3771230339
3771838317
3772301833
3772793282
3772795699
3773064667
3773475604
3774314539
3774518462
3774599454
3774815672
3775285921
3775387076
3775684044
3777785668
3777978374
3777992863
3778135812
3778291813
3778346496
3778539137
3778674972
3778804527
3780122009
3780493955
3783375078
3783954599
3784321841
3786026683
3786737538
3787103400
3787623698
3788814830
3789053429
3790457378
3790712022
3791188276
3791995970
3792281505
3792642519
3792703263
3792908801
3792912742
3793468990
3793801162
3795667476
3795818650
3796419642
3798408844
3798731824
3798956417
3799850266
3800157355
3800528082
3801850922
3802048653
3802820291
3803259686
3803525878
3803556093
3803718415
3804015944
3804410653
3804463720
3805238694
3805451462
3805971816
3806023290
3806188998
3806460434
3806742742
3807751742
3808955596
3809245522
3810723467
3811924619
3812377425
3812664971
3812855409
3813875679
3814055498
3814058393
3814597030
3814789295
3815217831
3815724840
3815755473
3816207222
3817087021
3817465703
3818954212
3819637764
3820185472
3820935027
3821420336
3821608184
3821724764
3821935109
3822075358
3822170546
3822540422
3822709486
3823476488
3824045188
3824978621
3825314307
3825828869
3826658947
3827104915
3827279529
3827878015
3828059792
3828135103
3828371168
3830054582
3830229964
3830797261
3831097391
3831349265
3831794989
3832132452
3832373742
3832447189
3833475974
3833887894
3834034766
3834189135
3834540102
3834572625
3835007915
3835363661
3835387243
3836016611
3836933822
3837202695
3837846826
3837901830
3838420403
3838757688
3839333544
3840108146
3840568524
3841671323
3842094575
3842767284
3843312649
3843753600
3843968528
3844529927
3844558089
3844760383
3845212896
3845257740
3845981222
3847790045
3847858581
3848178186
3848194743
3849269849
3849527358
3850273988
3850412321
3850508641
3850702994
3850734297
3851055649
3851169398
3851949500
3852227939
3853326656
3853601547
3853687088
3853731534
3854112532
3854273897
3856244976
3856802881
3857128956
3858427663
3859340446
3860576989
3860623867
3860854892
3861295134
3861866214
3862484526
3863698963
3864101468
3864694997
3864912638
3865033834
3866014975
3866532347
3867794598
3868214663
3868342787
3868366579
3868371651
3868841822
3868981281
3869996255
3870016562
3870274216
3870324606
3871432946
3872873339
3872880496
3873035479
3873241005
3875067448
3875087266
3875127906
3876103915
3876128903
3876151240
3876810004
3878550246
3878972043
3879400290
3879899053
3881095959
3882198440
3882954324
3883926992
3884867578
3884909539
3885110727
3885126766
3885367966
3886533602
3887054239
3887484970
3887756654
3887825137
3887938480
3888909735
3888972993
3890005874
3891435558
3892507276
3893149034
3894527980
3894580815
3894678369
3894794254
3896152736
3896522812
3897074341
3897690539
3897812615
3897942708
3898485615
3899078266
3899741241
3900171261
3900390128
3901873615
3902082595
3902479760
3902568281
3902801374
3903546469
3904104228
3904310682
3904558402
3904828764
3906298909
3907644613
3907833473
3910370900
3910750123
3910898418
3911008968
3911125921
3911420879
3911862342
3912149843
3912471910
3912575086
3912827516
3913839247
3914677972
3915161021
3915318044
3915752464
3916018476
3916026529
3916138986
3916173706
3916277048
3916408932
3917121792
3917352965
3917596962
3917688002
3918633934
3920326615
3920552939
3920679891
3920691302
3921619606
3924758287
3926055259
3926291419
3926395177
3927809464
3928804769
3929078625
3929161514
3929341453
3929360901
3929498801
3929868774
3932154015
3932524656
3932677052
3932779107
3933122234
3933682102
3934030810
3934127468
3934148413
3934499639
3934947957
3935368646
3935716963
3936252808
3936447105
3937927683
3938055824
3938465146
3939575638
3941144207
3941199916
3941241338
3942040823
3942049418
3942391487
3942796712
3944115480
3944528613
3944743402
3945197504
3945726359
3948222442
3948571567
3948574527
3948683404
3949425003
3949825717
3950841225
3951318964
3951411072
3951840182
3952037969
3952835912
3953199641
3954151593
3954477148
3954978137
3955182308
3955854611
3955935586
3957470091
3957727460
3957885203
3960019453
3961177575
3961639187
3961964288
3962018698
3963505652
3967445785
3968013542
3968734131
3968889688
3969023592
3970698957
3973618820
3975099070
3975349023
3976504856
3976902698
3977688481
3977930829
3978252198
3978780773
3979620773
3979707210
3979727192
3981181130
3982407627
3982892072
3982975714
3983225334
3983534393
3985531632
3986753062
3987282540
3987882230
3988549728
3988559998
3989017071
3989078995
3989257701
3989702369
3990658320
3991408833
3992822977
3993529757
3994108683
3994167237
3994312665
3994339405
3994480973
3995589332
3995833918
3996365401
3996400783
3997001906
3998301196
3998724571
3999202675
3999653743
4001565740
4001651782
4001888018
4002609020
4004768936
4005662937
4006223803
4006451829
4007176442
4007642470
4008253679
4008474519
4008754838
4009282057
4010703916
4010939588
4012781895
4013280722
4013808858
4014121200
4015043300
4015401683
4015528150
4015848379
4015857113
4016230154
4016499673
4016681576
4017421676
4017473519
4018341268
4018531304
4018811556
4019322422
4019553223
4019634439
4019963108
4019969600
4020923199
4021278747
4021731822
4022027394
4023240321
4023353281
4023488926
4024414316
4025036198
4025868832
4025883625
4027472375
4027918669
4028001506
4028423318
4028950691
4029333346
4029969474
4031856632
4032245291
4032282837
4033499826
4034955999
4035192448
4035351474
4036905705
4038085193
4039393947
4039508944
4039914186
4040289445
4040511528
4040680005
4040705936
4041618179
4041842507
4042322340
4043067635
4045031942
4045279166
4045773305
4045825694
4046365545
4046469236
4046839339
4046912429
4047644529
4048076155
4048578669
4049000981
4050960614
4051078989
4051371884
4051418550
4051676842
4052384738
4053201977
4053652080
4053879156
4053997718
4054025845
4054356217
4054843631
4055201606
4055307282
4055372900
4055788725
4056125493
4056154103
4056697956
4060098733
4060442017
4060870469
4061083842
4061095370
4061186992
4061495738
4061616011
4063400896
4063842285
4064795442
4065579948
4066069158
4066214778
4066394641
4066645252
4067388631
4067736666
4068187055
4070393420
4070441756
4070526400
4071626017
4071668735
4072100509
4072821403
4073115043
4073214963
4074123314
4074698565
4075820569
4076984942
4077738180
4077830143
4077969314
4078258287
4078413220
4078707073
4079003050
4079067376
4079686853
4080752583
4081394765
4081981558
4082520938
4083388501
4084352934
4084546418
4084879462
4085722632
4085754204
4085853538
4086022933
4088743093
4088952601
4089835757
4090448381
4090607541
4090811368
4090834317
4091464390
4091837190
4093009229
4094735130
4096135466
4096744735
4097300672
4097598502
4097823149
4098053221
4098632929
4098740102
4099211196
4099976266
4101015173
4101645196
4101735324
4102210838
4102232446
4102800284
4103223716
4103238682
4105598246
4105643565
4107191313
4107471175
4107702498
4108107449
4108131530
4108837746
4110351966
4111236590
4112187004
4112480696
4112685444
4112835124
4113015885
4113223033
4114113470
4114972306
4115580440
4116394602
4116588012
4116974038
4117423460
4119057762
4119788025
4120248989
4120736951
4121945231
4122206674
4125688397
4126084911
4126415729
4126692191
4128241874
4128689193
4128693192
4129060117
4129137110
4129290635
4129468975
4129548003
4130462365
4130988079
4132210535
4132486636
4132844889
4133168065
4133523920
4133680549
4133794506
4134535928
4135367841
4135470759
4135914567
4136842957
4137661898
4137937398
4139004142
4140274802
4140986016
4141045372
4141675342
4142597663
4142984256
4143175869
4145136108
4145483944
4145835754
4146531634
4146851159
4147113564
4147335423
4147930313
4148136835
4148558480
4149059022
4149256166
4151063657
4151143177
4151366054
4151705095
4151857713
4151984392
4152499724
4152592245
4154390583
4154494702
4155028037
4155316522
4155327651
4155727588
4155937683
4156196149
4157250844
4157679210
4157776651
4158068056
4158740311
4158944849
4159996131
4160384538
4160425432
4160632530
4161587009
4162724123
4163806601
4165046352
4165647405
4166709736
4166712584
4166842306
4167056799
4167517537
4167836468
4168030415
4168035943
4168416984
4169004862
4169087988
4169284244
4169902291
4170296417
4170428497
4170787383
4171098896
4171764911
4172039116
4172395924
4173030924
4173055117
4173264712
4173550900
4173765219
4175175138
4175473599
4176025464
4176313692
4176577586
4176792242
4177050902
4177835583
4178085938
4178467932
4178736962
4178977257
4179846879
4179986775
4180293533
4180723034
4181119832
4181230175
4181388995
4181838677
4181841459
4182338045
4182484749
4182686171
4182715191
4182992158
4183664435
4183750866
4183765664
4184202878
4184321848
4184409731
4185188207
4186981158
4187048211
4187265230
4187372277
4187691267
4188461057
4188952414
4189231164
4189797582
4189952309
4190567305
4191443525
4192339316
4193688514
4193817032
4194969491
4197894497
4198093920
4198186669
4198461957
4198626365
4199136065
4199415137
4199589827
4201277886
4201346023
4203760247
4203869455
4204164664
4204300619
4204316769
4205110355
4205118945
4205990354
4206362070
4206534973
4206648613
4207000292
4207635324
4207731117
4209291538
4210495870
4211051191
4211321542
4212265945
4212292314
4212365736
4212980820
4213892813
4214040188
4214090248
4214875276
4215556961
4215740489
4216420280
4216975970
4217313565
4217637401
4217655164
4217713350
4217899343
4218783289
4218970118
4219951919
4220510754
4220611616
4221502733
4221836810
4223282733
4223464367
4224367930
4224665664
4225163474
4225411239
4226200561
4226660589
4227811998
4228358110
4229093467
4229369615
4229434429
4229803951
4230246964
4230707689
4231701156
4231996609
4232750497
4232949225
4233883328
4235488334
4235909111
4236973753
4237751649
4238329926
4238570821
4239075799
4239756701
4240472648
4241031088
4241795885
4242143350
4243242101
4243293994
4243295200
4243337088
4243587912
4243854676
4245469212
4247047698
4247394685
4247936777
4248209565
4248534898
4249463262
4250932753
4251075204
4252049928
4252192418
4252810923
4253598602
4254151649
4254369450
4254927252
4255302529
4257459097
4258336432
4258805716
4259253043
4259452776
4259678603
4259694557
4259808355
4259928666
4260023578
4260540320
4260765726
4261733153
4261846417
4262909568
4263446274
4263546674
4264283137
4265779627
4266906726
4269134521
4269619928
4269718798
4270106681
4270507168
4271295186
4271699208
4273273620
4273793064
4274857157
4274950561
4276110144
4276284432
4276486453
4276583713
4277099152
4277360238
4277677429
4278120165
4279023260
4281033300
4281256306
4281665424
4285258315
4285569290
4286374289
4286756273
4288176579
4288360282
4288507936
4288739109
4289502074
4290009792
4292133488
4292613336
4292624026
4293432641
4294162050
