150
0 158 395 889 0 237 353 182 110 262 488 556 761 982 564 779 856 847 250 860 559 989 778 554 616 174 0 709 142 939 0 586 749 0 252 754 636 258 574 847 361 620 545 809 0 678 834 803 567 0 0 0 0 135 603 140 0 641 0 603 383 825 940 936 970 771 156 452 389 887 784 635 227 772 0 77 0 0 0 821 0 256 0 489 205 50 0 812 180 745 0 206 0 620 439 93 81 693 114 716 592 509 0 253 254 0 254 66 844 441 0 497 393 641 203 0 887 774 0 731 296 290 0 3 0 227 0 966 0 573 0 0 97 0 585 938 0 190 767 562 147 0 0 951 0 230 14 113 0 206 
158 0 569 765 403 0 0 723 328 28 163 0 275 0 394 0 175 213 983 399 109 604 65 379 182 626 77 819 65 836 0 677 953 0 246 294 0 188 885 0 563 0 173 425 633 677 381 155 378 168 509 855 615 0 86 974 286 0 390 182 418 0 308 913 0 0 410 534 716 888 861 0 938 205 721 493 0 736 38 813 91 446 0 550 0 127 803 437 0 679 920 0 0 0 0 407 0 765 73 476 470 969 692 289 173 0 0 494 362 467 0 0 0 0 478 113 138 0 0 419 65 580 0 462 842 113 384 0 460 745 0 666 0 671 310 283 0 858 428 590 0 551 515 0 0 0 348 375 0 16 
395 569 0 0 547 234 780 430 802 832 821 173 7 0 488 979 652 240 0 997 668 0 916 190 348 0 532 862 0 483 445 488 162 54 18 6 654 90 980 624 125 0 15 842 529 0 732 807 0 0 0 384 451 605 119 0 628 0 0 696 514 0 748 0 0 229 349 0 354 0 885 563 0 626 481 222 574 0 0 915 775 530 661 0 0 0 563 0 285 228 909 845 902 403 461 540 150 323 576 350 0 0 169 222 700 0 0 442 0 646 774 0 208 0 0 81 0 500 0 61 390 0 658 951 459 721 921 411 456 0 639 0 577 49 889 740 120 0 852 362 894 334 885 579 0 46 0 0 819 0 
889 765 0 0 791 902 232 321 838 87 0 852 56 306 0 582 660 49 962 0 303 567 0 0 0 836 0 37 536 768 0 0 0 107 562 517 990 201 965 0 0 518 589 0 98 927 0 0 837 86 53 0 24 846 14 174 265 999 186 675 87 831 0 262 725 0 261 138 476 0 0 0 842 0 421 876 0 234 609 530 0 0 764 0 0 0 0 614 0 0 478 772 837 504 682 0 0 864 0 622 0 570 0 787 0 0 0 312 378 747 0 0 888 247 695 350 416 477 0 860 249 491 945 0 379 0 669 0 0 0 94 615 102 379 887 335 50 0 0 0 728 492 298 994 581 0 881 654 392 0 
0 403 547 791 0 745 0 473 849 0 31 663 939 324 920 148 595 603 232 430 888 939 450 0 686 0 0 0 626 227 972 225 457 0 409 504 824 939 670 172 21 412 598 0 0 0 227 957 355 0 183 264 921 785 820 35 722 627 62 706 200 825 471 623 0 977 0 0 429 0 349 864 63 0 0 153 206 0 263 813 0 0 486 0 783 0 853 469 445 137 0 0 498 0 985 0 355 0 412 239 240 0 0 822 291 539 0 0 839 0 670 0 889 841 0 548 0 0 887 405 158 715 0 576 8 102 173 0 0 760 444 590 743 356 19 800 787 0 846 928 36 1 297 195 390 0 888 705 734 939 
237 0 234 902 745 0 943 45 962 0 679 0 795 746 71 1000 65 0 0 0 0 239 610 679 420 656 806 20 507 957 735 744 0 0 0 0 810 157 927 0 966 38 233 729 0 523 130 945 179 232 0 104 0 0 483 0 438 47 798 739 738 0 92 274 376 0 916 188 88 0 610 81 669 0 605 264 0 68 0 376 188 902 0 923 118 364 895 0 698 0 0 531 0 83 0 921 844 78 935 0 740 0 988 0 0 0 343 0 0 0 841 0 0 0 654 0 528 417 0 402 919 0 0 692 613 0 812 666 0 277 0 803 929 0 0 0 803 0 0 923 271 774 231 2 561 69 733 83 519 999 
353 0 780 232 0 943 0 137 198 0 305 484 550 619 554 525 499 0 582 0 209 0 917 702 508 125 0 0 329 190 684 776 0 11 968 257 0 688 244 0 787 629 457 0 0 911 0 0 203 326 0 903 910 8 204 147 0 180 612 86 0 733 147 0 239 0 316 38 0 907 220 136 606 272 0 587 153 929 704 27 28 945 0 297 0 0 218 0 0 570 106 0 871 516 158 436 350 0 28 0 450 528 0 986 268 0 969 989 642 700 0 902 0 773 15 0 477 515 0 607 790 0 0 0 0 464 789 782 319 0 297 0 0 685 690 104 445 573 0 193 561 0 0 412 195 211 228 359 609 494 
182 723 430 321 473 45 137 0 720 0 0 165 628 0 120 919 953 0 897 658 0 955 273 989 432 685 609 0 0 93 0 856 372 0 980 5 0 0 480 0 0 204 0 0 0 904 0 819 0 0 0 55 757 711 754 0 0 0 0 390 0 0 784 0 837 486 0 370 633 418 517 421 569 106 0 689 866 507 941 254 446 995 0 326 616 47 0 414 970 0 773 948 886 825 0 315 346 964 40 731 860 670 553 184 250 10 676 187 104 0 692 705 498 717 894 0 0 0 0 190 394 0 0 288 438 104 76 654 0 985 96 940 374 0 0 0 789 204 373 112 139 835 663 0 124 819 0 548 0 0 
110 328 802 838 849 962 198 720 0 749 296 0 853 386 0 0 123 849 475 0 575 0 911 281 0 310 819 293 375 440 0 0 337 135 21 0 301 0 88 0 0 246 450 154 0 0 389 580 527 0 699 13 94 637 0 202 532 0 211 156 636 953 0 765 761 235 0 719 977 0 947 0 0 838 563 727 589 973 0 570 360 550 51 0 573 777 359 510 0 0 913 391 277 838 321 453 846 550 0 747 0 152 0 46 676 469 39 32 0 596 190 0 0 904 0 519 0 0 0 275 594 712 208 79 91 0 423 226 318 647 0 0 115 934 356 0 428 26 610 517 0 587 0 0 303 83 0 112 386 0 
262 28 832 87 0 0 0 0 749 0 645 347 283 0 0 431 0 608 0 436 677 380 652 946 47 402 0 0 120 923 56 0 244 0 0 390 156 929 691 125 644 786 651 519 464 734 0 0 783 567 295 722 0 306 0 588 86 677 143 723 995 605 454 202 157 737 787 0 0 152 197 993 0 420 120 242 608 582 700 0 431 433 0 0 911 0 683 0 835 140 0 0 0 0 17 895 0 816 43 0 939 790 970 139 0 0 39 238 0 412 139 655 961 292 0 0 481 0 0 73 664 0 0 0 155 0 6 736 263 648 940 745 458 0 0 950 433 0 880 116 226 0 598 0 837 859 0 903 316 752 
488 163 821 0 31 679 305 0 296 645 0 587 336 616 555 243 0 0 974 663 524 256 67 553 83 0 535 609 438 357 361 0 607 736 688 452 526 442 0 0 0 500 675 323 0 365 0 64 511 242 0 55 0 536 539 588 106 542 597 0 105 0 481 436 426 0 0 808 0 314 289 0 443 165 871 821 423 727 487 374 0 836 57 309 120 640 439 895 0 0 0 459 164 2 560 0 616 115 0 446 97 0 0 913 0 0 558 839 209 941 0 0 611 0 436 991 0 781 0 771 521 368 870 832 432 273 762 443 230 0 625 79 568 960 943 469 604 0 171 739 997 0 61 496 546 580 423 0 0 130 
556 0 173 852 663 0 484 165 0 347 587 0 0 0 0 163 0 0 0 391 0 0 1 0 807 0 84 0 753 181 540 969 234 0 0 941 0 0 0 243 53 0 0 0 339 0 637 89 702 0 0 0 0 516 877 0 0 0 21 348 0 0 0 319 1000 821 0 0 295 0 0 114 611 0 966 0 697 0 693 254 341 974 756 549 726 0 243 0 0 232 0 0 262 725 0 959 0 508 250 0 401 0 149 0 871 438 610 11 0 888 953 94 0 545 907 0 737 0 755 588 0 316 330 668 0 0 660 35 938 0 7 318 554 657 143 0 104 481 908 438 68 389 637 654 435 497 0 0 0 61 
761 275 7 56 939 795 550 628 853 283 336 0 0 580 418 318 0 436 876 677 948 114 780 0 501 355 0 0 745 878 377 788 0 529 124 133 446 281 152 0 575 0 312 793 970 260 282 434 188 0 817 577 697 775 0 995 844 723 0 690 869 0 356 0 610 0 764 0 582 0 442 0 0 53 0 905 278 585 439 47 555 0 578 203 380 71 0 0 453 0 566 520 0 527 474 873 810 0 0 124 223 670 83 715 0 575 781 953 781 148 960 818 434 0 763 0 892 718 0 183 0 794 886 192 190 161 304 882 156 847 463 0 795 296 477 134 0 894 813 139 0 685 320 675 343 0 0 507 870 0 
982 0 0 306 324 746 619 0 386 0 616 0 580 0 0 0 557 220 838 180 0 0 102 787 845 0 116 826 225 737 883 0 255 0 0 47 0 366 901 66 931 398 96 278 635 522 661 0 0 275 224 352 376 0 0 10 0 0 0 984 889 125 0 792 179 265 267 0 222 29 420 839 385 422 0 489 916 0 684 777 789 0 0 343 648 0 149 544 451 0 97 314 0 510 287 0 312 523 346 713 8 321 427 894 0 363 889 872 0 0 75 0 211 278 358 0 961 0 268 411 0 0 0 85 286 0 120 395 0 0 396 310 250 693 228 0 525 0 669 0 969 559 0 0 0 322 189 591 164 0 
564 394 488 0 920 71 554 120 0 0 555 0 418 0 0 0 196 0 539 726 422 984 0 469 37 504 230 524 76 922 642 632 0 309 0 918 983 872 0 731 505 829 0 0 0 994 0 131 0 489 802 0 132 720 914 207 493 575 573 987 381 970 30 0 426 0 276 564 0 415 226 193 207 0 350 0 326 0 260 87 490 0 345 0 924 945 569 718 250 758 106 0 738 289 445 151 852 50 232 662 0 396 814 437 560 47 865 980 846 528 0 467 308 268 0 908 303 812 195 0 819 0 213 494 525 904 175 0 331 638 958 0 0 149 73 257 936 604 711 77 606 88 857 934 0 0 992 0 580 0 
779 0 979 582 148 1000 525 919 0 431 243 163 318 0 0 0 796 965 240 21 0 721 16 0 0 267 0 20 0 521 0 363 423 0 527 0 0 445 602 362 838 347 0 603 0 982 415 0 0 554 0 703 51 563 0 980 315 156 435 133 80 0 0 0 358 0 0 0 0 0 0 431 952 1000 843 0 603 517 701 0 799 757 861 287 0 0 422 212 534 935 758 0 138 216 0 0 110 489 736 830 323 709 73 616 683 137 213 0 0 0 0 0 644 679 459 0 52 237 851 119 0 0 514 0 829 0 643 452 68 562 0 0 503 780 0 0 28 427 779 4 0 508 913 541 267 0 0 617 924 323 
856 175 652 660 595 65 499 953 123 0 0 0 0 557 196 796 0 242 0 0 0 0 0 0 0 654 597 346 0 246 456 0 0 127 0 567 0 830 613 685 0 0 283 521 0 384 0 735 938 0 999 36 847 0 374 427 503 354 0 0 604 0 639 0 0 852 947 0 147 134 0 0 0 140 750 0 935 0 788 0 388 236 81 238 646 965 5 801 671 993 0 0 553 993 0 0 0 411 980 308 647 643 898 520 203 0 616 36 11 656 334 518 795 552 790 0 0 0 438 972 541 517 0 382 881 770 304 9 649 0 0 0 918 521 394 215 981 423 84 884 589 455 730 0 0 191 576 443 148 969 
847 213 240 49 603 0 0 0 849 608 0 0 436 220 0 965 242 0 0 316 56 726 513 896 320 0 0 0 447 0 59 569 819 0 187 106 3 0 844 72 167 604 953 673 590 740 300 687 316 193 0 277 222 764 586 0 178 0 0 788 0 0 397 527 0 369 0 2 107 972 555 0 0 930 0 0 0 600 124 939 971 877 362 356 554 44 119 189 0 0 0 608 784 263 288 243 811 293 0 0 981 480 194 956 755 809 289 275 501 0 914 0 504 802 0 363 0 0 494 905 0 0 219 600 0 686 108 731 538 0 817 0 0 907 692 460 0 538 888 244 582 127 309 0 583 990 0 0 87 601 
250 983 0 962 232 0 582 897 475 0 974 0 876 838 539 240 0 0 0 0 15 897 566 0 382 0 0 210 0 0 41 833 169 0 853 301 660 735 620 372 660 196 438 918 359 0 484 619 187 190 786 727 214 540 610 697 194 709 188 470 0 291 0 598 374 743 201 151 118 0 0 0 436 176 24 0 174 0 467 759 0 915 664 928 0 137 0 280 868 725 312 309 428 440 945 15 629 877 381 194 0 0 702 0 0 0 609 845 179 123 737 353 996 451 419 143 757 842 728 389 774 286 599 768 391 955 779 0 0 567 332 876 191 689 878 868 513 556 981 890 998 0 0 971 442 0 958 0 308 951 
860 399 997 0 430 0 0 658 0 436 663 391 677 180 726 21 0 316 0 0 946 129 43 940 545 763 78 313 634 289 140 625 59 180 809 958 998 333 0 416 0 122 0 0 504 0 0 0 440 136 0 426 167 0 0 863 176 323 791 823 882 0 606 699 913 0 57 587 446 647 845 1000 748 737 292 0 0 62 871 408 640 0 0 814 648 0 611 0 134 653 597 478 0 514 123 481 273 0 294 681 426 0 958 388 559 321 884 895 988 480 0 497 671 911 195 574 0 89 596 0 0 256 727 101 0 62 391 573 0 994 241 0 441 912 0 0 0 625 911 0 476 2 271 0 34 401 462 0 528 948 
559 109 668 303 888 0 209 0 575 677 524 0 948 0 422 0 0 56 15 946 0 607 915 558 570 0 562 694 488 335 439 510 325 857 561 753 129 672 0 192 438 0 0 612 118 0 0 0 509 316 814 101 0 957 537 878 589 109 0 0 53 0 0 438 99 798 0 220 0 0 0 928 0 0 286 740 0 0 369 558 0 415 239 989 155 713 689 0 585 0 966 389 0 0 0 0 48 633 867 0 582 206 158 0 610 0 26 0 0 80 382 594 0 0 936 481 655 55 891 584 354 0 0 850 556 0 332 551 0 0 0 342 0 857 151 0 381 0 87 116 947 0 38 488 417 883 677 718 38 822 
989 604 0 567 939 239 0 955 0 380 256 0 114 0 984 721 0 726 897 129 607 0 931 0 650 390 889 75 299 796 739 765 0 478 0 242 341 34 942 425 921 752 0 0 678 0 151 806 208 458 170 0 790 964 0 289 625 0 347 256 839 263 0 989 432 806 556 0 670 810 399 0 631 177 256 623 140 564 575 0 0 718 995 0 0 767 915 233 0 0 910 0 0 0 6 650 924 0 164 54 0 0 2 588 0 129 813 380 0 0 425 0 70 0 341 554 0 0 584 128 926 0 609 854 0 806 0 24 879 947 497 438 407 380 0 498 743 309 412 0 0 314 0 606 0 984 0 458 879 88 
778 65 916 0 450 610 917 273 911 652 67 1 780 102 0 16 0 513 566 43 915 931 0 792 0 31 0 0 158 0 833 991 596 0 892 774 659 578 372 0 541 48 148 0 218 349 163 60 399 25 852 158 619 731 763 978 897 611 762 44 703 113 857 654 368 819 776 487 117 587 297 0 505 0 0 206 610 0 82 865 263 55 711 0 33 0 0 158 516 280 0 96 518 115 0 395 0 391 146 752 888 0 0 925 431 0 475 832 481 24 0 726 582 71 225 588 751 366 0 0 171 65 603 172 929 662 37 62 590 385 657 668 419 604 822 0 746 0 349 0 418 364 0 0 0 0 209 214 252 320 
554 379 190 0 0 679 702 989 281 946 553 0 0 787 469 0 0 896 0 940 558 0 792 0 0 540 22 646 703 22 313 63 0 393 0 685 798 192 0 870 0 334 132 0 928 653 0 0 692 629 676 488 827 760 0 0 568 162 582 68 628 581 0 0 282 925 117 0 687 0 59 0 0 447 0 418 643 856 332 176 891 776 0 992 405 375 0 0 0 0 609 0 828 874 942 0 506 451 991 267 261 896 0 519 0 999 0 830 336 71 61 281 170 0 0 128 0 0 0 329 422 0 249 0 699 0 520 0 458 527 334 0 76 606 971 242 158 254 536 770 595 901 648 0 735 421 897 662 151 837 
616 182 348 0 686 420 508 432 0 47 83 807 501 845 37 0 0 320 382 545 570 650 0 0 0 587 19 0 983 562 966 696 330 715 888 424 930 9 0 828 0 237 0 364 814 0 604 0 0 0 725 318 0 288 0 866 0 542 0 545 0 865 0 468 804 0 54 440 688 621 0 929 940 796 0 231 582 0 320 747 0 527 661 0 839 893 247 405 467 0 11 410 638 0 0 0 0 0 209 63 236 151 198 672 0 0 0 0 84 0 898 0 370 616 284 140 118 376 580 644 174 350 0 596 331 0 918 919 578 0 295 460 0 0 322 0 791 383 0 176 748 0 284 928 119 0 0 727 0 793 
174 626 0 836 0 656 125 685 310 402 0 0 355 0 504 267 654 0 0 763 0 390 31 540 587 0 455 0 803 0 908 480 155 371 267 893 519 0 0 8 409 477 414 598 472 0 589 397 872 0 393 0 333 529 0 129 0 768 0 0 577 231 37 509 0 995 0 435 604 668 230 0 618 646 172 346 160 998 0 29 988 0 464 0 0 634 819 136 572 742 300 791 397 717 362 484 788 492 475 328 292 0 922 54 454 531 388 0 64 599 579 661 158 0 362 911 758 0 0 0 936 515 0 534 0 491 0 0 0 130 0 76 637 240 0 0 930 0 506 450 187 134 527 526 0 671 0 112 292 0 
0 77 532 0 0 806 0 609 819 0 535 84 0 116 230 0 597 0 0 78 562 889 0 22 19 455 0 288 0 57 39 978 0 0 754 0 671 0 730 0 0 0 0 112 372 738 544 0 604 245 272 586 318 280 999 866 533 357 0 0 0 0 750 966 391 560 0 205 498 0 0 172 139 915 505 575 503 198 760 0 190 0 27 0 824 431 986 0 597 988 0 366 0 825 610 821 0 0 613 323 73 64 152 906 795 83 0 879 0 431 655 584 687 0 397 718 0 0 866 467 0 751 585 0 971 349 928 764 130 584 967 0 0 0 457 53 502 0 0 445 54 518 0 756 26 0 790 807 910 283 
709 819 862 37 0 20 0 0 293 0 609 0 0 826 524 20 346 0 210 313 694 75 0 646 0 0 288 0 417 412 373 795 286 0 0 256 0 0 0 0 928 633 0 469 921 149 124 592 734 667 157 382 859 543 796 0 0 0 0 0 384 889 0 684 26 0 638 343 194 0 69 0 693 112 455 986 204 163 674 0 621 973 672 962 969 946 227 483 138 207 23 910 269 548 182 228 707 715 347 0 748 0 599 913 0 749 376 122 499 0 542 250 158 0 797 192 0 0 356 0 481 0 448 0 54 472 0 0 0 537 954 961 29 406 0 0 0 396 0 928 376 409 727 554 444 0 371 229 302 906 
142 65 0 536 626 507 329 0 375 120 438 753 745 225 76 0 0 447 0 634 488 299 158 703 983 803 0 417 0 820 0 0 481 384 221 0 0 881 0 167 0 799 947 912 927 347 836 0 70 987 0 961 0 598 961 644 0 448 905 0 857 0 227 0 74 0 867 636 851 212 100 346 867 791 445 270 0 0 181 0 77 715 826 0 409 557 56 420 685 631 0 435 815 0 179 904 159 883 43 765 0 0 530 454 530 735 735 724 296 636 0 540 0 797 896 349 435 350 0 0 639 0 0 170 161 571 0 0 999 657 311 905 0 960 0 753 846 0 237 172 0 432 555 959 0 374 644 831 565 0 
939 836 483 768 227 957 190 93 440 923 357 181 878 737 922 521 246 0 0 289 335 796 0 22 562 0 57 412 820 0 446 28 550 436 0 0 497 0 337 181 644 0 0 39 82 711 151 163 0 117 776 604 0 671 653 0 595 920 146 0 811 438 0 814 385 0 0 0 906 0 0 33 473 994 811 0 0 264 0 902 560 744 0 573 792 268 0 0 61 393 878 0 74 752 930 758 0 250 860 351 0 352 865 402 578 360 0 968 0 203 0 0 649 361 359 329 84 29 478 0 0 119 0 364 978 748 644 608 0 163 865 958 872 489 441 764 622 235 304 20 584 266 699 0 331 0 612 161 424 11 
0 0 445 0 972 735 684 0 0 56 361 540 377 883 642 0 456 59 41 140 439 739 833 313 966 908 39 373 0 446 0 0 532 165 157 0 863 151 0 902 311 59 0 101 188 982 0 7 220 612 0 945 0 776 976 576 0 0 617 843 0 0 616 0 570 0 66 860 0 57 65 0 759 0 97 0 159 0 0 0 673 556 78 178 54 0 0 0 0 345 822 248 299 495 0 210 65 838 0 693 960 599 461 0 112 859 960 0 306 900 0 0 615 900 310 364 417 449 204 993 0 0 0 0 0 626 0 859 920 0 468 496 73 615 0 808 0 700 443 799 432 0 316 822 333 236 0 0 185 0 
586 677 488 0 225 744 776 856 0 0 0 969 788 0 632 363 0 569 833 625 510 765 991 63 696 480 978 795 0 28 0 0 456 254 600 0 511 0 960 317 485 75 477 198 284 434 761 971 203 600 0 913 345 0 0 379 801 214 592 257 0 598 929 409 0 823 305 911 529 155 39 0 0 0 406 761 280 355 0 66 760 872 602 438 673 44 959 400 120 682 295 0 0 0 216 331 385 0 629 521 0 913 469 0 0 0 667 519 231 910 0 247 0 339 640 217 509 391 0 795 353 0 685 284 888 569 748 0 0 0 529 0 0 226 408 0 217 925 348 0 283 989 0 0 543 846 855 719 0 946 
749 953 162 0 457 0 0 372 337 244 607 234 0 255 0 423 0 819 169 59 325 0 596 0 330 155 0 286 481 550 532 456 0 0 355 51 187 13 248 917 932 623 0 277 0 0 941 0 0 755 796 149 266 710 0 536 238 573 310 857 397 221 776 0 528 347 648 339 856 570 0 0 0 588 506 0 935 621 0 228 0 538 0 293 0 961 0 0 196 206 684 431 0 0 920 106 0 0 875 726 343 741 577 0 14 373 958 384 716 0 20 216 939 781 303 623 0 58 671 943 799 660 185 655 828 0 840 468 813 0 0 0 734 480 60 519 202 600 971 0 623 987 206 694 132 460 391 0 627 0 
0 0 54 107 0 0 11 0 135 0 736 0 529 0 309 0 127 0 0 180 857 478 0 393 715 371 0 0 384 436 165 254 0 0 901 567 240 255 536 843 927 252 136 392 375 519 876 683 226 174 615 800 915 0 66 918 417 0 0 0 511 0 758 0 554 20 116 0 621 62 601 0 793 738 886 59 0 394 631 94 933 880 370 643 0 80 645 638 0 925 218 348 702 0 432 0 274 400 304 802 637 0 0 465 213 980 878 0 0 0 0 511 846 903 370 0 773 0 870 754 746 674 722 266 153 368 0 22 0 41 568 731 0 946 459 0 0 771 157 441 0 849 0 595 0 0 0 532 930 459 
252 246 18 562 409 0 968 980 21 0 688 0 124 0 0 527 0 187 853 809 561 0 892 0 888 267 754 0 221 0 157 600 355 901 0 7 742 749 0 365 549 154 525 833 958 0 880 286 0 890 748 522 0 0 928 118 300 459 112 450 175 0 145 445 0 160 552 999 253 992 415 0 628 0 0 224 883 0 418 0 0 0 163 0 636 803 0 0 983 709 588 0 0 592 253 702 974 202 917 62 783 0 193 70 0 8 401 388 669 629 199 786 0 0 566 0 968 274 452 23 203 596 837 74 237 270 812 0 63 469 396 197 647 716 0 0 222 68 650 976 13 0 148 0 0 0 976 330 0 175 
754 294 6 517 504 0 257 5 0 390 452 941 133 47 918 0 567 106 301 958 753 242 774 685 424 893 0 256 0 0 0 0 51 567 7 0 0 494 0 831 542 0 28 307 941 631 0 933 464 0 400 0 66 0 0 829 0 0 998 0 0 977 528 190 376 0 617 871 326 558 355 370 775 0 727 0 707 26 793 945 0 777 217 256 0 760 0 731 877 956 0 0 0 0 0 101 455 427 0 0 291 869 151 0 0 0 0 730 195 944 626 0 0 510 0 410 0 840 0 132 610 55 0 525 556 746 103 0 848 0 168 0 0 0 908 580 0 391 0 972 797 607 212 407 866 833 326 960 0 795 
636 0 654 990 824 810 0 0 301 156 526 0 446 0 983 0 0 3 660 998 129 341 659 798 930 519 671 0 0 497 863 511 187 240 742 0 0 0 650 331 0 476 0 638 995 530 670 0 907 10 0 0 72 636 978 374 0 371 474 0 534 691 0 546 0 0 496 83 924 0 213 677 724 930 578 0 595 743 283 642 729 310 0 727 915 306 868 764 827 0 65 891 0 189 752 319 613 76 64 250 0 326 644 783 193 495 240 637 989 159 108 0 445 174 785 341 56 0 0 153 695 19 726 725 0 0 155 594 758 0 271 425 60 108 286 802 66 812 0 615 579 0 306 352 203 421 993 311 0 72 
258 188 90 201 939 157 688 0 0 929 442 0 281 366 872 445 830 0 735 333 672 34 578 192 9 0 0 0 881 0 151 0 13 255 749 494 0 0 302 185 503 653 0 0 766 487 467 0 0 0 452 767 443 665 0 485 440 0 170 0 394 7 0 214 919 912 871 918 635 0 70 534 652 349 0 889 0 0 941 0 0 135 494 597 891 638 734 324 0 528 386 281 702 828 821 527 167 208 956 134 685 785 942 15 0 722 292 347 0 0 680 438 268 0 0 652 608 125 733 503 771 840 271 228 842 0 193 0 127 107 0 0 0 977 251 393 349 397 0 0 0 0 0 381 917 132 184 25 803 0 
574 885 980 965 670 927 244 480 88 691 0 0 152 901 0 602 613 844 620 0 0 942 372 0 0 0 730 0 0 337 0 960 248 536 0 0 650 302 0 0 0 0 721 0 776 0 0 0 225 0 0 0 412 105 54 369 690 0 102 276 0 0 467 309 0 994 0 390 545 0 0 832 0 0 0 353 244 578 0 0 477 451 834 748 85 384 503 793 280 0 816 105 992 264 761 0 138 193 739 141 0 977 655 921 0 0 28 455 910 0 201 0 864 763 0 946 549 0 0 0 0 780 83 226 383 190 0 0 0 575 0 0 352 594 810 0 553 30 0 0 0 411 0 0 241 222 45 621 348 0 
847 0 624 0 172 0 0 0 0 125 0 243 0 66 731 362 685 72 372 416 192 425 0 870 828 8 0 0 167 181 902 317 917 843 365 831 331 185 0 0 110 52 758 0 669 853 545 0 0 430 0 377 0 530 0 0 0 571 595 112 0 435 985 733 168 0 975 0 0 170 336 0 0 473 358 464 31 0 209 944 427 142 563 352 0 633 275 950 0 159 0 361 0 32 0 690 265 782 0 475 0 0 440 0 0 723 211 372 468 451 655 0 56 583 149 722 650 0 0 0 0 44 0 451 372 446 0 0 361 226 216 0 211 588 964 0 850 0 0 26 864 0 681 354 68 419 0 0 0 603 
361 563 125 0 21 966 787 0 0 644 0 53 575 931 505 838 0 167 660 0 438 921 541 0 0 409 0 928 0 644 311 485 932 927 549 542 0 503 0 110 0 0 217 199 0 0 0 254 466 49 0 0 936 548 39 877 306 842 970 398 69 832 821 0 43 525 108 162 0 921 0 750 923 163 0 847 985 320 130 0 331 645 525 307 614 0 862 0 0 0 0 178 0 486 168 470 0 703 498 69 456 198 787 689 973 264 346 949 816 886 204 803 881 758 860 237 200 147 856 0 610 146 0 901 526 794 35 134 0 565 407 42 415 0 0 266 861 0 902 320 0 565 719 73 200 0 809 451 616 0 
620 0 0 518 412 38 629 204 246 786 500 0 0 398 829 347 0 604 196 122 0 752 48 334 237 477 0 633 799 0 59 75 623 252 154 0 476 653 0 52 0 0 312 0 423 0 0 0 0 0 42 3 955 653 0 533 0 574 0 0 790 558 923 130 0 159 0 703 0 0 462 0 70 0 597 725 146 266 104 543 871 936 943 679 593 158 909 292 778 742 664 95 306 0 204 0 268 790 924 985 0 0 0 972 320 976 0 149 778 267 617 594 831 803 0 462 740 583 687 298 0 110 605 546 141 739 255 627 490 929 894 643 753 0 0 0 983 0 178 601 342 708 0 0 180 405 344 0 882 0 
545 173 15 589 598 233 457 0 450 651 675 0 312 96 0 0 283 953 438 0 0 0 148 132 0 414 0 0 947 0 0 477 0 136 525 28 0 0 721 758 217 312 0 61 0 300 786 848 0 854 0 0 0 724 908 297 684 0 989 0 181 72 0 492 912 208 12 0 0 805 260 589 519 94 0 0 0 0 0 0 0 669 172 606 0 0 519 0 276 792 944 0 5 394 0 468 100 468 397 0 0 626 0 708 789 0 811 338 22 413 45 321 929 334 0 600 0 0 16 331 0 0 217 570 0 656 0 0 88 0 0 482 127 13 708 861 0 921 634 981 115 489 0 318 0 981 957 0 746 259 
809 425 842 0 0 729 0 0 154 519 323 0 793 278 0 603 521 673 918 0 612 0 0 0 364 598 112 469 912 39 101 198 277 392 833 307 638 0 0 0 199 0 61 0 778 623 0 0 904 805 766 0 0 842 309 766 0 0 735 259 57 47 980 0 63 21 936 464 901 0 916 116 0 976 0 844 0 0 892 0 852 0 723 641 0 708 916 597 957 75 574 130 0 821 0 162 613 39 995 0 221 553 406 842 791 990 374 200 241 608 594 0 784 457 0 353 759 772 0 0 0 681 612 676 455 0 696 413 748 423 186 56 491 657 632 615 0 590 659 825 25 585 288 90 0 200 598 0 62 121 
0 633 529 98 0 0 0 0 0 464 0 339 970 635 0 0 0 590 359 504 118 678 218 928 814 472 372 921 927 82 188 284 0 375 958 941 995 766 776 669 0 423 0 778 0 601 803 22 0 0 524 691 125 796 0 784 555 272 13 291 490 394 17 154 932 851 233 0 0 52 156 0 6 0 0 0 763 774 782 779 244 379 0 0 138 0 894 335 0 826 343 492 0 639 551 652 448 66 675 598 8 515 519 816 0 0 452 47 657 522 461 837 0 231 0 856 508 234 352 503 817 0 0 558 677 0 0 873 0 451 0 0 414 787 0 784 888 0 0 129 183 176 0 927 0 0 530 0 313 234 
678 677 0 927 0 523 911 904 0 734 365 0 260 522 994 982 384 740 0 0 0 0 349 653 0 0 738 149 347 711 982 434 0 519 0 631 530 487 0 853 0 0 300 623 601 0 0 0 837 163 0 0 854 0 0 308 750 808 46 701 741 835 477 0 0 37 0 0 0 912 681 219 736 0 31 714 997 506 30 0 0 412 0 641 912 35 0 24 75 953 578 319 956 0 960 982 0 953 337 270 990 0 783 516 0 0 921 0 942 874 478 301 0 329 774 0 66 0 0 0 0 323 0 0 241 297 378 421 0 0 584 0 0 0 913 0 0 0 0 691 314 329 334 169 258 839 319 0 750 677 
834 381 732 0 227 130 0 0 389 0 0 637 282 661 0 415 0 300 484 0 0 151 163 0 604 589 544 124 836 151 0 761 941 876 880 0 670 467 0 545 0 0 786 0 803 0 0 550 306 679 722 330 0 0 754 577 0 0 648 283 0 825 557 153 0 94 0 743 0 421 0 404 921 0 129 704 252 0 492 286 0 0 0 511 0 0 0 0 694 673 198 110 265 60 0 540 247 690 563 0 269 319 400 621 0 14 984 133 0 0 772 851 0 0 433 849 283 0 358 0 614 25 0 22 122 0 474 0 0 388 260 653 273 665 463 327 66 905 0 378 249 237 0 409 77 325 0 0 0 344 
803 155 807 0 957 945 0 819 580 0 64 89 434 0 131 0 735 687 619 0 0 806 60 0 0 397 0 592 0 163 7 971 0 683 286 933 0 0 0 0 254 0 848 0 22 0 550 0 35 0 658 939 518 723 696 301 576 446 575 354 0 253 925 0 55 743 160 0 0 0 818 0 0 672 0 508 757 0 899 508 0 0 0 154 143 466 776 0 512 312 0 0 153 0 646 0 454 0 74 622 0 146 992 0 819 0 989 151 0 981 0 958 0 0 993 223 68 93 0 48 546 120 964 0 832 880 0 822 837 0 0 0 160 0 321 0 0 106 714 267 33 0 896 453 359 463 0 270 369 0 
567 378 0 837 355 179 203 0 527 783 511 702 188 0 0 0 938 316 187 440 509 208 399 692 0 872 604 734 70 0 220 203 0 226 0 464 907 0 225 0 466 0 0 904 0 837 306 35 0 691 0 0 0 872 434 875 861 776 941 750 280 0 507 427 0 0 207 577 910 137 416 87 91 616 752 0 573 0 491 677 0 337 263 0 0 0 61 656 766 0 0 0 0 998 484 395 626 612 859 554 234 960 0 380 197 355 279 145 0 0 55 788 0 611 814 829 281 972 305 474 450 482 930 15 0 0 579 693 574 314 0 414 0 910 0 439 761 742 86 498 800 103 0 786 642 0 0 875 160 0 
0 168 0 86 0 232 326 0 0 567 242 0 0 275 489 554 0 193 190 136 316 458 25 629 0 0 245 667 987 117 612 600 755 174 890 0 10 0 0 430 49 0 854 805 0 163 679 0 691 0 145 638 455 0 0 73 500 17 0 382 366 722 53 0 693 33 721 373 592 0 321 0 201 874 622 273 964 569 434 94 998 986 0 44 0 184 254 259 556 871 702 0 450 283 974 0 858 791 455 12 0 190 141 0 158 505 83 381 37 171 25 691 0 144 746 969 682 451 0 640 828 99 517 562 0 397 180 842 349 409 117 802 0 310 0 381 185 867 981 32 0 0 0 292 495 0 913 364 626 485 
0 509 0 53 183 0 0 0 699 295 0 0 817 224 802 0 999 0 786 0 814 170 852 676 725 393 272 157 0 776 0 0 796 615 748 400 0 452 0 0 0 42 0 766 524 0 722 658 0 145 0 0 986 169 734 0 590 963 0 911 0 202 982 0 553 21 632 271 74 0 0 328 134 468 446 149 0 564 254 0 81 80 0 682 97 629 0 0 679 56 0 0 580 430 521 721 187 0 0 213 0 129 626 869 268 59 1000 0 182 0 732 0 511 976 77 335 755 459 380 0 696 0 180 161 468 925 660 353 751 0 724 671 0 583 1 964 800 135 321 0 629 844 0 320 105 221 754 401 869 679 
0 855 384 0 264 104 903 55 13 722 55 0 577 352 0 703 36 277 727 426 101 0 158 488 318 0 586 382 961 604 945 913 149 800 522 0 0 767 0 377 0 3 0 0 691 0 330 939 0 638 0 0 0 832 992 0 395 0 90 860 0 284 519 0 0 538 119 348 165 179 286 320 203 0 582 150 725 349 657 567 731 160 436 109 0 743 158 0 0 915 598 0 212 99 901 0 849 442 471 0 878 0 0 862 0 483 0 104 108 813 784 0 563 0 147 703 152 590 797 545 999 0 196 86 0 351 1 296 0 105 717 455 357 272 293 445 0 0 293 0 876 0 0 552 390 618 0 122 345 695 
0 615 451 24 921 0 910 757 94 0 0 0 697 376 132 51 847 222 214 167 0 790 619 827 0 333 318 859 0 0 0 345 266 915 0 66 72 443 412 0 936 955 0 0 125 854 0 518 0 455 986 0 0 144 194 777 0 149 989 945 731 364 915 415 254 0 156 377 996 965 423 79 988 913 317 0 0 837 0 269 0 177 125 590 906 227 0 864 697 0 574 190 455 549 0 128 526 0 247 715 145 0 0 930 388 680 0 157 0 714 736 18 201 126 364 20 0 709 934 891 126 839 372 0 0 266 37 191 0 152 757 471 432 535 305 0 478 0 113 0 0 166 0 79 907 0 0 129 403 168 
135 0 605 846 785 0 8 711 637 306 536 516 775 0 720 563 0 764 540 0 957 964 731 760 288 529 280 543 598 671 776 0 710 0 0 0 636 665 105 530 548 653 724 842 796 0 0 723 872 0 169 832 144 0 350 10 0 0 0 415 931 409 866 532 146 65 640 707 686 790 0 0 913 966 671 0 0 154 278 199 389 178 244 17 0 494 709 661 0 622 266 0 733 789 0 677 831 49 0 0 0 165 744 621 0 743 904 0 833 500 696 475 0 787 0 998 0 0 0 49 87 637 0 669 91 0 177 692 487 179 443 505 866 19 0 0 961 0 861 433 909 644 572 549 0 379 0 174 0 31 
603 86 119 14 820 483 204 754 0 0 539 877 0 0 914 0 374 586 610 0 537 0 763 0 0 0 999 796 961 653 976 0 0 66 928 0 978 0 54 0 39 0 908 309 0 0 754 696 434 0 734 992 194 350 0 609 0 397 0 51 335 0 385 698 0 463 789 231 251 659 746 984 14 0 0 293 0 627 556 944 0 0 822 566 585 449 533 775 750 792 858 202 82 15 916 528 457 276 339 131 885 2 75 0 392 427 230 813 0 0 647 885 804 0 381 0 0 160 208 0 136 696 618 422 39 906 910 276 762 0 966 541 47 220 319 591 820 818 0 481 0 437 279 99 0 473 623 393 0 0 
140 974 0 174 35 0 147 0 202 588 588 0 995 10 207 980 427 0 697 863 878 289 978 0 866 129 866 0 644 0 576 379 536 918 118 829 374 485 369 0 877 533 297 766 784 308 577 301 875 73 0 0 777 10 609 0 24 291 0 0 0 409 0 0 799 305 0 863 0 762 866 532 0 370 0 939 911 662 485 75 19 457 501 392 0 306 0 802 716 24 122 615 277 0 697 652 18 0 0 0 149 181 82 0 0 397 487 720 227 159 0 463 949 499 0 0 0 0 0 909 298 557 820 90 0 856 198 396 566 112 173 227 0 0 57 0 777 767 605 469 824 497 0 961 399 0 377 0 600 319 
0 286 628 265 722 438 0 0 532 86 106 0 844 0 493 315 503 178 194 176 589 625 897 568 0 0 533 0 0 595 0 801 238 417 300 0 0 440 690 0 306 0 684 0 555 750 0 576 861 500 590 395 0 0 0 24 0 100 763 0 758 0 0 466 402 321 464 0 45 0 748 0 0 0 673 432 886 561 790 330 422 62 348 823 0 63 0 912 395 613 461 566 635 394 662 487 470 43 527 970 0 66 0 575 164 151 722 667 316 201 0 580 782 0 298 407 0 0 991 779 906 699 327 653 0 750 709 0 0 155 406 824 496 165 219 0 0 745 889 908 777 0 0 783 29 949 525 926 0 828 
641 0 0 999 627 47 180 0 0 677 542 0 723 0 575 156 354 0 709 323 109 0 611 162 542 768 357 0 448 920 0 214 573 0 459 0 371 0 0 571 842 574 0 0 272 808 0 446 776 17 963 0 149 0 397 291 100 0 650 127 935 626 0 84 0 0 523 330 69 0 0 314 824 61 0 165 0 0 0 0 0 11 989 767 0 0 0 357 0 2 459 0 0 497 0 117 867 738 10 456 12 643 548 0 317 0 198 6 4 0 902 819 985 807 0 904 0 996 425 0 142 852 0 0 760 0 627 0 646 0 0 333 945 75 849 0 0 0 724 242 0 0 0 922 247 115 367 511 681 0 
0 390 0 186 62 798 612 0 211 143 597 21 0 0 573 435 0 0 188 791 0 347 762 582 0 0 0 0 905 146 617 592 310 0 112 998 474 170 102 595 970 0 989 735 13 46 648 575 941 0 0 90 989 0 0 0 763 650 0 0 73 250 294 0 479 516 0 21 716 357 28 844 0 821 266 585 673 0 922 502 982 446 38 553 0 766 678 958 0 13 911 575 758 0 145 204 913 0 37 0 915 103 729 864 513 587 540 425 0 142 959 997 776 242 0 0 109 719 871 963 773 504 391 481 0 516 951 0 0 232 462 478 197 0 131 363 0 0 0 780 110 183 0 551 171 0 277 364 826 905 
603 182 696 675 706 739 86 390 156 723 0 348 690 984 987 133 0 788 470 823 0 256 44 68 545 0 0 0 0 0 843 257 857 0 450 0 0 0 276 112 398 0 0 259 291 701 283 354 750 382 911 860 945 415 51 0 0 127 0 0 913 845 0 0 102 719 889 0 888 30 935 937 480 309 970 426 69 0 802 528 0 930 181 870 0 361 390 771 40 44 270 48 9 493 297 663 247 780 213 886 0 0 618 0 182 0 168 18 125 0 575 373 0 384 566 331 149 0 144 395 0 0 218 594 0 401 966 522 429 313 665 277 454 709 23 213 952 982 0 514 5 319 527 0 295 0 863 0 0 448 
383 418 514 87 200 738 0 0 636 995 105 0 869 889 381 80 604 0 0 882 53 839 703 628 0 577 0 384 857 811 0 0 397 511 175 0 534 394 0 0 69 790 181 57 490 741 0 0 280 366 0 0 731 931 335 0 758 935 73 913 0 475 0 0 994 327 0 0 371 0 734 0 624 905 0 782 925 599 920 429 281 624 696 628 980 366 565 351 34 603 755 0 488 588 335 338 0 755 607 0 0 314 105 0 168 363 849 0 166 90 940 352 21 947 460 652 0 411 842 0 258 229 836 0 0 0 842 333 742 118 302 0 452 0 835 166 3 27 971 0 290 360 0 0 1 496 186 0 796 989 
825 0 0 831 825 0 733 0 953 605 0 0 0 125 970 0 0 0 291 0 0 263 113 581 865 231 0 889 0 438 0 598 221 0 0 977 691 7 0 435 832 558 72 47 394 835 825 253 0 722 202 284 364 409 0 409 0 626 250 845 475 0 534 0 31 71 226 0 0 967 233 0 873 997 0 894 0 604 676 349 0 20 0 0 480 322 579 359 0 0 234 279 232 463 552 672 564 523 412 372 574 205 99 0 353 610 102 625 946 62 386 0 2 594 0 0 0 0 567 515 0 0 494 470 198 0 201 647 337 12 943 0 256 173 0 0 0 0 317 76 936 601 0 382 92 588 462 0 442 826 
940 308 748 0 471 92 147 784 0 454 481 0 356 0 30 0 639 397 0 606 0 0 857 0 0 37 750 0 227 0 616 929 776 758 145 528 0 0 467 985 821 923 0 980 17 477 557 925 507 53 982 519 915 866 385 0 0 0 294 0 0 534 0 384 160 0 432 0 773 617 578 0 358 0 839 387 0 385 593 0 200 0 0 590 12 103 142 598 243 0 784 159 220 342 347 0 638 0 0 692 0 783 794 921 63 678 27 553 42 0 0 7 0 217 462 385 793 0 0 0 730 560 216 670 0 600 0 118 603 956 456 360 831 428 423 0 987 638 155 0 549 53 960 150 0 315 492 467 697 333 
936 913 0 262 623 274 0 0 765 202 436 319 0 792 0 0 0 527 598 699 438 989 654 0 468 509 966 684 0 814 0 409 0 0 445 190 546 214 309 733 0 130 492 0 154 0 153 0 427 0 0 0 415 532 698 0 466 84 0 0 0 0 384 0 659 476 569 362 693 0 0 0 478 372 0 68 853 0 610 941 991 891 0 16 401 0 792 0 141 757 173 723 333 146 250 0 804 0 0 0 0 0 0 551 831 0 724 0 433 948 865 248 347 0 676 0 0 717 526 0 0 0 777 573 0 0 602 585 146 3 573 0 856 414 0 283 476 726 961 0 620 0 0 381 0 0 963 275 775 0 
970 0 0 725 0 376 239 837 761 157 426 1000 610 179 426 358 0 0 374 913 99 432 368 282 804 0 391 26 74 385 570 0 528 554 0 376 0 919 0 168 43 0 912 63 932 0 0 55 0 693 553 0 254 146 0 799 402 0 479 102 994 31 160 659 0 0 863 0 537 274 870 793 0 277 583 0 472 55 305 712 0 0 110 783 0 469 0 0 0 0 0 655 0 911 0 545 630 0 178 71 0 0 377 0 0 455 722 551 187 0 273 633 0 348 323 692 0 837 653 0 421 763 457 1000 296 860 355 354 985 0 0 0 27 636 775 144 0 0 888 322 0 569 0 747 190 0 89 0 0 0 
771 0 229 0 977 0 0 486 235 737 0 821 0 265 0 0 852 369 743 0 798 806 819 925 0 995 560 0 0 0 0 823 347 20 160 0 0 912 994 0 525 159 208 21 851 37 94 743 0 33 21 538 0 65 463 305 321 0 516 719 327 71 0 476 0 0 0 372 663 462 0 0 846 116 938 0 0 903 873 809 877 0 692 886 715 345 786 0 962 925 0 966 0 658 455 40 0 890 506 471 427 0 0 224 450 332 7 833 936 592 0 50 532 35 192 0 0 0 433 0 47 456 446 1000 0 0 569 668 221 528 318 355 0 874 576 290 295 325 0 806 0 628 0 694 551 735 830 435 0 656 
156 410 349 261 0 916 316 0 0 787 0 0 764 267 276 0 947 0 201 57 0 556 776 117 54 0 0 638 867 0 66 305 648 116 552 617 496 871 0 975 108 0 12 936 233 0 0 160 207 721 632 119 156 640 789 0 464 523 0 889 0 226 432 569 863 0 0 0 0 983 145 638 188 186 238 180 196 0 920 969 841 0 0 465 687 720 668 892 0 0 356 927 0 482 465 824 0 660 359 22 81 755 372 727 676 680 813 865 44 228 663 324 554 179 0 0 0 298 97 11 0 258 0 825 0 0 286 953 148 693 990 443 309 663 638 539 637 915 828 0 0 13 521 717 0 0 524 620 820 925 
452 534 0 138 0 188 38 370 719 0 808 0 0 0 564 0 0 2 151 587 220 0 487 0 440 435 205 343 636 0 860 911 339 0 999 871 83 918 390 0 162 703 0 464 0 0 743 0 577 373 271 348 377 707 231 863 0 330 21 0 0 0 0 362 0 372 0 0 0 0 0 0 891 0 949 0 678 60 583 713 0 5 681 237 250 12 977 535 194 791 261 0 127 526 92 199 755 43 917 208 298 0 815 0 401 0 300 884 865 0 632 0 893 734 213 55 762 273 825 0 115 484 271 710 256 0 276 773 728 0 715 851 254 574 524 0 817 96 114 0 383 0 168 0 0 488 304 515 896 710 
389 716 354 476 429 88 0 633 977 0 0 295 582 222 0 0 147 107 118 446 0 670 117 687 688 604 498 194 851 906 0 529 856 621 253 326 924 635 545 0 0 0 0 901 0 0 0 0 910 592 74 165 996 686 251 0 45 69 716 888 371 0 773 693 537 663 0 0 0 962 867 898 0 357 416 539 133 300 285 538 339 0 672 0 570 0 150 9 685 0 0 716 127 585 725 912 0 240 302 460 0 113 127 345 115 113 707 468 283 582 658 77 800 321 322 579 0 0 805 0 0 367 766 987 572 0 555 924 92 387 0 0 0 683 277 79 71 124 493 622 0 305 902 698 94 196 302 0 945 44 
887 888 0 0 0 0 907 418 0 152 314 0 0 29 415 0 134 972 0 647 0 810 587 0 621 668 0 0 212 0 57 155 570 62 992 558 0 0 0 170 921 0 805 0 52 912 421 0 137 0 0 179 965 790 659 762 0 0 357 30 0 967 617 0 274 462 983 0 962 0 265 747 981 965 167 444 836 0 533 0 0 982 0 0 243 227 805 387 644 342 149 413 322 0 224 828 0 698 180 808 286 218 949 0 0 223 544 247 291 781 0 793 250 760 709 0 426 658 0 43 127 0 64 834 301 493 947 0 254 0 66 589 277 640 0 540 720 310 38 406 237 484 569 997 529 0 443 954 0 250 
784 861 885 0 349 610 220 517 947 197 289 0 442 420 226 0 0 555 0 845 0 399 297 59 0 230 0 69 100 0 65 39 0 601 415 355 213 70 0 336 0 462 260 916 156 681 0 818 416 321 0 286 423 0 746 866 748 0 28 935 734 233 578 0 870 0 145 0 867 265 0 726 323 0 361 0 998 0 0 865 722 0 480 0 708 802 438 111 873 723 699 150 356 311 852 960 453 578 271 942 0 0 87 765 665 838 103 0 0 645 13 0 872 0 115 446 0 168 0 550 312 203 0 0 573 551 120 0 987 0 458 916 0 460 496 141 0 365 394 673 833 338 336 779 0 927 704 402 929 0 
635 0 563 0 864 81 136 421 0 993 0 114 0 839 193 431 0 0 0 1000 928 0 0 0 929 0 172 0 346 33 0 0 0 0 0 370 677 534 832 0 750 0 589 116 0 219 404 0 87 0 328 320 79 0 984 532 0 314 844 937 0 0 0 0 793 0 638 0 898 747 726 0 613 494 0 0 696 0 0 210 190 0 187 329 138 0 0 912 0 440 109 0 356 58 867 115 0 0 352 10 0 990 922 812 35 0 703 611 436 64 579 715 539 0 325 1000 0 587 83 0 634 0 759 356 0 709 194 533 159 399 585 669 279 0 94 818 809 352 487 40 0 994 894 39 812 0 539 632 859 825 
227 938 0 842 63 669 606 569 0 0 443 611 0 385 207 952 0 0 436 748 0 631 505 0 940 618 139 693 867 473 759 0 0 793 628 775 724 652 0 0 923 70 519 0 6 736 921 0 91 201 134 203 988 913 14 0 0 824 0 480 624 873 358 478 0 846 188 891 0 981 323 613 0 139 902 953 527 475 750 0 74 0 707 0 3 70 78 799 609 853 228 0 0 0 0 697 0 22 61 0 794 0 0 0 920 735 88 417 0 453 0 790 268 731 50 0 355 713 664 410 269 0 757 980 308 722 570 0 0 99 459 575 739 605 142 424 255 324 0 990 406 443 0 77 613 46 0 772 767 896 
772 205 626 0 0 0 272 106 838 420 165 0 53 422 0 1000 140 930 176 737 0 177 0 447 796 646 915 112 791 994 0 0 588 738 0 0 930 349 0 473 163 0 94 976 0 0 0 672 616 874 468 0 913 966 0 370 0 61 821 309 905 997 0 372 277 116 186 0 357 965 0 494 139 0 192 245 687 14 0 508 478 534 0 961 0 81 0 629 807 0 209 0 0 0 964 318 281 374 735 902 78 0 0 824 773 712 734 222 0 153 0 0 400 985 898 133 0 0 925 0 565 641 930 266 0 0 850 397 350 287 0 615 551 0 0 626 0 724 0 795 0 0 564 12 0 623 267 675 98 0 
0 721 481 421 0 605 0 0 563 120 871 966 0 0 350 843 750 0 24 292 286 256 0 0 0 172 505 455 445 811 97 406 506 886 0 727 578 0 0 358 0 597 0 0 0 31 129 0 752 622 446 582 317 671 0 0 673 0 266 970 0 0 839 0 583 938 238 949 416 167 361 0 902 192 0 701 803 583 533 103 835 310 731 597 504 0 0 0 0 155 686 0 243 0 0 922 65 0 49 313 929 385 247 0 0 0 13 733 900 0 140 509 675 0 866 0 0 0 849 789 675 371 0 914 0 551 0 694 0 0 843 71 730 184 0 537 476 588 37 610 782 526 556 550 0 554 0 96 0 76 
77 493 222 876 153 264 587 689 727 242 821 0 905 489 0 0 0 0 0 0 740 623 206 418 231 346 575 986 270 0 0 761 0 59 224 0 0 889 353 464 847 725 0 844 0 714 704 508 0 273 149 150 0 0 293 939 432 165 585 426 782 894 387 68 0 0 180 0 539 444 0 0 953 245 701 0 970 838 913 0 0 386 0 584 756 0 125 31 889 362 0 566 498 0 0 331 100 99 0 123 226 379 494 249 914 55 40 0 679 725 118 0 78 664 208 653 0 669 0 623 777 437 327 0 0 616 320 991 0 983 483 0 776 164 0 783 0 100 0 252 271 283 0 729 0 524 198 70 845 386 
0 0 574 0 206 0 153 866 589 608 423 697 278 916 326 603 935 0 174 0 0 140 610 643 582 160 503 204 0 0 159 280 935 0 883 707 595 0 244 31 985 146 0 0 763 997 252 757 573 964 0 725 0 0 0 911 886 0 673 69 925 0 0 853 472 0 196 678 133 836 998 696 527 687 803 970 0 354 0 171 0 499 198 850 71 836 30 733 0 707 194 134 0 0 0 724 142 859 266 0 0 633 224 895 733 209 0 0 0 334 0 259 776 187 648 440 980 783 804 0 0 0 0 828 405 449 818 0 415 921 365 0 0 88 0 190 494 999 989 415 789 985 0 199 0 209 360 0 397 0 
0 736 0 234 0 68 929 507 973 582 727 0 585 0 0 517 0 600 0 62 0 564 0 856 0 998 198 163 0 264 0 355 621 394 0 26 743 0 578 0 320 266 0 0 774 506 0 0 0 569 564 349 837 154 627 662 561 0 0 0 599 604 385 0 55 903 0 60 300 0 0 0 475 14 583 838 354 0 36 0 743 151 0 262 158 777 953 0 942 981 711 496 741 12 758 917 245 264 0 286 627 267 813 702 0 330 392 0 758 636 876 300 362 826 474 53 0 928 651 2 50 884 139 0 585 0 417 860 0 8 577 0 444 284 650 0 633 0 0 494 0 306 215 337 0 0 809 969 0 513 
0 38 0 609 263 0 704 941 0 700 487 693 439 684 260 701 788 124 467 871 369 575 82 332 320 0 760 674 181 0 0 0 0 631 418 793 283 941 0 209 130 104 0 892 782 30 492 899 491 434 254 657 0 278 556 485 790 0 922 802 920 676 593 610 305 873 920 583 285 533 0 0 750 0 533 913 0 36 0 818 976 476 615 0 68 0 255 568 0 799 845 793 0 486 420 0 493 104 768 705 8 0 903 0 0 19 931 362 0 250 622 176 943 57 0 492 0 297 452 333 0 681 558 603 0 316 219 331 412 894 0 876 241 788 622 646 936 0 0 784 237 349 0 949 0 0 0 0 0 810 
821 813 915 530 813 376 27 254 570 0 374 254 47 777 87 0 0 939 759 408 558 0 865 176 747 29 0 0 0 902 0 66 228 94 0 945 642 0 0 944 0 543 0 0 779 0 286 508 677 94 0 567 269 199 944 75 330 0 502 528 429 349 0 941 712 809 969 713 538 0 865 210 0 508 103 0 171 0 818 0 262 0 109 0 0 455 611 74 638 248 0 0 154 789 97 50 48 396 205 171 0 0 44 0 694 18 0 0 570 112 0 383 0 480 698 125 566 793 934 962 751 730 365 212 0 0 0 676 440 625 489 159 36 942 127 959 0 0 99 698 294 569 0 0 225 399 0 583 435 0 
0 91 775 0 0 188 28 446 360 431 0 341 555 789 490 799 388 971 0 640 0 0 263 891 0 988 190 621 77 560 673 760 0 933 0 0 729 0 477 427 331 871 0 852 244 0 0 0 0 998 81 731 0 389 0 19 422 0 982 0 281 0 200 991 0 877 841 0 339 0 722 190 74 478 835 0 0 743 976 262 0 0 892 0 0 591 474 588 779 984 0 169 193 594 637 0 0 543 216 590 267 0 0 834 453 528 0 772 597 0 754 0 0 457 0 0 426 138 0 0 0 159 626 491 83 972 295 0 962 0 708 86 937 33 837 418 0 0 589 0 575 153 274 527 524 225 894 722 0 0 
256 446 530 0 0 902 945 995 550 433 836 974 0 0 0 757 236 877 915 0 415 718 55 776 527 0 0 973 715 744 556 872 538 880 0 777 310 135 451 142 645 936 669 0 379 412 0 0 337 986 80 160 177 178 0 457 62 11 446 930 624 20 0 891 0 0 0 5 0 982 0 0 0 534 310 386 499 151 476 0 0 0 847 0 706 916 982 453 493 993 784 261 509 638 850 309 782 0 0 0 0 796 0 464 493 764 467 214 660 212 306 0 0 345 184 328 447 353 969 477 512 100 930 594 0 736 763 629 827 0 920 133 0 291 635 48 313 51 519 0 0 0 434 329 296 0 694 556 604 106 
0 0 661 764 486 0 0 0 51 0 57 756 578 0 345 861 81 362 664 0 239 995 711 0 661 464 27 672 826 0 78 602 0 370 163 217 0 494 834 563 525 943 172 723 0 0 0 0 263 0 0 436 125 244 822 501 348 989 38 181 696 0 0 0 110 692 0 681 672 0 480 187 707 0 731 0 198 0 615 109 892 847 0 861 0 0 666 371 746 358 267 14 664 352 601 865 863 971 0 564 20 370 286 957 669 984 538 0 401 234 760 89 277 407 65 71 985 33 460 190 0 0 111 993 235 379 779 48 879 484 973 290 989 108 0 0 0 482 190 0 539 83 930 0 590 98 0 678 348 484 
489 550 0 0 0 923 297 326 0 0 309 549 203 343 0 287 238 356 928 814 989 0 0 992 0 0 0 962 0 573 178 438 293 643 0 256 727 597 748 352 307 679 606 641 0 641 511 154 0 44 682 109 590 17 566 392 823 767 553 870 628 0 590 16 783 886 465 237 0 0 0 329 0 961 597 584 850 262 0 0 0 0 861 0 0 44 32 0 0 0 410 135 836 690 194 901 635 0 0 531 318 627 123 886 555 230 0 648 956 0 0 131 547 290 0 633 232 423 0 196 26 360 0 397 463 34 355 752 0 0 949 914 774 329 237 0 938 291 204 0 755 124 137 83 584 0 932 0 241 0 
205 0 0 0 783 118 0 616 573 911 120 726 380 648 924 0 646 554 0 648 155 0 33 405 839 0 824 969 409 792 54 673 0 0 636 0 915 891 85 0 614 593 0 0 138 912 0 143 0 0 97 0 906 0 585 0 0 0 0 0 980 480 12 401 0 715 687 250 570 243 708 138 3 0 504 756 71 158 68 0 0 706 0 0 0 0 216 506 827 394 0 189 775 71 0 883 0 0 0 0 967 696 0 0 0 689 322 837 221 562 256 0 958 481 229 0 0 0 116 164 659 928 332 0 671 0 526 0 758 201 0 185 370 0 858 745 760 0 0 274 854 651 544 796 0 939 306 889 0 0 
50 127 0 0 0 364 0 47 777 0 640 0 71 0 945 0 965 44 137 0 713 767 0 375 893 634 431 946 557 268 0 44 961 80 803 760 306 638 384 633 0 158 0 708 0 35 0 466 0 184 629 743 227 494 449 306 63 0 766 361 366 322 103 0 469 345 720 12 0 227 802 0 70 81 0 0 836 777 0 455 591 916 0 44 0 0 0 267 531 178 425 381 217 406 0 0 0 0 0 339 305 299 176 747 0 0 20 137 122 364 0 0 829 443 0 0 0 659 468 549 264 0 0 0 0 805 471 0 46 335 413 0 0 0 267 857 559 275 0 0 310 0 0 0 0 794 598 0 343 950 
0 803 563 0 853 895 218 0 359 683 439 243 0 149 569 422 5 119 0 611 689 915 0 0 247 819 986 227 56 0 0 959 0 645 0 0 868 734 503 275 862 909 519 916 894 0 0 776 61 254 0 158 0 709 533 0 0 0 678 390 565 579 142 792 0 786 668 977 150 805 438 0 78 0 0 125 30 953 255 611 474 982 666 32 216 0 0 0 771 0 350 988 865 0 0 889 148 197 0 0 556 769 890 839 52 0 290 7 0 937 115 699 858 0 0 0 0 0 81 762 701 504 308 0 233 280 596 0 0 0 303 239 184 137 706 633 8 407 393 14 827 73 938 0 237 84 975 235 0 688 
812 437 0 614 469 0 0 414 510 0 895 0 0 544 718 212 801 189 280 0 0 233 158 0 405 136 0 483 420 0 0 400 0 638 0 731 764 324 793 950 0 292 0 597 335 24 0 0 656 259 0 0 864 661 775 802 912 357 958 771 351 359 598 0 0 0 892 535 9 387 111 912 799 629 0 31 733 0 568 74 588 453 371 0 506 267 0 0 0 82 0 53 353 192 928 0 847 33 821 0 0 327 421 885 485 425 392 965 555 0 803 367 165 816 0 111 330 241 603 406 0 304 516 650 517 0 36 0 859 227 634 0 0 794 0 282 0 118 0 0 0 390 227 484 0 588 788 675 397 0 
180 0 285 0 445 698 0 970 0 835 0 0 453 451 250 534 671 0 868 134 585 0 516 0 467 572 597 138 685 61 0 120 196 0 983 877 827 0 280 0 0 778 276 957 0 75 694 512 766 556 679 0 697 0 750 716 395 0 0 40 34 0 243 141 0 962 0 194 685 644 873 0 609 807 0 889 0 942 0 638 779 493 746 0 827 531 771 0 0 532 0 849 740 652 366 970 0 129 584 339 0 894 552 0 295 569 271 455 319 601 464 0 364 0 854 907 869 0 296 0 586 711 353 388 545 495 0 412 820 749 0 232 0 963 440 0 285 75 684 924 0 3 340 156 222 0 913 0 204 79 
745 679 228 0 137 0 570 0 0 140 0 232 0 0 758 935 993 0 725 653 0 0 280 0 0 742 988 207 631 393 345 682 206 925 709 956 0 528 0 159 0 742 792 75 826 953 673 312 0 871 56 915 0 622 792 24 613 2 13 44 603 0 0 757 0 925 0 791 0 342 723 440 853 0 155 362 707 981 799 248 984 993 358 0 394 178 0 82 532 0 487 923 196 806 0 0 570 784 261 0 0 0 573 83 0 0 361 110 894 602 900 0 0 861 614 0 754 134 513 0 0 905 455 423 144 102 297 0 132 494 732 429 61 325 630 483 0 276 0 656 566 0 0 276 165 114 177 13 282 166 
0 920 909 478 0 0 106 773 913 0 0 0 566 97 106 758 0 0 312 597 966 910 0 609 11 300 0 23 0 878 822 295 684 218 588 0 65 386 816 0 0 664 944 574 343 578 198 0 0 702 0 598 574 266 858 122 461 459 911 270 755 234 784 173 0 0 356 261 0 149 699 109 228 209 686 0 194 711 845 0 0 784 267 410 0 425 350 0 0 487 0 0 612 0 0 452 0 0 0 307 913 0 321 0 592 929 671 0 892 0 655 0 764 535 0 412 470 339 58 430 564 283 46 0 0 0 0 731 835 767 0 178 341 611 139 0 0 192 503 0 669 632 879 121 331 541 427 651 239 683 
206 0 845 772 0 531 0 948 391 0 459 0 520 314 0 0 0 608 309 478 389 0 96 0 410 791 366 910 435 0 248 0 431 348 0 0 891 281 105 361 178 95 0 130 492 319 110 0 0 0 0 0 190 0 202 615 566 0 575 48 0 279 159 723 655 966 927 0 716 413 150 0 0 0 0 566 134 496 793 0 169 261 14 135 189 381 988 53 849 923 0 0 658 396 631 615 59 349 0 0 831 890 304 391 464 990 0 495 0 0 259 0 878 0 506 819 407 758 406 0 413 783 0 0 371 201 383 982 939 845 0 228 97 295 0 670 66 96 0 457 808 0 855 0 244 44 420 929 815 317 
0 0 902 837 498 0 871 886 277 0 164 262 0 0 738 138 553 784 428 0 0 0 518 828 638 397 0 269 815 74 299 0 0 702 0 0 0 702 992 0 0 306 5 0 0 956 265 153 0 450 580 212 455 733 82 277 635 0 758 9 488 232 220 333 0 0 0 127 127 322 356 356 0 0 243 498 0 741 0 154 193 509 664 836 775 217 865 353 740 196 612 658 0 398 39 0 346 955 0 0 493 0 0 456 0 974 0 584 205 754 0 0 623 74 977 0 610 0 715 392 965 868 227 426 261 0 0 481 398 181 73 0 504 631 0 600 220 151 0 34 602 934 574 911 379 962 46 873 251 472 
620 0 403 504 0 83 516 825 838 0 2 725 527 510 289 216 993 263 440 514 0 0 115 874 0 717 825 548 0 752 495 0 0 0 592 0 189 828 264 32 486 0 394 821 639 0 60 0 998 283 430 99 549 789 15 0 394 497 0 493 588 463 342 146 911 658 482 526 585 0 311 58 0 0 0 0 0 12 486 789 594 638 352 690 71 406 0 192 652 806 0 396 398 0 328 539 0 314 421 913 724 461 183 0 0 0 0 514 323 0 220 0 716 140 743 675 232 410 0 327 122 412 212 705 883 804 269 236 96 0 0 700 688 0 0 410 206 675 969 0 857 522 506 1 0 809 374 478 0 583 
439 0 461 682 985 0 158 0 321 17 560 0 474 287 445 0 0 288 945 123 0 6 0 942 0 362 610 182 179 930 0 216 920 432 253 0 752 821 761 0 168 204 0 0 551 960 0 646 484 974 521 901 0 0 916 697 662 0 145 297 335 552 347 250 0 455 465 92 725 224 852 867 0 964 0 0 0 758 420 97 637 850 601 194 0 0 0 928 366 0 0 631 39 328 0 613 183 277 608 156 0 675 0 428 445 839 122 0 100 493 814 846 801 668 299 297 717 651 896 957 0 481 78 828 815 350 646 364 791 681 0 0 0 900 0 147 497 979 217 613 0 559 0 668 465 681 0 741 598 0 
93 407 540 0 0 921 436 315 453 895 0 959 873 0 151 0 0 243 15 481 0 650 395 0 0 484 821 228 904 758 210 331 106 0 702 101 319 527 0 690 470 0 468 162 652 982 540 0 395 0 721 0 128 677 528 652 487 117 204 663 338 672 0 0 545 40 824 199 912 828 960 115 697 318 922 331 724 917 0 50 0 309 865 901 883 0 889 0 970 0 452 615 0 539 613 0 0 263 910 0 689 847 318 0 300 280 0 0 0 951 696 0 957 0 0 956 129 817 99 866 740 0 635 88 91 0 234 0 0 172 926 100 503 484 331 0 0 70 305 0 997 561 947 819 0 893 71 933 0 755 
81 0 150 0 355 844 350 346 846 0 616 0 810 312 852 110 0 811 629 273 48 924 0 506 0 788 0 707 159 0 65 385 0 274 974 455 613 167 138 265 0 268 100 613 448 0 247 454 626 858 187 849 526 831 457 18 470 867 913 247 0 564 638 804 630 0 0 755 0 0 453 0 0 281 65 100 142 245 493 48 0 782 863 635 0 0 148 847 0 570 0 59 346 0 183 0 0 343 889 0 0 416 0 994 315 0 0 0 0 550 0 700 157 614 658 185 0 26 678 925 564 494 0 0 237 0 0 958 391 0 902 0 475 326 0 185 0 0 0 911 0 0 204 0 881 0 505 93 0 846 
693 765 323 864 0 78 0 964 550 816 115 508 0 523 50 489 411 293 877 0 633 0 391 451 0 492 0 715 883 250 838 0 0 400 202 427 76 208 193 782 703 790 468 39 66 953 690 0 612 791 0 442 0 49 276 0 43 738 0 780 755 523 0 0 0 890 660 43 240 698 578 0 22 374 0 99 859 264 104 396 543 0 971 0 0 0 197 33 129 784 0 349 955 314 277 263 343 0 0 0 280 873 698 213 12 321 718 191 329 0 575 0 306 517 0 0 934 0 126 0 0 699 0 952 125 41 0 62 738 707 646 777 0 99 870 874 34 654 52 0 422 0 822 361 948 743 0 959 210 0 
114 73 576 0 412 935 28 40 0 43 0 250 0 346 232 736 980 0 381 294 867 164 146 991 209 475 613 347 43 860 0 629 875 304 917 0 64 956 739 0 498 924 397 995 675 337 563 74 859 455 0 471 247 0 339 0 527 10 37 213 607 412 0 0 178 506 359 917 302 180 271 352 61 735 49 0 266 0 768 205 216 0 0 0 0 0 0 821 584 261 0 0 0 421 608 910 889 0 0 0 0 63 291 260 117 0 361 869 0 514 142 987 296 958 52 381 0 718 115 881 341 0 840 5 637 394 669 0 244 378 991 0 560 411 232 99 155 726 243 985 927 151 641 90 57 686 0 196 616 991 
716 476 350 622 239 0 0 731 747 0 446 0 124 713 662 830 308 0 194 681 0 54 752 267 63 328 323 0 765 351 693 521 726 802 62 0 250 134 141 475 69 985 0 0 598 270 0 622 554 12 213 0 715 0 131 0 970 456 0 886 0 372 692 0 71 471 22 208 460 808 942 10 0 902 313 123 0 286 705 171 590 0 564 531 0 339 0 0 339 0 307 0 0 913 156 0 0 0 0 0 0 0 602 0 0 815 938 625 0 4 867 45 217 0 607 458 622 0 684 0 890 0 846 0 0 531 0 0 174 0 230 766 0 269 583 191 299 639 127 362 790 426 0 857 708 0 0 938 0 150 
592 470 0 0 240 740 450 860 0 939 97 401 223 8 0 323 647 981 0 426 582 0 888 261 236 292 73 748 0 0 960 0 343 637 783 291 0 685 0 0 456 0 0 221 8 990 269 0 234 0 0 878 145 0 885 149 0 12 915 0 0 574 0 0 0 427 81 298 0 286 0 0 794 78 929 226 0 627 8 0 267 0 20 318 967 305 556 0 0 0 913 831 493 724 0 689 0 280 0 0 0 601 0 552 0 261 397 0 0 723 0 556 480 785 540 444 971 994 541 819 128 0 0 635 803 659 62 0 0 57 755 626 687 0 0 0 391 388 0 14 962 446 0 572 407 868 851 524 767 715 
509 969 0 570 0 0 528 670 152 790 0 0 670 321 396 709 643 480 0 0 206 0 0 896 151 0 64 0 0 352 599 913 741 0 0 869 326 785 977 0 198 0 626 553 515 0 319 146 960 190 129 0 0 165 2 181 66 643 103 0 314 205 783 0 0 0 755 0 113 218 0 990 0 0 385 379 633 267 0 0 0 796 370 627 696 299 769 327 894 0 0 890 0 461 675 847 416 873 63 0 601 0 450 652 0 553 280 293 0 469 0 0 334 216 312 0 0 414 0 215 242 350 0 239 494 468 0 0 913 993 0 834 0 276 0 0 189 0 670 462 853 45 94 879 0 241 0 402 672 604 
0 692 169 0 0 988 0 553 0 970 0 149 83 427 814 73 898 194 702 958 158 2 0 0 198 922 152 599 530 865 461 469 577 0 193 151 644 942 655 440 787 0 0 406 519 783 400 992 0 141 626 0 0 744 75 82 0 548 729 618 105 99 794 0 377 0 372 815 127 949 87 922 0 0 247 494 224 813 903 44 0 0 286 123 0 176 890 421 552 573 321 304 0 183 0 318 0 698 291 602 0 450 0 758 111 228 517 908 475 0 979 514 0 212 129 0 477 979 510 20 938 0 181 123 98 0 167 379 701 609 409 777 0 0 292 0 45 203 399 809 343 0 0 0 0 751 709 843 0 0 
253 289 222 787 822 0 986 184 46 139 913 0 715 894 437 616 520 956 0 388 0 588 925 519 672 54 906 913 454 402 0 0 0 465 70 0 783 15 921 0 689 972 708 842 816 516 621 0 380 0 869 862 930 621 0 0 575 0 864 0 0 0 921 551 0 224 727 0 345 0 765 812 0 824 0 249 895 702 0 0 834 464 957 886 0 747 839 885 0 83 0 391 456 0 428 0 994 213 260 0 552 652 758 0 468 219 0 207 0 0 196 0 428 914 139 40 132 0 0 0 625 0 531 535 782 0 133 548 857 0 445 0 0 669 509 0 0 520 198 499 0 60 840 0 0 599 0 256 376 96 
254 173 700 0 291 0 268 250 676 0 0 871 0 0 560 683 203 755 0 559 610 0 431 0 0 454 795 0 530 578 112 0 14 213 0 0 193 0 0 0 973 320 789 791 0 0 0 819 197 158 268 0 388 0 392 0 164 317 513 182 168 353 63 831 0 450 676 401 115 0 665 35 920 773 0 914 733 0 0 694 453 493 669 555 0 0 52 485 295 0 592 464 0 0 445 300 315 12 117 0 0 0 111 468 0 433 0 911 667 0 558 0 0 851 0 0 363 939 0 75 369 0 347 22 227 0 0 49 242 150 340 207 242 743 561 0 51 546 0 0 0 0 593 734 440 38 178 777 202 36 
0 0 0 0 539 0 0 10 469 0 0 438 575 363 47 137 0 809 0 321 0 129 0 999 0 531 83 749 735 360 859 0 373 980 8 0 495 722 0 723 264 976 0 990 0 0 14 0 355 505 59 483 680 743 427 397 151 0 587 0 363 610 678 0 455 332 680 0 113 223 838 0 735 712 0 55 209 330 19 18 528 764 984 230 689 0 0 425 569 0 929 990 974 0 839 280 0 321 0 815 261 553 228 219 433 0 0 0 590 155 0 786 613 591 514 482 0 0 939 391 0 198 0 0 0 835 542 0 164 0 198 774 695 0 949 702 11 0 993 270 842 687 0 650 261 0 0 637 989 348 
254 0 0 0 0 343 969 676 39 39 558 610 781 889 865 213 616 289 609 884 26 813 475 0 0 388 0 376 735 0 960 667 958 878 401 0 240 292 28 211 346 0 811 374 452 921 984 989 279 83 1000 0 0 904 230 487 722 198 540 168 849 102 27 724 722 7 813 300 707 544 103 703 88 734 13 40 0 392 931 0 0 467 538 0 322 20 290 392 271 361 671 0 0 0 122 0 0 718 361 938 397 280 517 0 0 0 0 718 284 602 716 0 361 0 852 84 734 0 652 705 691 719 599 85 766 731 0 308 691 561 245 626 955 631 573 0 0 0 801 0 942 0 745 595 403 395 682 0 0 131 
66 494 442 312 0 0 989 187 32 238 839 11 953 872 980 0 36 275 845 895 0 380 832 830 0 0 879 122 724 968 0 519 384 0 388 730 637 347 455 372 949 149 338 200 47 0 133 151 145 381 0 104 157 0 813 720 667 6 425 18 0 625 553 0 551 833 865 884 468 247 0 611 417 222 733 0 0 0 362 0 772 214 0 648 837 137 7 965 455 110 0 495 584 514 0 0 0 191 869 625 0 293 908 207 911 0 718 0 949 0 308 316 0 310 189 327 625 945 999 689 29 50 846 402 611 308 0 724 645 103 973 971 958 255 412 145 0 0 0 600 142 973 0 550 971 836 0 260 0 825 
844 362 0 378 839 0 642 104 0 0 209 0 781 0 846 0 11 501 179 988 0 0 481 336 84 64 0 499 296 0 306 231 716 0 669 195 989 0 910 468 816 778 22 241 657 942 0 0 0 37 182 108 0 833 0 227 316 4 0 125 166 946 42 433 187 936 44 865 283 291 0 436 0 0 900 679 0 758 0 570 597 660 401 956 221 122 0 555 319 894 892 0 205 323 100 0 0 329 0 0 0 0 475 0 667 590 284 949 0 0 0 154 0 0 0 0 0 979 0 0 186 19 15 0 894 597 0 117 108 535 43 396 0 0 767 0 0 214 731 169 679 0 616 0 43 131 646 0 305 0 
441 467 646 747 0 0 700 0 596 412 941 888 148 0 528 0 656 0 123 480 80 0 24 71 0 599 431 0 636 203 900 910 0 0 629 944 159 0 0 451 886 267 413 608 522 874 0 981 0 171 0 813 714 500 0 159 201 0 142 0 90 62 0 948 0 592 228 0 582 781 645 64 453 153 0 725 334 636 250 112 0 212 234 0 562 364 937 0 601 602 0 0 754 0 493 951 550 0 514 4 723 469 0 0 0 155 602 0 0 0 716 72 0 80 397 0 486 250 531 350 102 586 178 0 0 428 647 915 874 0 0 0 597 196 0 0 0 0 497 859 273 0 644 20 0 0 695 270 160 825 
0 0 774 0 670 841 0 692 190 139 0 953 960 75 0 0 334 914 737 0 382 425 0 61 898 579 655 542 0 0 0 0 20 0 199 626 108 680 201 655 204 617 45 594 461 478 772 0 55 25 732 784 736 696 647 0 0 902 959 575 940 386 0 865 273 0 663 632 658 0 13 579 0 0 140 118 0 876 622 0 754 306 760 0 256 0 115 803 464 900 655 259 0 220 814 696 0 575 142 867 0 0 979 196 558 0 716 308 0 716 0 812 991 0 550 731 821 186 514 548 212 314 96 534 481 0 0 0 541 0 233 413 539 622 973 982 760 272 951 231 598 260 653 488 816 210 33 673 776 403 
497 0 0 0 0 0 902 705 0 655 0 94 818 0 467 0 518 0 353 497 594 0 726 281 0 661 584 250 540 0 0 247 216 511 786 0 0 438 0 0 803 594 321 0 837 301 851 958 788 691 0 0 18 475 885 463 580 819 997 373 352 0 7 248 633 50 324 0 77 793 0 715 790 0 509 0 259 300 176 383 0 0 89 131 0 0 699 367 0 0 0 0 0 0 846 0 700 0 987 45 556 0 514 0 0 786 0 316 154 72 812 0 0 331 0 43 292 471 318 0 262 195 940 469 0 0 634 867 0 839 0 384 138 594 135 356 0 39 360 770 13 0 168 481 951 903 0 47 170 779 
393 0 208 888 889 0 0 498 0 961 611 0 434 211 308 644 795 504 996 671 0 70 582 170 370 158 687 158 0 649 615 0 939 846 0 0 445 268 864 56 881 831 929 784 0 0 0 0 0 0 511 563 201 0 804 949 782 985 776 0 21 2 0 347 0 532 554 893 800 250 872 539 268 400 675 78 776 362 943 0 0 0 277 547 958 829 858 165 364 0 764 878 623 716 801 957 157 306 296 217 480 334 0 428 0 613 361 0 0 0 991 0 0 0 697 0 182 571 841 0 806 310 0 0 549 864 179 162 0 874 710 154 177 938 111 418 0 0 0 234 0 569 0 0 67 0 0 960 291 417 
641 0 0 247 841 0 773 717 904 292 0 545 0 278 268 679 552 802 451 911 0 0 71 0 616 0 0 0 797 361 900 339 781 903 0 510 174 0 763 583 758 803 334 457 231 329 0 0 611 144 976 0 126 787 0 499 0 807 242 384 947 594 217 0 348 35 179 734 321 760 0 0 731 985 0 664 187 826 57 480 457 345 407 290 481 443 0 816 0 861 535 0 74 140 668 0 614 517 958 0 785 216 212 914 851 591 0 310 0 80 0 331 0 0 506 1 37 109 0 0 806 286 691 91 0 20 938 0 464 243 288 239 0 789 100 0 185 563 835 969 177 73 0 802 0 887 504 0 365 100 
203 478 0 695 0 654 15 894 0 0 436 907 763 358 0 459 790 0 419 195 936 341 225 0 284 362 397 797 896 359 310 640 303 370 566 0 785 0 0 149 860 0 0 0 0 774 433 993 814 746 77 147 364 0 381 0 298 0 0 566 460 0 462 676 323 192 0 213 322 709 115 325 50 898 866 208 648 474 0 698 0 184 65 0 229 0 0 0 854 614 0 506 977 743 299 0 658 0 52 607 540 312 129 139 0 514 852 189 0 397 550 0 697 506 0 225 188 99 691 970 839 526 681 283 0 203 465 947 35 0 85 945 634 493 0 0 919 839 0 189 0 943 419 802 0 285 877 370 0 967 
0 113 81 350 548 0 0 0 519 0 991 0 0 0 908 0 0 363 143 574 481 554 588 128 140 911 718 192 349 329 364 217 623 0 0 410 341 652 946 722 237 462 600 353 856 0 849 223 829 969 335 703 20 998 0 0 407 904 0 331 652 0 385 0 692 0 0 55 579 0 446 1000 0 133 0 653 440 53 492 125 0 328 71 633 0 0 0 111 907 0 412 819 0 675 297 956 185 0 381 458 444 0 0 40 0 482 84 327 0 0 731 43 0 1 225 0 247 404 0 180 0 0 0 0 0 0 0 985 663 775 108 0 856 601 500 0 0 413 535 0 82 167 208 346 933 573 311 525 0 0 
887 138 0 416 0 528 477 0 0 481 0 737 892 961 303 52 0 0 757 0 655 0 751 0 118 758 0 0 435 84 417 509 0 773 968 0 56 608 549 650 200 740 0 759 508 66 283 68 281 682 755 152 0 0 0 0 0 0 109 149 0 0 793 0 0 0 0 762 0 426 0 0 355 0 0 0 980 0 0 566 426 447 985 232 0 0 0 330 869 754 470 407 610 232 717 129 0 934 0 622 971 0 477 132 363 0 734 625 0 486 821 292 182 37 188 247 0 0 0 321 966 405 914 629 0 597 904 459 565 901 624 0 0 628 275 0 763 271 171 0 911 0 0 102 349 648 775 357 0 81 
774 0 500 477 0 417 515 0 0 0 781 0 718 0 812 237 0 0 842 89 55 0 366 0 376 0 0 0 350 29 449 391 58 0 274 840 0 125 0 0 147 583 0 772 234 0 0 93 972 451 459 590 709 0 160 0 0 996 719 0 411 0 0 717 837 0 298 273 0 658 168 587 713 0 0 669 783 928 297 793 138 353 33 423 0 659 0 241 0 134 339 758 0 410 651 817 26 0 718 0 994 414 979 0 939 0 0 945 979 250 186 471 571 109 99 404 0 0 378 403 529 331 867 78 0 0 655 318 267 0 145 458 0 458 663 0 0 0 24 484 808 640 492 0 26 234 872 486 222 0 
0 0 0 0 887 0 0 0 0 0 0 755 0 268 195 851 438 494 728 596 891 584 0 0 580 0 866 356 0 478 204 0 671 870 452 0 0 733 0 0 856 687 16 0 352 0 358 0 305 0 380 797 934 0 208 0 991 425 871 144 842 567 0 526 653 433 97 825 805 0 0 83 664 925 849 0 804 651 452 934 0 969 460 0 116 468 81 603 296 513 58 406 715 0 896 99 678 126 115 684 541 0 510 0 0 939 652 999 0 531 514 318 841 0 691 0 0 378 0 208 385 208 123 660 70 0 194 940 48 784 546 28 591 632 818 799 615 0 491 293 44 357 796 779 0 0 72 0 233 677 
731 419 61 860 405 402 607 190 275 73 771 588 183 411 0 119 972 905 389 0 584 128 0 329 644 0 467 0 0 0 993 795 943 754 23 132 153 503 0 0 0 298 331 0 503 0 0 48 474 640 0 545 891 49 0 909 779 0 963 395 0 515 0 0 0 0 11 0 0 43 550 0 410 0 789 623 0 2 333 962 0 477 190 196 164 549 762 406 0 0 430 0 392 327 957 866 925 0 881 0 819 215 20 0 75 391 705 689 0 350 548 0 0 0 970 180 321 403 208 0 323 778 989 180 86 967 468 0 764 661 982 562 242 861 104 681 713 20 991 351 0 660 192 265 472 609 42 0 2 0 
296 65 390 249 158 919 790 394 594 664 521 0 0 0 819 0 541 0 774 0 354 926 171 422 174 936 0 481 639 0 0 353 799 746 203 610 695 771 0 0 610 0 0 0 817 0 614 546 450 828 696 999 126 87 136 298 906 142 773 0 258 0 730 0 421 47 0 115 0 127 312 634 269 565 675 777 0 50 0 751 0 512 0 26 659 264 701 0 586 0 564 413 965 122 0 740 564 0 341 890 128 242 938 625 369 0 691 29 186 102 212 262 806 806 839 0 966 529 385 323 0 588 396 582 501 991 803 298 0 581 0 544 0 517 0 225 847 874 546 0 153 329 735 169 343 140 560 990 265 90 
290 580 0 491 715 0 0 0 712 0 368 316 794 0 0 0 517 0 286 256 0 0 65 0 350 515 751 0 0 119 0 0 660 674 596 55 19 840 780 44 146 110 0 681 0 323 25 120 482 99 0 0 839 637 696 557 699 852 504 0 229 0 560 0 763 456 258 484 367 0 203 0 0 641 371 437 0 884 681 730 159 100 0 360 928 0 504 304 711 905 283 783 868 412 481 0 494 699 0 0 0 350 0 0 0 198 719 50 19 586 314 195 310 286 526 0 405 331 208 778 588 0 354 0 576 0 0 430 0 582 906 314 0 34 799 0 948 234 0 353 474 660 870 991 0 497 546 487 288 0 
0 0 658 945 0 0 0 0 208 0 870 330 886 0 213 514 0 219 599 727 0 609 603 249 0 0 585 448 0 0 0 685 185 722 837 0 726 271 83 0 0 605 217 612 0 0 0 964 930 517 180 196 372 0 618 820 327 0 391 218 836 494 216 777 457 446 0 271 766 64 0 759 757 930 0 327 0 139 558 365 626 930 111 0 332 0 308 516 353 455 46 0 227 212 78 635 0 0 840 846 0 0 181 531 347 0 599 846 15 178 96 940 0 691 681 0 914 867 123 989 396 354 0 0 996 135 375 634 71 17 613 775 819 525 0 0 353 520 413 0 0 760 0 772 0 807 710 707 0 674 
3 462 951 0 576 692 0 288 79 0 832 668 192 85 494 0 382 600 768 101 850 854 172 0 596 534 0 0 170 364 0 284 655 266 74 525 725 228 226 451 901 546 570 676 558 0 22 0 15 562 161 86 0 669 422 90 653 0 481 594 0 470 670 573 1000 1000 825 710 987 834 0 356 980 266 914 0 828 0 603 212 491 594 993 397 0 0 0 650 388 423 0 0 426 705 828 88 0 952 5 0 635 239 123 535 22 0 85 402 0 0 534 469 0 91 283 0 629 78 660 180 582 0 0 0 698 526 0 295 0 414 87 981 849 0 138 940 0 428 937 248 991 0 0 952 739 0 378 0 0 323 
0 842 459 379 8 613 0 438 91 155 432 0 190 286 525 829 881 0 391 0 556 0 929 699 331 0 971 54 161 978 0 888 828 153 237 556 0 842 383 372 526 141 0 455 677 241 122 832 0 0 468 0 0 91 39 0 0 760 0 0 0 198 0 0 296 0 0 256 572 301 573 0 308 0 0 0 405 585 0 0 83 0 235 463 671 0 233 517 545 144 0 371 261 883 815 91 237 125 637 0 803 494 98 782 227 0 766 611 894 0 481 0 549 0 0 0 0 0 70 86 501 576 996 698 0 688 0 468 34 580 0 0 812 0 0 596 0 0 702 977 0 64 805 890 97 645 128 448 221 269 
227 113 721 0 102 0 464 104 0 0 273 0 161 0 904 0 770 686 955 62 0 806 662 0 0 491 349 472 571 748 626 569 0 368 270 746 0 0 190 446 794 739 656 0 0 297 0 880 0 397 925 351 266 0 906 856 750 0 516 401 0 0 600 0 860 0 0 0 0 493 551 709 722 0 551 616 449 0 316 0 972 736 379 34 0 805 280 0 495 102 0 201 0 804 350 0 0 41 394 531 659 468 0 0 0 835 731 308 597 428 0 0 864 20 203 0 597 0 0 967 991 0 135 526 688 0 0 0 461 865 803 0 0 73 845 423 0 974 335 0 783 683 417 942 513 0 546 623 0 0 
0 384 921 669 173 812 789 76 423 6 762 660 304 120 175 643 304 108 779 391 332 0 37 520 918 0 928 0 0 644 0 748 840 0 812 103 155 193 0 0 35 255 0 696 0 378 474 0 579 180 660 1 37 177 910 198 709 627 951 966 842 201 0 602 355 569 286 276 555 947 120 194 570 850 0 320 818 417 219 0 295 763 779 355 526 471 596 36 0 297 0 383 0 269 646 234 0 0 669 0 62 0 167 133 0 542 0 0 0 647 0 634 179 938 465 0 904 655 194 468 803 0 375 0 0 0 0 0 724 102 69 76 0 658 963 0 686 113 0 339 766 490 0 55 261 767 214 175 539 783 
966 0 411 0 0 666 782 654 226 736 443 35 882 395 0 452 9 731 0 573 551 24 62 0 919 0 764 0 0 608 859 0 468 22 0 0 594 0 0 0 134 627 0 413 873 421 0 822 693 842 353 296 191 692 276 396 0 0 0 522 333 647 118 585 354 668 953 773 924 0 0 533 0 397 694 991 0 860 331 676 0 629 48 752 0 0 0 0 412 0 731 982 481 236 364 0 958 62 0 0 0 0 379 548 49 0 308 724 117 915 0 867 162 0 947 985 459 318 940 0 298 430 634 295 468 0 0 0 65 212 0 232 0 0 232 470 0 827 784 189 110 889 681 0 687 139 729 0 559 0 
0 460 456 0 0 0 319 0 318 263 230 938 156 0 331 68 649 538 0 0 0 879 590 458 578 0 130 0 999 0 920 0 813 0 63 848 758 127 0 361 0 490 88 748 0 0 0 837 574 349 751 0 0 487 762 566 0 646 0 429 742 337 603 146 985 221 148 728 92 254 987 159 0 350 0 0 415 0 412 440 962 827 879 0 758 46 0 859 820 132 835 939 398 96 791 0 391 738 244 174 0 913 701 857 242 164 691 645 108 874 541 0 0 464 35 663 565 267 48 764 0 0 71 0 34 461 724 65 0 0 184 0 382 505 748 463 0 20 0 801 818 852 862 0 797 917 0 854 887 0 
573 745 0 0 760 277 0 985 647 648 0 0 847 0 638 562 0 0 567 994 0 947 385 527 0 130 584 537 657 163 0 0 0 41 469 0 0 107 575 226 565 929 0 423 451 0 388 0 314 409 0 105 152 179 0 112 155 0 232 313 118 12 956 3 0 528 693 0 387 0 0 399 99 287 0 983 921 8 894 625 0 0 484 0 201 335 0 227 749 494 767 845 181 0 681 172 0 707 378 0 57 993 609 0 150 0 561 103 535 0 0 839 874 243 0 775 901 0 784 661 581 582 17 414 580 865 102 212 0 0 562 150 243 170 921 375 108 232 922 265 637 729 0 112 237 831 0 416 0 0 
0 0 639 94 444 0 297 96 0 940 625 7 463 396 958 0 0 817 332 241 0 497 657 334 295 0 967 954 311 865 468 529 0 568 396 168 271 0 0 216 407 894 0 186 0 584 260 0 0 117 724 717 757 443 966 173 406 0 462 665 302 943 456 573 0 318 990 715 0 66 458 585 459 0 843 483 365 577 0 489 708 920 973 949 0 413 303 634 0 732 0 0 73 0 0 926 902 646 991 230 755 0 409 445 340 198 245 973 43 0 233 0 710 288 85 108 624 145 546 982 0 906 613 87 0 803 69 0 184 562 0 350 0 479 116 216 0 475 0 99 153 656 347 814 509 435 601 863 796 611 
0 666 0 615 590 803 0 940 0 745 79 318 0 310 0 0 0 0 876 0 342 438 668 0 460 76 0 961 905 958 496 0 0 731 197 0 425 0 0 0 42 643 482 56 0 0 653 0 414 802 671 455 471 505 541 227 824 333 478 277 0 0 360 0 0 355 443 851 0 589 916 669 575 615 71 0 0 0 876 159 86 133 290 914 185 0 239 0 232 429 178 228 0 700 0 100 0 777 0 766 626 834 777 0 207 774 626 971 396 0 413 384 154 239 945 0 0 458 28 562 544 314 775 981 0 0 76 232 0 150 350 0 0 0 0 130 439 738 0 451 347 0 318 365 911 774 658 290 969 509 
97 0 577 102 743 929 0 374 115 458 568 554 795 250 0 503 918 0 191 441 0 407 419 76 0 637 0 29 0 872 73 0 734 0 647 0 60 0 352 211 415 753 127 491 414 0 273 160 0 0 0 357 432 866 47 0 496 945 197 454 452 256 831 856 27 0 309 254 0 277 0 279 739 551 730 776 0 444 241 36 937 0 989 774 370 0 184 0 0 61 341 97 504 688 0 503 475 0 560 0 687 0 0 0 242 695 955 958 0 597 539 138 177 0 634 856 0 0 591 242 0 0 819 849 812 0 0 0 382 243 0 0 0 232 733 0 0 635 539 285 583 718 115 645 700 376 54 256 0 0 
0 671 49 379 356 0 685 0 934 0 960 657 296 693 149 780 521 907 689 912 857 380 604 606 0 240 0 406 960 489 615 226 480 946 716 0 108 977 594 588 0 0 13 657 787 0 665 0 910 310 583 272 535 19 220 0 165 75 0 709 0 173 428 414 636 874 663 574 683 640 460 0 605 0 184 164 88 284 788 942 33 291 108 329 0 0 137 794 963 325 611 295 631 0 900 484 326 99 411 269 0 276 0 669 743 0 631 255 0 196 622 594 938 789 493 601 628 458 632 861 517 34 525 0 0 73 658 0 505 170 479 0 232 0 44 881 0 0 0 270 921 588 0 0 38 370 358 890 946 217 
585 310 889 887 19 0 690 0 356 0 943 143 477 228 73 0 394 692 878 0 151 0 822 971 322 0 457 0 0 441 0 408 60 459 0 908 286 251 810 964 0 0 708 632 0 913 463 321 0 0 1 293 305 0 319 57 219 849 131 23 835 0 423 0 775 576 638 524 277 0 496 94 142 0 0 0 0 650 622 127 837 635 0 237 858 267 706 0 440 630 139 0 0 0 0 331 0 870 232 583 0 0 292 509 561 949 573 412 767 0 973 135 111 100 0 500 275 663 818 104 0 799 0 138 0 845 963 232 748 921 116 0 733 44 0 0 959 762 710 85 0 0 698 307 329 834 192 0 657 0 
938 283 740 335 800 0 104 0 0 950 469 0 134 0 257 0 215 460 868 0 0 498 0 242 0 0 53 0 753 764 808 0 519 0 0 580 802 393 0 0 266 0 861 615 784 0 327 0 439 381 964 445 0 0 591 0 0 0 363 213 166 0 0 283 144 290 539 0 79 540 141 818 424 626 537 783 190 0 646 959 418 48 0 0 745 857 633 282 0 483 0 670 600 410 147 0 185 874 99 191 0 0 0 0 0 702 0 145 0 0 982 356 418 0 0 0 0 0 799 681 225 0 0 940 596 423 0 470 463 375 216 130 0 881 0 0 0 464 34 963 0 209 763 339 782 0 192 191 0 887 
0 0 120 50 787 803 445 789 428 433 604 104 0 525 936 28 981 0 513 0 381 743 746 158 791 930 502 0 846 622 0 217 202 0 222 0 66 349 553 850 861 983 0 0 888 0 66 0 761 185 800 0 478 961 820 777 0 0 0 952 3 0 987 476 0 295 637 817 71 720 0 809 255 0 476 0 494 633 936 0 0 313 0 938 760 559 8 0 285 0 0 66 220 206 497 0 0 34 155 299 391 189 45 0 51 11 0 0 0 0 760 0 0 185 919 0 763 0 615 713 847 948 353 0 0 0 686 0 0 108 0 439 0 0 959 0 0 485 686 339 0 139 742 0 0 73 198 0 363 507 
190 858 0 0 0 0 573 204 26 0 0 481 894 0 604 427 423 538 556 625 0 309 0 254 383 0 0 396 0 235 700 925 600 771 68 391 812 397 30 0 0 0 921 590 0 0 905 106 742 867 135 0 0 0 818 767 745 0 0 982 27 0 638 726 0 325 915 96 124 310 365 352 324 724 588 100 999 0 0 0 0 51 482 291 0 275 407 118 75 276 192 96 151 675 979 70 0 654 726 639 388 0 203 520 546 0 0 0 214 0 272 39 0 563 839 413 271 0 0 20 874 234 520 428 0 974 113 827 20 232 475 738 635 0 762 464 485 0 0 369 213 346 273 479 612 461 0 813 411 142 
767 428 852 0 846 0 0 373 610 880 171 908 813 669 711 779 84 888 981 911 87 412 349 536 0 506 0 0 237 304 443 348 971 157 650 0 0 0 0 0 902 178 634 659 0 0 0 714 86 981 321 293 113 861 0 605 889 724 0 0 971 317 155 961 888 0 828 114 493 38 394 487 0 0 37 0 989 0 0 99 589 519 190 204 0 0 393 0 684 0 503 0 0 969 217 305 0 52 243 127 0 670 399 198 0 993 801 0 731 497 951 360 0 835 0 535 171 24 491 991 546 0 413 937 702 335 0 784 0 922 0 0 539 0 710 34 686 0 0 301 0 0 321 179 0 864 0 638 222 0 
562 590 362 0 928 923 193 112 517 116 739 438 139 0 77 4 884 244 890 0 116 0 0 770 176 450 445 928 172 20 799 0 0 441 976 972 615 0 0 26 320 601 981 825 129 691 378 267 498 32 0 0 0 433 481 469 908 242 780 514 0 76 0 0 322 806 0 0 622 406 673 40 990 795 610 252 415 494 784 698 0 0 0 0 274 0 14 0 924 656 0 457 34 0 613 0 911 0 985 362 14 462 809 499 0 270 0 600 169 859 231 770 234 969 189 0 0 484 293 351 0 353 0 248 977 0 339 189 801 265 99 451 285 270 85 963 339 369 301 0 78 389 458 0 0 0 0 354 414 83 
147 0 894 728 36 271 561 139 0 226 997 68 0 969 606 0 589 582 998 476 947 0 418 595 748 187 54 376 0 584 432 283 623 0 13 797 579 0 0 864 0 342 115 25 183 314 249 33 800 0 629 876 0 909 0 824 777 0 110 5 290 936 549 620 0 0 0 383 0 237 833 0 406 0 782 271 789 0 237 294 575 0 539 755 854 310 827 0 0 566 669 808 602 857 0 997 0 422 927 790 962 853 343 0 0 842 942 142 679 273 598 13 0 177 0 82 911 808 44 0 153 474 0 991 0 783 766 110 818 637 153 347 583 921 0 0 0 213 0 78 0 173 900 706 82 719 168 369 357 125 
0 551 334 492 1 774 0 835 587 0 0 389 685 559 88 508 455 127 0 2 0 314 364 901 0 134 518 409 432 266 0 989 987 849 0 607 0 0 411 0 565 708 489 585 176 329 237 0 103 0 844 0 166 644 437 497 0 0 183 319 360 601 53 0 569 628 13 0 305 484 338 994 443 0 526 283 985 306 349 569 153 0 83 124 651 0 73 390 3 0 632 0 934 522 559 561 0 0 151 426 446 45 0 60 0 687 0 973 0 0 260 0 569 73 943 167 0 640 357 660 329 660 760 0 64 683 490 889 852 729 656 0 718 588 0 209 139 346 0 389 173 0 0 743 434 237 591 734 602 0 
0 515 885 298 297 231 0 663 0 598 61 637 320 0 857 913 730 309 0 271 38 0 0 648 284 527 0 727 555 699 316 0 206 0 148 212 306 0 0 681 719 0 0 288 0 334 0 896 0 0 0 0 0 572 279 0 0 0 0 527 0 0 960 0 0 0 521 168 902 569 336 894 0 564 556 0 0 215 0 0 274 434 930 137 544 0 938 227 340 0 879 855 574 506 0 947 204 822 641 0 0 94 0 840 593 0 745 0 616 644 653 168 0 0 419 208 0 492 796 192 735 870 0 0 805 417 0 681 862 0 347 318 115 0 698 763 742 273 321 458 900 0 0 934 99 445 921 528 225 803 
951 0 579 994 195 2 412 0 0 0 496 654 675 0 934 541 0 0 971 0 488 606 0 0 928 526 756 554 959 0 822 0 694 595 0 407 352 381 0 354 73 0 318 90 927 169 409 453 786 292 320 552 79 549 99 961 783 922 551 0 0 382 150 381 747 694 717 0 698 997 779 39 77 12 550 729 199 337 949 0 527 329 0 83 796 0 0 484 156 276 121 0 911 1 668 819 0 361 90 857 572 879 0 0 734 650 595 550 0 20 488 481 0 802 802 346 102 0 779 265 169 991 772 952 890 942 55 0 0 112 814 365 645 0 307 339 0 479 179 0 706 743 934 0 459 616 0 0 0 0 
0 0 0 581 390 561 195 124 303 837 546 435 343 0 0 267 0 583 442 34 417 0 0 735 119 0 26 444 0 331 333 543 132 0 0 866 203 917 241 68 200 180 0 0 0 258 77 359 642 495 105 390 907 0 0 399 29 247 171 295 1 92 0 0 190 551 0 0 94 529 0 812 613 0 0 0 0 0 0 225 524 296 590 584 0 0 237 0 222 165 331 244 379 0 465 0 881 948 57 708 407 0 0 0 440 261 403 971 43 0 816 951 67 0 0 933 349 26 0 472 343 0 0 739 97 513 261 687 797 237 509 911 700 38 329 782 0 612 0 0 82 434 99 459 0 133 137 186 638 329 
230 0 46 0 0 69 211 819 83 859 580 497 0 322 0 0 191 990 0 401 883 984 0 421 0 671 0 0 374 0 236 846 460 0 0 833 421 132 222 419 0 405 981 200 0 839 325 463 0 0 221 618 0 379 473 0 949 115 0 0 496 588 315 0 0 735 0 488 196 0 927 0 46 623 554 524 209 0 0 399 225 0 98 0 939 794 84 588 0 114 541 44 962 809 681 893 0 743 686 0 868 241 751 599 38 0 395 836 131 0 210 903 0 887 285 573 648 234 0 609 140 497 807 0 645 0 767 139 917 831 435 774 376 370 834 0 73 461 864 0 719 237 445 616 133 0 736 687 547 0 
14 348 0 881 888 733 228 0 0 0 423 0 0 189 992 0 576 0 958 462 677 0 209 897 0 0 790 371 644 612 0 855 391 0 976 326 993 184 45 0 809 344 957 598 530 319 0 0 0 913 754 0 0 0 623 377 525 367 277 863 186 462 492 963 89 830 524 304 302 443 704 539 0 267 0 198 360 809 0 0 894 694 0 932 306 598 975 788 913 177 427 420 46 374 0 71 505 0 0 0 851 0 709 0 178 0 682 0 646 695 33 0 0 504 877 311 775 872 72 42 560 546 710 378 128 546 214 729 0 0 601 658 54 358 192 192 198 0 0 0 168 591 921 0 137 736 0 705 0 797 
113 375 0 654 705 83 359 548 112 903 0 0 507 591 0 617 443 0 0 0 718 458 214 662 727 112 807 229 831 161 0 719 0 532 330 960 311 25 621 0 451 0 0 0 0 0 0 270 875 364 401 122 129 174 393 0 926 511 364 0 0 0 467 275 0 435 620 515 0 954 402 632 772 675 96 70 0 969 0 583 722 556 678 0 889 0 235 675 0 13 651 929 873 478 741 933 93 959 196 938 524 402 843 256 777 637 0 260 0 270 673 47 960 0 370 525 357 486 0 0 990 487 707 0 448 623 175 0 854 416 863 290 256 890 0 191 0 813 638 354 369 734 528 0 186 687 705 0 0 53 
0 0 819 392 734 519 609 0 386 316 0 0 870 164 580 924 148 87 308 528 38 879 252 151 0 292 910 302 565 424 185 0 627 930 0 0 0 803 348 0 616 882 746 62 313 750 0 369 160 626 869 345 403 0 0 600 0 681 826 0 796 442 697 775 0 0 820 896 945 0 929 859 767 98 0 845 397 0 0 435 0 604 348 241 0 343 0 397 204 282 239 815 251 0 598 0 0 210 616 0 767 672 0 376 202 989 0 0 305 160 776 170 291 365 0 0 0 222 233 2 265 288 0 0 221 0 539 559 887 0 796 969 0 946 657 0 363 411 222 414 357 602 225 0 638 547 0 0 0 0 
206 16 0 0 939 999 494 0 0 752 130 61 0 0 0 323 969 601 951 948 822 88 320 837 793 0 283 906 0 11 0 946 0 459 175 795 72 0 0 603 0 0 259 121 234 677 344 0 0 485 679 695 168 31 0 319 828 0 905 448 989 826 333 0 0 656 925 710 44 250 0 825 896 0 76 386 0 513 810 0 0 106 484 0 0 950 688 0 79 166 683 317 472 583 0 755 846 0 991 150 715 604 0 96 36 348 131 825 0 825 403 779 417 100 967 0 81 0 677 0 90 0 674 323 269 0 783 0 0 0 611 509 0 217 0 887 507 142 0 83 125 0 803 0 329 0 797 53 0 0 
