4292624026
4290009792
4289502074
4286374289
4285258315
4281665424
4281256306
4278120165
4276583713
4276486453
4276284432
4276110144
4274950561
4273273620
4270507168
4270106681
4269134521
4264283137
4263546674
4263446274
4262909568
4261846417
4261733153
4260765726
4260023578
4259928666
4259694557
4258805716
4257459097
4254151649
4252192418
4251075204
4248534898
4247936777
4247047698
4245469212
4243854676
4243587912
4243337088
4243293994
4242143350
4239756701
4238570821
4235909111
4235488334
4233883328
4232949225
4232750497
4230246964
4229434429
4229093467
4228358110
4227811998
4226200561
4225411239
4223464367
4221836810
4221502733
4220611616
4220510754
4219951919
4217713350
4217655164
4216975970
4216420280
4215740489
4214090248
4214040188
4212365736
4212292314
4212265945
4211321542
4211051191
4207731117
4207635324
4207000292
4206648613
4206362070
4205990354
4204316769
4199589827
4199415137
4199136065
4198626365
4198461957
4197894497
4194969491
4193817032
4193688514
4192339316
4189231164
4187691267
4187372277
4187048211
4184409731
4184321848
4184202878
4183765664
4183664435
4182992158
4182715191
4182686171
4182484749
4182338045
4181388995
4181119832
4180723034
4180293533
4178977257
4178467932
4178085938
4177050902
4176792242
4176577586
4176313692
4176025464
4175473599
4173765219
4173055117
4173030924
4172395924
4172039116
4171764911
4171098896
4170428497
4169284244
4169087988
4169004862
4168035943
4167836468
4167056799
4166842306
4165046352
4162724123
4161587009
4160632530
4160384538
4158944849
4158068056
4157776651
4157679210
4156196149
4155937683
4155327651
4155316522
4154390583
4151705095
4151063657
4149256166
4149059022
4148558480
4148136835
4147335423
4146851159
4146531634
4145835754
4145136108
4143175869
4142984256
4141045372
4140274802
4137661898
4135367841
4134535928
4133680549
4133523920
4133168065
4132486636
4130988079
4130462365
4129060117
4128241874
4126692191
4126415729
4126084911
4122206674
4121945231
4120736951
4120248989
4119788025
4119057762
4117423460
4116974038
4116588012
4116394602
4114972306
4114113470
4113223033
4112835124
4112187004
4108837746
4108107449
4107471175
4107191313
4105643565
4103238682
4103223716
4102232446
4102210838
4101735324
4101645196
4098632929
4097823149
4097598502
4097300672
4096744735
4096135466
4094735130
4091837190
4090607541
4090448381
4089835757
4088743093
4086022933
4085754204
4085722632
4084879462
4084546418
4084352934
4083388501
4082520938
4080752583
4079686853
4079067376
4078413220
4077738180
4074698565
4073214963
4073115043
4072821403
4071668735
4071626017
4070441756
4070393420
4068187055
4067388631
4066645252
4063842285
4061616011
4061495738
4061083842
4056697956
4054843631
4054356217
4054025845
4053997718
4053879156
4051676842
4051078989
4048578669
4048076155
4045825694
4045773305
4045031942
4043067635
4042322340
4041842507
4041618179
4039508944
4039393947
4036905705
4035351474
4035192448
4034955999
4032282837
4031856632
4029969474
4029333346
4028423318
4028001506
4027472375
4025883625
4025868832
4024414316
4023353281
4021731822
4019634439
4019553223
4019322422
4018341268
4017473519
4016681576
4016499673
4016230154
4015043300
4014121200
4012781895
4010939588
4010703916
4009282057
4007176442
4006451829
4006223803
4005662937
4004768936
4001651782
3999653743
3998724571
3996400783
3996365401
3995833918
3994480973
3994312665
3993529757
3988559998
3986753062
3985531632
3983534393
3983225334
3982407627
3981181130
3979727192
3978780773
3977930829
3977688481
3976504856
3968734131
3968013542
3963505652
3962018698
3961964288
3961639187
3961177575
3957727460
3957470091
3955935586
3955182308
3954978137
3954151593
3953199641
3951411072
3951318964
3949825717
3948574527
3944743402
3939575638
3938465146
3937927683
3936252808
3935716963
3934148413
3933682102
3932524656
3932154015
3929498801
3929341453
3928804769
3927809464
3924758287
3921619606
3920691302
3920552939
3920326615
3918633934
3917688002
3917596962
3917121792
3916408932
3916277048
3916018476
3915752464
3915161021
3914677972
3912827516
3912471910
3911420879
3911125921
3911008968
3910898418
3910750123
3904558402
3904310682
3903546469
3901873615
3900390128
3899741241
3898485615
3897812615
3896522812
3894678369
3893149034
3892507276
3888972993
3887756654
3887054239
3882954324
3882198440
3881095959
3879899053
3878972043
3878550246
3876128903
3875067448
3873241005
3872880496
3872873339
3870324606
3869996255
3868981281
3868371651
3868214663
3866532347
3866014975
3864912638
3864694997
3864101468
3863698963
3860623867
3860576989
3859340446
3856244976
3854273897
3852227939
3851169398
3850734297
3850508641
3850412321
3850273988
3849527358
3848194743
3848178186
3847790045
3845212896
3844558089
3843968528
3843753600
3842094575
3841671323
3840108146
3838757688
3838420403
3836016611
3835007915
3834572625
3833475974
3832132452
3831097391
3830054582
3828371168
3828135103
3826658947
3824978621
3824045188
3822075358
3821724764
3821608184
3819637764
3817087021
3815755473
3815217831
3814789295
3814055498
3812664971
3810723467
3809245522
3808955596
3807751742
3806742742
3806188998
3806023290
3805238694
3804410653
3804015944
3803556093
3801850922
3799850266
3798731824
3798408844
3795818650
3793801162
3793468990
3792908801
3792642519
3792281505
3791995970
3791188276
3790712022
3789053429
3788814830
3787623698
3787103400
3786737538
3786026683
3783954599
3780493955
3778674972
3778539137
3778346496
3778135812
3775387076
3775285921
3774599454
3774314539
3773064667
3772795699
3772301833
3771838317
3771230339
3769641112
3769632224
3769257406
3768912162
3768621231
3767349325
3765805167
3764737663
3762170900
3755888716
3752492640
3751588005
3750853247
3750718421
3748420495
3746515677
3742161334
3741171434
3740462951
3738836216
3736774060
3735101555
3734336691
3733477007
3732572959
3732070184
3731497220
3729759245
3725127219
3721312527
3720475412
3720194046
3718170274
3717830149
3717500686
3716981446
3716939748
3716733005
3715515203
3715511902
3714965274
3714071683
3706786266
3706213029
3703210987
3699331826
3698829879
3698551001
3698281525
3697158446
3695345031
3694648450
3693782635
3692742263
3691296261
3688590570
3686875758
3686148416
3684321191
3682978723
3681788486
3680725201
3680609180
3679275600
3677268221
3675859316
3675325566
3674719359
3674496014
3673041643
3672631916
3671663594
3670423863
3670363727
3670270431
3668549929
3668306238
3667244273
3667165988
3665035158
3662604606
3662167933
3662058813
3661781727
3660221127
3658497942
3658178689
3658040977
3656372467
3651302643
3650933808
3650020935
3645202102
3644974506
3644050512
3642945490
3642624778
3642397842
3640710239
3640352486
3638618110
3637877528
3636981669
3636959077
3636948199
3634844516
3634612189
3634443094
3631947952
3630637317
3630603107
3630472848
3628656164
3628500592
3628392914
3627159585
3626659362
3626596382
3623841881
3623725533
3622747948
3622095942
3622061858
3621952224
3620642070
3619606440
3617119563
3617007924
3616103218
3615729945
3614704067
3613924801
3611711594
3611467036
3611178795
3609231513
3606751675
3605924326
3604568117
3604012854
3603312531
3603276822
3601671071
3601195926
3600015372
3598722508
3594742869
3594285446
3593757660
3593655321
3592765306
3592139072
3591750008
3591698274
3591504995
3590129876
3589910503
3589228852
3588197095
3587441001
3586797418
3584724270
3584490804
3584216711
3579434400
3579041723
3577863937
3575434878
3575295906
3573546071
3573473374
3572209798
3569716545
3567533944
3567016112
3566860775
3564383202
3563581069
3562341694
3562121757
3559261031
3558175867
3557210650
3555967927
3555308006
3554586735
3554223966
3550764254
3549743644
3548459573
3548157556
3545092855
3544518193
3542007184
3541975956
3541574821
3539471521
3539368486
3539324205
3536043144
3535800373
3535002166
3534935985
3534924290
3534411787
3532989365
3532467119
3532353908
3531051381
3530990717
3530232862
3529071533
3528482689
3526086554
3525121659
3523998376
3523307834
3522022863
3521286621
3519802917
3519523400
3518581251
3517890913
3515566231
3513817940
3512872663
3510725395
3509082274
3500539411
3500014800
3498769812
3498756270
3498735940
3498715182
3498573490
3498086568
3497767734
3497256671
3494386896
3493790396
3493658235
3493437501
3492618467
3491659512
3490914832
3488718295
3486177888
3485526603
3482912462
3481108992
3479579261
3478722354
3478489822
3477598796
3476845229
3476693968
3474582394
3472912555
3471318651
3469439959
3468294988
3467982836
3467699560
3466849616
3465415382
3464789405
3464728557
3464433230
3462644731
3461153812
3460531233
3456960148
3456491346
3456467262
3454579552
3452173589
3451302421
3451189530
3451072370
3450243892
3449335002
3449289869
3449210223
3449161053
3448205135
3448152393
3447893316
3447236977
3444571601
3443631126
3441490098
3440362175
3439022778
3436830405
3434764779
3434469539
3433638736
3432269417
3432155010
3429755429
3429560789
3427680133
3427625397
3426471420
3426005864
3424841320
3423571814
3423445941
3422442452
3421202434
3420665324
3419609671
3419408156
3418903046
3418724616
3417644559
3416339640
3416091142
3415781989
3413165521
3413101081
3410263159
3408492953
3408073235
3407689765
3406952165
3405976281
3405245382
3403909551
3399987815
3398384529
3397721774
3397700030
3396183080
3395217666
3394301001
3393660205
3393115619
3387874958
3385630873
3385595065
3385435960
3383230589
3381124066
3380018548
3378333771
3376827532
3375632021
3374273966
3373843477
3372918381
3372354148
3371876574
3366736181
3365934617
3365112331
3363352808
3363343840
3363282962
3361454090
3360203831
3357163039
3356279684
3354858289
3353517774
3353068685
3352000982
3350455784
3347821603
3346241570
3346167511
3345305193
3342130547
3340817725
3339607499
3336760689
3336434895
3336306566
3335592425
3335382053
3334292502
3332066120
3331879705
3331431806
3329539033
3329492108
3327594498
3326513704
3325633847
3325417752
3324835450
3322466071
3322163187
3321455920
3317946355
3316045445
3315619044
3314930341
3314190101
3312980884
3311670225
3310836697
3310644244
3310135829
3307315700
3307214494
3306844960
3304332846
3303464664
3303329357
3299076839
3297198677
3296233216
3296015325
3295742716
3293809685
3292335074
3292116560
3291116514
3291084085
3290993585
3290113224
3289891292
3288472747
3286758594
3286521207
3286450890
3285424147
3283480905
3283090390
3282090018
3281399660
3281281401
3280925875
3280394144
3280083155
3279799922
3274108034
3273645362
3271455879
3271212069
3270161120
3268791838
3268617502
3268139664
3268083272
3266179075
3265216459
3264439801
3264226706
3259573637
3259364676
3259090565
3258674577
3257729779
3256270354
3250898027
3250080051
3249403839
3249376683
3247787200
3247715952
3247222413
3245393913
3245288454
3245058714
3244543478
3244138661
3241910531
3241835661
3241826733
3241484506
3241244755
3239415826
3238089711
3235057070
3233246313
3232817059
3232093197
3231858971
3231035885
3230874547
3230134157
3229321639
3228468174
3227773551
3226484348
3225824274
3224366651
3223599326
3221217521
3221076718
3218754913
3218305908
3214457750
3213271686
3212709094
3212339369
3211927414
3211775872
3210935332
3209304612
3208290995
3208128596
3207478606
3206772690
3205767408
3202986637
3201754466
3199610315
3198898117
3197554726
3197497318
3197442178
3197209776
3196518325
3196216033
3193835984
3192058886
3191003213
3190999295
3190930231
3190116145
3189853168
3189070228
3189058966
3187722211
3187560777
3187299051
3186108828
3185232773
3183087919
3182151184
3175860122
3175128975
3173713933
3171852600
3171161909
3166305950
3165979186
3159142581
3157830383
3157451769
3156852979
3156340748
3155955379
3155706047
3155407831
3155150802
3154982594
3154315153
3153812989
3153791593
3152840823
3150992188
3149401285
3146825724
3146055512
3145826924
3145352669
3145150115
3144841481
3142219371
3141255890
3139759097
3139062830
3138796814
3138281992
3138073788
3137545651
3136023120
3135598346
3135072271
3135010287
3134868829
3134802000
3134533876
3133653089
3131687726
3131329872
3130958349
3128357783
3127496280
3126075585
3123695363
3122702695
3122136697
3121278078
3119098761
3118621848
3113529199
3113070511
3112290349
3110839343
3108507086
3107292087
3106874327
3105834680
3103513546
3103348687
3102377286
3102349718
3101723145
3101518034
3100738317
3100275533
3100049625
3099853993
3096534460
3095860761
3093966619
3093262263
3093080862
3090434015
3089386321
3088754226
3087768354
3086751421
3086066146
3081583103
3080752878
3080672730
3079655010
3078256955
3076521540
3075713340
3074960377
3074857273
3073987452
3072497262
3072337155
3071534886
3069780078
3069218116
3068050292
3067899634
3067068491
3066143015
3065695285
3065628869
3065507711
3064728315
3063219786
3061465437
3061406512
3061327094
3058806744
3057623237
3057319737
3056481829
3056454936
3055350166
3054797562
3054606671
3052933473
3050430758
3050426994
3049351310
3045211096
3043366213
3036795645
3035920565
3035352520
3034693936
3034333678
3032937589
3032436008
3031860119
3030164822
3027869293
3027571850
3025885801
3023588698
3023563177
3023253141
3021072505
3019715898
3018537818
3017712690
3016654673
3016628994
3014863805
3014669777
3011957469
3011736626
3011711773
3006920908
3006031943
3005020993
3004806761
3003787487
3001522162
3001054541
3000615866
2999166630
2998180355
2997549752
2997298864
2997064407
2996703926
2996652222
2993696574
2991648598
2990243758
2989100031
2988482086
2987208189
2982528234
2981471558
2981027116
2979943927
2979792403
2979499835
2978110231
2977003634
2976522808
2976483961
2975390291
2974088529
2973320955
2972490749
2969900409
2969233749
2967835667
2967772254
2967653012
2966779881
2965744766
2965128127
2965093347
2964516873
2963685772
2961114522
2959763472
2959168453
2956468740
2954327728
2953743007
2953585515
2952349667
2950175104
2947547524
2946166658
2945859246
2944421775
2942744380
2941937259
2941661070
2941499169
2941029983
2940753146
2936841891
2936809522
2936773394
2935995318
2935418342
2935269419
2933383774
2932775252
2932756962
2931667437
2931059529
2930273394
2930253582
2929706017
2929556914
2927882003
2925402165
2924548535
2923919832
2922253998
2922074980
2921419798
2920320208
2920046127
2919310250
2918321989
2916837140
2914816722
2914605777
2914394898
2912131982
2911142959
2910776164
2910641078
2909515786
2907739184
2907505060
2906156386
2905982185
2905955773
2905472359
2904235532
2903394704
2898012557
2898002691
2896669437
2896599727
2896423066
2896234006
2895108732
2894773386
2893759577
2893038034
2892820232
2892779102
2891050194
2890936967
2889933836
2889011769
2888854196
2888478232
2887326814
2886742924
2885456292
2885106405
2884962170
2884289274
2883469255
2883233895
2882352143
2882267649
2881773022
2881156285
2880026345
2879895436
2879833734
2879680256
2878907395
2877585981
2875818493
2875670660
2875627523
2875510125
2874870399
2874145245
2873226281
2872545321
2869161746
2868012721
2867403891
2867130399
2865467792
2865318552
2865279221
2864447763
2863871656
2862768651
2860929714
2860418810
2859738410
2856394662
2854519494
2853572516
2853292482
2851223179
2848299189
2848136823
2848128077
2847196245
2846251277
2842125195
2841482902
2838237091
2836890780
2836496483
2835244387
2834406439
2832999502
2827920071
2826443637
2826279212
2825699090
2825598727
2825253566
2823514732
2823472980
2823384343
2823324780
2822233346
2821708147
2820686941
2820616796
2818167989
2817770606
2813928276
2812866627
2812792360
2812247916
2810863825
2808499213
2807969108
2806363833
2806247294
2804626771
2804373650
2804028334
2801636973
2800028706
2799524978
2798964048
2798862105
2796203388
2795078059
2794173232
2793722375
2793294879
2791494234
2791083519
2789637667
2789486857
2789415094
2784861855
2784722883
2784674005
2783869704
2782732484
2782514597
2782478800
2782342742
2781947840
2781912019
2781091579
2780829073
2780371708
2777586069
2776758113
2776739622
2776249611
2775420595
2774004355
2773435316
2770845569
2769595821
2768105088
2768089397
2764553012
2762443638
2762356687
2761522318
2761272642
2760962760
2760243447
2760023661
2759021010
2758384316
2757505331
2757353243
2757263009
2756543798
2755935721
2754238384
2753799079
2751074585
2749295396
2748072967
2745994709
2745129228
2744225894
2742879151
2742492059
2742460940
2741476838
2740131255
2738145630
2736963017
2734587236
2734538709
2733870256
2733432814
2733107570
2730132173
2729614861
2727601218
2725915262
2725348753
2724397895
2723894990
2723708822
2721885254
2721137318
2720404177
2718132887
2717444434
2715769579
2715181103
2714451957
2713102148
2712906318
2709341870
2709078181
2708035260
2707992019
2707667814
2707655589
2703843195
2701478029
2701401673
2700941944
2699869890
2698128231
2697973438
2697743750
2697080712
2694741676
2694349999
2692714197
2691472148
2690267801
2687998956
2687724523
2687387036
2687179271
2685770732
2684953199
2684251184
2683342641
2682848979
2681068024
2678710476
2678214814
2675659043
2674434611
2674134295
2671631341
2671346582
2666746644
2666581277
2666474507
2665711449
2665448282
2665383392
2663736446
2661426131
2659606407
2659555636
2659201030
2658821274
2658505484
2657978907
2654575959
2649912501
2649297516
2648655642
2648655318
2647247552
2646182428
2646027109
2643320478
2641522084
2640980760
2640947600
2638778236
2638768653
2637429337
2636770959
2636536660
2634973211
2627481866
2626736012
2626587046
2624745258
2623531961
2622070367
2619712735
2619032753
2618961284
2616828115
2615574192
2611877162
2607392354
2606958865
2606605589
2605325178
2604121790
2603538295
2602587002
2601309301
2600560431
2599679065
2598286902
2598182077
2597538424
2597243796
2595742373
2595271907
2593585600
2591974475
2591460570
2590895579
2590295882
2588482907
2588401441
2583311641
2582498274
2582096418
2578220535
2577282087
2576775977
2576492574
2576317085
2575820615
2575285106
2573436038
2572570139
2568514417
2568123146
2567827511
2567508206
2567244505
2566167960
2565955399
2564534614
2563947031
2562393231
2560576999
2559467470
2559025200
2558456168
2557863510
2557263392
2557124063
2557042692
2556185683
2555857733
2554993857
2553609415
2550324920
2548228583
2547507509
2547059356
2546690617
2544678816
2544288778
2542103374
2542026135
2540573428
2540120393
2537194051
2535325054
2533230906
2532263013
2530072885
2526670377
2526292795
2526193914
2526187860
2525357859
2523883836
2523456686
2521547480
2520399271
2520366558
2518830242
2517827405
2515490014
2515209825
2510242330
2510067024
2509572367
2509404349
2508772581
2508094800
2507626905
2505271355
2505097939
2504865091
2504480139
2504395197
2503331896
2502311390
2500789520
2500230369
2498649909
2496328121
2495429810
2495111998
2494087438
2494083264
2493533779
2492989972
2492830859
2492600438
2492050780
2489434664
2489065266
2487861619
2486762397
2486370385
2485639733
2482658800
2482501216
2482270996
2481634617
2481176075
2480565033
2479394786
2479365079
2478044676
2477461282
2476942647
2476646820
2473788370
2472411974
2470948169
2468049800
2467667852
2466115441
2465608182
2465404609
2464828146
2463862603
2462358734
2458095999
2456196959
2455996018
2455700548
2453272788
2452755103
2449080534
2448174751
2447684502
2446357455
2446146352
2445316265
2444629894
2443818596
2443742403
2442738260
2440299910
2438201908
2437014124
2433173813
2431942634
2431462730
2430408362
2429886877
2429660164
2427888859
2427610316
2424356244
2424149868
2423843186
2423349660
2422342039
2421161838
2421115446
2418713507
2417272275
2414508005
2414161448
2413925899
2413589901
2413587429
2412577187
2412504582
2412157841
2411343605
2405576844
2404867838
2404782950
2399983324
2399464371
2398313834
2397487483
2397076359
2395439832
2395430805
2393948741
2392644388
2392198558
2391978150
2389211718
2384474181
2383600451
2383533342
2383371350
2380859718
2379314993
2378161570
2377812420
2377763480
2377054968
2376731542
2375797235
2375742439
2375228378
2373898939
2373339827
2372617474
2372064958
2371260724
2369415914
2367947110
2364096670
2363337423
2361567843
2359731042
2359730225
2359707157
2359596728
2359151063
2358176418
2357618170
2356971762
2356650108
2356218868
2355317550
2352569610
2350510211
2347833079
2347515293
2347077947
2346709056
2346586329
2345850644
2345755086
2345235163
2344220545
2339453680
2337686778
2334685872
2334401722
2333990968
2333026543
2332027030
2331730011
2330966591
2330908796
2330779057
2330243345
2329692136
2328445222
2327755165
2327675700
2327394135
2327272567
2327178007
2326970762
2326945433
2326224523
2325349435
2325117927
2321818957
2321343969
2317174978
2315373020
2315297845
2314898380
2314098798
2313285898
2311946992
2311788851
2311053150
2309458191
2307434514
2307254888
2302511561
2300612134
2299977359
2298263348
2294539310
2293936219
2290347776
2290208711
2288300477
2287548760
2287446394
2287254358
2286616396
2284497323
2283607671
2283561074
2280264316
2280165863
2279702003
2278662842
2276453069
2275166119
2274195435
2273403961
2272183752
2269858442
2268962618
2267438458
2266745983
2264527166
2262896258
2262361773
2260347122
2257432413
2256912887
2255939761
2253441473
2253283877
2249906926
2249736022
2247125884
2246962277
2246611304
2246156080
2245550756
2245017091
2244420361
2242834786
2239498465
2237024435
2236370254
2236338410
2230880722
2229801039
2229458921
2228736053
2225967347
2225238693
2224324910
2224037908
2223552648
2222521234
2222385312
2221593613
2220996949
2219908007
2219691431
2218097179
2214694324
2211229644
2210778614
2210473533
2209058456
2203921773
2200909910
2195186131
2194064048
2193806153
2193191814
2188589095
2188169778
2186322903
2179892437
2179825327
2177221073
2174993717
2174336475
2172769412
2172012516
2171576907
2171202690
2168494031
2167879700
2166421929
2166327050
2165502548
2165457438
2165375011
2163463121
2162638559
2162417100
2162356318
2160860301
2159421761
2158419026
2157670884
2157122223
2157086418
2156620420
2156446358
2156262828
2154770701
2153754904
2153030243
2152278327
2152098019
2148960830
2147699863
2147469232
2147271343
2147152727
2145674276
2144366767
2144168818
2143281294
2140831319
2139516389
2139378670
2139136796
2138762745
2137284736
2137246011
2136332139
2135585377
2135093143
2134842576
2132642518
2132594219
2131312578
2128202097
2127267448
2127097541
2126739065
2124184851
2123640220
2122903792
2121309281
2119729190
2119689319
2119611212
2118853332
2117854305
2116417192
2116258127
2115155306
2114806378
2114258052
2113795694
2113256669
2110016288
2109121586
2108491491
2108022274
2107956720
2106674624
2105177923
2102954471
2102894443
2100720410
2099942852
2098259081
2097392266
2096995739
2093281879
2093095071
2092875059
2092851484
2092200755
2092021982
2091734220
2091516360
2091350698
2090821952
2090071092
2089840607
2088468219
2087658696
2087523285
2086826929
2085950742
2084996112
2080733511
2080117963
2079767751
2077508513
2076540206
2075311945
2073755633
2072704063
2071951260
2070730573
2069853679
2069626942
2069560413
2068482665
2067872560
2066626183
2065409986
2063730250
2063583633
2062681034
2060005247
2059509919
2058763549
2058714335
2058108927
2057061202
2056707406
2054411509
2053383997
2052654488
2050897806
2048154990
2046699598
2045980103
2045221997
2044160975
2042858509
2042134400
2041531490
2040696179
2040413729
2036299661
2036121128
2035614650
2034269426
2033297426
2032231804
2032212464
2031422191
2031159149
2026881461
2026213801
2026063436
2023166628
2022061940
2021087550
2020931330
2019656292
2018554566
2018193940
2017290983
2015824549
2014685596
2012877497
2012640033
2012196349
2012038123
2010136306
2008810849
2008791430
2008166046
2007959985
2007468699
2006167487
2006105356
2006101652
2005286406
2003316742
2002036932
2001457632
2000666492
1999865735
1998430094
1997974466
1997637350
1996580660
1994745674
1994309119
1993495268
1990779898
1988978041
1986745198
1986406751
1985121698
1983838178
1982849023
1982198563
1981219410
1978935285
1978757655
1978009423
1976669234
1975687576
1975627173
1974900240
1973530332
1972740235
1971723352
1971477040
1970921603
1969897827
1967034635
1964650536
1964625736
1963058952
1962067300
1956786513
1956208991
1955766046
1953219370
1952731676
1951774500
1951610163
1950203343
1948859590
1947404050
1946949816
1946809759
1946744625
1946412181
1943185136
1942832153
1936538751
1936399115
1936167655
1935176512
1935041130
1934833215
1933435420
1932272571
1931207097
1931033088
1930764903
1930225598
1930011693
1929347576
1928510628
1927448868
1924195159
1923188323
1922348888
1920367511
1920067103
1918923841
1918563704
1917802586
1917171152
1915021288
1914855294
1914004967
1913779582
1913534839
1913066873
1912869948
1912215932
1911759305
1909959437
1909491653
1908385087
1907227714
1906835700
1903116138
1900857357
1897867118
1897057915
1895473337
1895373951
1894540443
1892159834
1890683396
1889454929
1888883780
1887347314
1886892276
1884920199
1883227904
1882608481
1879958543
1879489709
1878040753
1877579668
1875466507
1874197772
1873992962
1872963487
1872904977
1871872391
1870829357
1870421903
1870384329
1870161093
1869432329
1869009719
1868855378
1866578438
1866548250
1866089088
1865843405
1865771656
1865646617
1864881039
1863308307
1863210119
1861218170
1859373451
1858858146
1858474062
1857797092
1856495968
1854260979
1853454668
1853425675
1852132787
1852069674
1851862733
1851301843
1851004004
1847856196
1845851705
1845295568
1844646301
1843480962
1842606923
1841936856
1841548328
1841073569
1840441057
1838897930
1837990633
1837648205
1837268622
1835122253
1835063573
1834313517
1833568264
1833127185
1832708966
1832222130
1831821600
1830603809
1830582953
1830575329
1830378808
1830008565
1829165589
1827866567
1824249347
1823304817
1822051816
1821751997
1818530727
1818243821
1815089217
1814355780
1811436216
1811173058
1809817958
1808182104
1806261603
1806140525
1802928367
1801386963
1801351547
1800559997
1796698894
1796434825
1795648944
1793566063
1792724882
1791983140
1789920914
1788764606
1785863854
1784793731
1782031438
1780208267
1777424014
1777324536
1776699886
1776106537
1776055614
1775716533
1775676746
1775597424
1774846097
1770251599
1769423927
1769197630
1769069239
1767945195
1767884375
1766222130
1765003367
1762185665
1761275417
1760900119
1760632953
1760370195
1758681603
1756507867
1755674047
1754219908
1754105419
1754001709
1753283656
1750515017
1750208121
1750081492
1748780362
1747179584
1745989761
1745572698
1745271918
1743331885
1742663638
1741642324
1740481779
1740438487
1738854018
1737345747
1736240428
1734916919
1733551485
1733058669
1725856266
1724443518
1724104548
1724026184
1724019148
1723447022
1722088147
1721913138
1720574400
1720452363
1720316058
1719345643
1719149064
1719082144
1718073119
1716246454
1715741229
1715646555
1715564722
1715001659
1713972997
1712414396
1710446907
1709677540
1708800343
1708497470
1706206895
1705545722
1704797501
1704199041
1702420090
1701622887
1701113830
1700822515
1700405402
1699837820
1698845200
1697063046
1696240561
1695806303
1695764449
1693988945
1693829155
1692875485
1692770594
1690121978
1687747306
1687310511
1686991100
1686576947
1686533281
1685830750
1684837577
1684755343
1684535018
1684130640
1682258700
1682007836
1681466488
1680151737
1679552241
1678223788
1675856576
1674928508
1674801345
1674781227
1673581888
1671719550
1671551232
1671484512
1671389563
1669977905
1668339922
1666135420
1665950294
1663786661
1662030638
1661544320
1661100671
1660848103
1660751967
1659585781
1658374854
1658071231
1656977255
1656657232
1654555461
1653752952
1653366430
1650566434
1647580670
1645387946
1644975833
1644243577
1643394967
1640669962
1638544314
1638152703
1637879305
1636691677
1635137982
1634890351
1633968883
1632380877
1627347082
1626731144
1625224620
1624720660
1623555218
1621994531
1620265297
1619199771
1618697119
1616323173
1615597798
1614439731
1613471947
1612264180
1611568616
1611547771
1611119849
1611038073
1609833951
1609424222
1608448730
1606588262
1606459567
1606382786
1605792675
1604354566
1602184665
1601785684
1600670226
1599337637
1599285621
1598385723
1597752935
1596677203
1596124604
1596074898
1595733633
1594552979
1594477883
1593311813
1592852996
1592582948
1590510321
1589614277
1589460735
1588258972
1586935283
1584482745
1583685903
1582934222
1578889540
1577176155
1575654551
1574675681
1573670011
1573194418
1570890630
1570678890
1569934520
1569866218
1567951001
1567745818
1567534465
1564128002
1563051817
1561554892
1560282319
1558860223
1557627785
1555503752
1554546986
1554468832
1554042746
1553740586
1550668146
1550159327
1547981485
1547091992
1546930948
1545294783
1545273671
1545244062
1544850720
1544169955
1543385033
1543140950
1542993146
1542791109
1542589134
1541244890
1541206226
1540335168
1539744112
1539426427
1539391414
1537150171
1536902127
1533957620
1533275447
1532940888
1530741187
1529719426
1528712175
1527588476
1527469262
1525693333
1523065745
1522584316
1521894824
1521071608
1520262726
1519965728
1519727461
1518943145
1517879791
1517735460
1516911300
1514690067
1514369387
1513231538
1511932256
1510728786
1509692164
1508412832
1507960478
1506132893
1505919462
1504597804
1503752661
1503699501
1502436680
1501652368
1501580451
1501578940
1500957566
1500582331
1499613405
1498838169
1498612587
1497727878
1496010851
1493421941
1492971034
1491218271
1491095460
1490699427
1489502939
1489228313
1487839180
1487668353
1486378260
1484095552
1483977119
1483747384
1483621348
1483369475
1483140267
1482053475
1481590691
1481408772
1481115243
1478354437
1477768491
1473909383
1471493201
1469539154
1468857895
1463400803
1463041768
1462140094
1459349903
1458662948
1458494415
1456560571
1455812203
1455389916
1455088670
1452603132
1449629668
1448029829
1447428558
1447053660
1445744128
1445036288
1441691983
1437498884
1436553224
1436043322
1433958622
1432695120
1432555529
1432222499
1432164589
1432038090
1431189282
1430604518
1427351775
1425228243
1424026369
1423631018
1423084908
1422998978
1422760059
1422605104
1420526667
1415259735
1414824066
1414193193
1414087389
1413730792
1411560911
1410511511
1410360341
1410339746
1409997055
1409410434
1408939717
1408498460
1408163931
1407792151
1407180061
1406053762
1405264609
1404785203
1404461035
1404435549
1404040420
1403455431
1403279099
1402793822
1400465162
1400161718
1399194626
1398638573
1398312497
1397679569
1397280402
1396187685
1395314583
1394138262
1394113285
1393409088
1391667800
1390911139
1388727421
1387465283
1387345465
1387276839
1383099018
1382834369
1381940503
1380378526
1380371076
1379834264
1376182558
1375870614
1374486121
1374214834
1373912540
1372324150
1370269855
1370079321
1369300901
1369137765
1368573016
1368416294
1368041635
1365981622
1365719526
1365600382
1365050655
1364845975
1363961023
1363336301
1362936783
1362644079
1361488198
1361225273
1360839300
1359277715
1358304555
1354663518
1353767721
1350155931
1348376542
1347537476
1347165290
1346556601
1344933745
1344920719
1344323243
1343476682
1343005404
1342740612
1341221846
1341149021
1337415082
1335587972
1335289930
1334958981
1334613711
1333346762
1330845543
1330677174
1329541994
1328690307
1328558570
1328473400
1327394317
1326961832
1326446575
1323761650
1319393030
1319245574
1317601882
1316624909
1316457006
1316235934
1315528297
1310682186
1309653787
1308417590
1308265610
1308203858
1305769337
1303478409
1301689907
1301310568
1300625683
1299485368
1299124717
1294482514
1293728321
1293491973
1292250616
1291103497
1289735603
1289693583
1289686731
1285262837
1284695808
1284180754
1283855947
1283414257
1280090902
1274182347
1270877721
1270014403
1269863352
1262223785
1261779399
1261722504
1260948307
1259163375
1255161140
1255148701
1253363426
1253020917
1252700680
1251932376
1251286544
1250660626
1249759869
1246811678
1246226948
1245879222
1245445702
1244783695
1244524440
1243025276
1242602815
1242044449
1241912600
1241101569
1241096386
1240989780
1238638747
1237850544
1236069249
1235133336
1235091397
1234742678
1232589110
1231294487
1231035454
1228504452
1228277663
1228275693
1227082079
1226899479
1225099063
1224298394
1222332560
1221528464
1216773646
1213596595
1213042782
1211615672
1209819015
1209768422
1207812373
1207560254
1206705035
1206169146
1203738580
1202487610
1200469661
1199804187
1198948882
1198605216
1195734677
1195178437
1194942114
1194362315
1193762428
1193236760
1192320329
1190677499
1190411269
1185508248
1185388059
1183812162
1183187901
1182592432
1182171753
1182158294
1180781531
1178767099
1178368276
1177569801
1175595741
1175485884
1174298070
1173510986
1173077373
1172851824
1171390772
1171148762
1168845299
1167213397
1166984220
1165856176
1164305247
1164069264
1162259334
1161497283
1160568892
1159763360
1159569434
1159330601
1158750575
1158346910
1156601412
1155876978
1155849742
1153256638
1152522878
1151332476
1150617331
1150329219
1150041503
1149940891
1148565932
1147131717
1146985971
1145694084
1144442681
1143949018
1143841869
1141142921
1139851144
1137728881
1137085694
1136681927
1136274564
1135396075
1133638335
1132764027
1132288664
1132241715
1132041558
1131749387
1131276691
1130366724
1130074560
1129596435
1127235532
1126474674
1125917087
1125772706
1122318536
1122026572
1119453149
1119440199
1119339279
1114128909
1113243512
1110779198
1109753899
1105784049
1104188406
1102570733
1101825899
1101313612
1095565528
1095330248
1092879949
1092877933
1091313975
1090665557
1090402147
1088690630
1088364236
1085839480
1085153286
1084719445
1084000234
1082793396
1081971883
1080292295
1079178492
1074577678
1073198957
1071914287
1071339614
1071304710
1071073482
1070741705
1068969921
1067251236
1067135292
1066151946
1065259172
1064896917
1059251663
1059005675
1058052069
1055475981
1052449020
1052133162
1051058478
1050262900
1047688119
1047013772
1046662057
1044956161
1042855925
1040582771
1037715115
1037578941
1036604848
1036455758
1036344832
1035439295
1034725086
1033536573
1029903093
1029738105
1029053105
1028204206
1028134671
1025918061
1024871161
1024227796
1023692800
1022288418
1021527788
1021048563
1019035086
1018305988
1018151173
1017201687
1016614259
1016150472
1015891217
1014930372
1013707696
1013324870
1011447850
1011275427
1011002854
1009326901
1007884648
1007837957
1007122190
1004778662
1004515469
1003477735
1001380203
1000760796
1000601727
999510299
999424323
999305415
997647909
997641500
995854392
995306308
994151630
993933660
993671869
992781152
992292088
992217499
992191404
990542148
989851289
986985764
985032395
983272480
983213003
982544646
981784610
980781222
979657635
978707198
977933707
975430315
974981358
970786231
968987007
968790814
968615824
967355003
966844583
965371245
964636813
963493734
960720173
959810183
959790570
959133335
959065435
956454774
955296870
955122284
952185732
951580801
951101505
950500130
950333611
949620834
948396258
947456133
945165549
938863050
936635674
936132977
936078623
935401464
934570328
934194855
933078424
928172036
927916588
925060609
924686829
922954611
922639089
921515278
921354095
920244446
919909504
919267630
919111659
916955628
916142257
915658623
915640017
914573026
913987829
909689126
908992548
908548965
908461077
907881003
907745397
902901350
902418609
902228309
901915756
900457636
899605695
899268294
898070341
897779585
897436484
896854351
895633337
891705599
890779877
890331059
889844606
888617156
888062640
887473222
886805942
886374966
880649345
879718480
879489354
879319919
878481738
877725064
876360822
875721923
874839472
874635901
870072306
869527126
869455191
869305861
869295290
868177535
867867331
867468808
867247770
866024958
865762587
865182378
862326492
861991523
857744752
857551235
856908259
856339795
856200795
854415488
853589978
853294395
851734744
851428202
850736232
849425942
849421374
849353018
847606523
846876514
846871147
846417603
846213242
845821649
845289160
842943789
842714947
842561265
841858311
838713872
838268050
837016864
836066010
834606476
830824065
824785885
824573047
821246462
820299616
819417669
819379917
816358834
811760903
811753295
811375447
810236681
810138507
809593050
809404860
809039045
806297042
804974742
803399507
803010681
802704066
802477958
801330961
799652231
797515616
796984946
796310194
795678283
795199383
791784243
789973784
789063902
786372048
785227335
784816362
784587772
783615364
782796880
782501611
778466460
777570466
775925202
774473205
773866214
773239370
772251878
772250967
770411695
770326990
769252660
766574592
766515823
765237841
765173900
763449966
763442207
763128961
761918836
760173834
759267430
759057950
758578502
757495154
753883697
752932251
752571361
752446575
751459453
748089427
746650660
745841889
744763674
744649684
743143531
741061705
740962913
739197388
738830991
738808095
738317225
738130905
737041745
736151828
735604768
735134921
733129041
731064568
729223863
727921250
726724978
726067718
724843036
724287892
722261368
721896514
721882672
721723835
721581518
720747269
720673159
719594475
717775384
717365968
711455514
709273647
709087794
708338704
706890791
705866443
704357043
702760807
702197365
702097060
701975986
701541952
699934474
699895605
697890532
697480260
695682532
695539642
695308220
694851877
693761436
693372160
692903683
692767010
689856422
688864930
688400189
688013830
687256546
686742062
686136427
685257703
685250286
682059273
681100552
680896906
679842630
678069005
677383428
677352920
677006785
676141153
676092607
674551183
674017080
673250600
673196498
673163080
672966543
670846097
669305831
669015128
666230466
665083652
663505709
662013801
661402865
659975997
658806241
657902817
657709126
657220499
656890203
654317420
653250065
650776378
649965623
649393890
648584604
647947085
645001678
644599068
643665928
643188038
642307213
641025556
640362962
639868751
638215301
637480553
636963709
636558529
636413644
635089697
632045779
630970648
630595395
629213218
626096784
625683569
625103361
623778147
623088853
623082932
622330053
622218571
622188342
621658233
620735161
620592705
619157424
618528567
618333558
618190251
615434488
614454739
613516075
611966428
611218787
609968263
608604078
608223193
607613200
607312517
605833607
604503025
604284446
604180104
603851821
603785032
601835957
601438918
600715258
598221995
597588649
596072310
593179783
592393856
591978982
591062371
590129938
588750655
588669637
587116631
584899817
583717441
582760960
581709399
580333912
578868383
577948650
577906510
570961619
570005666
569827880
569755108
569552666
569289957
568957586
568812724
566902248
566625154
566304885
566286576
566096287
565528411
564933373
564433084
564215984
563904694
563242504
562212285
560375282
557929325
557307072
557141516
556854185
556064164
554547211
554512214
550441399
550257098
549471426
548930234
548189870
545921514
541851809
539390920
539198452
538818028
534826376
534713072
534387726
532056588
530781587
530563066
529900916
529173933
528898406
527835110
527392438
525727779
525409015
522224562
521870628
521670994
520862247
517630349
513929377
513235645
513217190
512563883
511987174
511170445
510980718
508616973
507654100
507292719
506517563
505376309
504879585
503807968
502504846
500373914
498101845
495980650
495501311
495189694
495088529
493042425
490542108
490132352
488577173
487604571
486832409
485518828
484316433
483046676
483036326
482888401
480204275
478969641
478436837
477576523
476290410
475677770
474980011
474627215
472168062
471223313
471054072
468385759
466588245
460795662
460543764
459319138
458871971
458753389
458027086
457597691
457582908
456126369
455579100
455066404
454843980
454597704
454547517
453368075
453214426
452235204
451370455
451124114
449477057
447439179
446868198
444533930
444059242
441297657
439194443
437558143
436338363
435088944
434468006
433580818
433165340
431754804
428680469
427823855
427050441
426751108
426575062
425176994
424512254
421883392
421067857
420170336
419182228
418716041
418096228
417752939
416665736
416302837
414972675
414869091
412732514
412370586
410435650
408198877
406344067
404613818
403923860
403784333
403070061
402799202
401648373
400616773
400337619
399910028
399444968
399226412
398265735
396825462
395996722
394518453
391593777
391299459
390507770
390087939
387927950
386585885
385748192
381455107
378690462
377318629
376071130
375044242
374535695
373748919
373621709
373535775
372655790
371402365
367922328
366977688
364060186
363446371
360805864
359991293
359792003
358304717
356312952
355211576
354753818
353959344
353530967
353397815
352514499
351956702
350989239
349473063
348013745
347832100
347416628
347314166
346968354
346882026
346874376
345985900
345579161
344188493
344170738
343803973
343257133
343024388
340629759
339972838
339708075
339102623
337153290
335215941
334408986
332255653
331068490
330839830
330630179
329934731
327513369
327411870
326818542
326271626
324943124
323164038
321352852
320809686
320166817
318962942
318319621
318167951
316265352
315306626
314665629
314583599
313682436
313551334
312630435
312587281
312393844
311487411
310486983
306051550
305454019
304960217
299715056
299199432
298156484
293978480
292905066
292728758
291758323
291476241
291396230
290233996
289550324
289357599
285749624
285447349
284567665
283524187
282903190
281492629
281440618
281268166
279655630
277951871
277941012
277679077
274524820
274183972
271961708
269196761
268668483
266482947
265382441
265088359
263475806
263111923
262647978
262573132
261588671
259717518
258548594
258010174
256967198
254870213
253642896
252508425
251125994
250817617
250431740
250399395
249838587
248505345
248436203
245655775
241488408
241412254
240043718
240037370
239665971
238688576
237355121
233789144
233483869
229730332
227732017
227678935
226857308
226530474
224393757
223863354
222161518
221648469
221276859
221023582
218718788
217123979
217080887
215852319
215731265
214155101
214151341
213733866
213267593
212190770
211159151
210546918
209829754
209035303
208778303
206768876
202796840
202240150
201593152
196751483
192820465
192815436
189227680
188304270
187071213
186228109
184824838
182268841
181828951
180718006
177710365
177643555
175793849
174342812
173310543
173097554
170653745
170204945
169527150
169136190
166598072
166100592
162733554
162334639
160303888
158554984
158315613
157461072
155483062
153297084
153295068
151264826
151251653
150824859
150803104
146732273
146550505
145921365
144898800
143740757
142899086
142437178
141455728
140258555
140038653
139274895
137715854
137390957
134956788
134193803
133451151
131373300
126219901
126153075
126095161
123553045
122675842
119652426
117776256
113746516
112206944
111721280
111361295
109942891
109861313
109357216
109215834
107693718
107147213
106383264
106029391
103628490
101768510
96046909
96042592
93647286
92173894
92084138
90807118
90562175
89353615
87659445
86464368
86217100
84414934
84292227
83283317
82370651
81888921
81104539
80756429
78157519
76769484
74469440
74439564
74173734
73911131
73547315
70501235
70287295
69146465
68374976
68366219
67778247
67468324
67034883
66524087
66337296
66097613
65926770
63326867
59515011
59222889
58972698
58935000
58659719
57935402
56011379
55867079
54184041
53897780
51418176
50737890
48775895
48697269
46731186
46294792
44993215
43898383
42697620
40571216
39608099
36789272
36422944
35517457
31801033
31213447
30988594
28608142
28118870
27450764
24634578
23087110
20572462
20366691
18741831
17985919
17456489
16628191
16523783
16325596
14531847
14376441
13840073
13451789
10548749
7552457
6789112
6317669
5887319
5496383
3906072
3652981
2350823
1721558
1186810
537063
4408198
4482157
6687319
7551660
7883495
8613405
9749829
10290789
13352785
13544655
26870950
27740049
29165860
31551353
32376479
33180748
33425132
34106252
39664357
39914995
40928431
43676094
43873572
45070661
45403449
46032515
46577571
47213171
47735921
47942868
48310668
48478918
48908592
51126446
52276126
52542506
53824330
54056117
56882530
57290685
59374292
59869146
59908115
60460699
60511006
62130073
63762954
64061783
64390701
64669120
65223012
65807679
67266815
68355726
68492208
68809702
70302836
71651298
72216503
72889329
75462721
75490996
75813295
77608300
77673015
78544993
78997814
80721973
80969186
84397465
84715937
85261768
85430891
86574757
88379759
89620506
90967278
91118258
91635198
92655347
92843692
94301577
95386802
97570857
97958431
99153796
99344749
99476145
99786523
101555342
102559504
104569609
105244029
105415567
106187356
107025203
108013968
111539722
111875326
113713125
115785287
116121029
116475453
118028916
120548794
122416054
123783252
124492737
124494405
126290360
126932248
128578877
128970202
129012727
129117538
129423219
129565957
129767431
131353811
133133982
134669033
134978725
135254460
136102548
136625379
143774498
145052376
146921934
147582776
149703754
153263517
153798258
154120776
156664142
158266133
158506814
159235276
161065393
161694026
162033278
162802239
163394715
164180773
164822061
165367885
167269909
169621747
170514732
170713371
171712741
172254287
172278491
173380888
174023904
174279578
175609627
177421199
177910333
178183585
178549734
180798900
180946901
182449428
183051873
183446384
183748538
183928838
184350874
185203655
185318590
187589836
187660439
188489419
188880872
189087725
189732637
191075916
193846409
196268615
196705157
197304398
198243822
198718043
199934113
201256327
202024457
202836219
203428633
203528042
204546715
206718731
207841717
208662563
209282454
211874752
212335089
216176213
216525254
216863462
218143567
218889239
219248350
220160421
223418541
225061526
225518794
225814300
226014242
226226087
226862674
227002594
227381327
227558280
228161964
229372112
229898596
230966556
231645724
232134424
232655624
232821832
237121570
237308503
237621495
237966040
238200347
238334879
238839908
239587964
239715040
240487949
240765108
241750474
245166756
245214278
245875705
247344746
247380479
247638414
247955427
248526217
249492254
249500801
250009838
250571779
250836218
251207638
252755831
253544164
254326778
254978708
255325095
256437534
256797597
257411113
258597581
260642829
262463001
263747453
264063004
266057488
266504755
267112912
267461975
268099358
272321109
274338320
274790594
274936704
275983374
276785919
277039214
277486900
277531234
277873429
278318416
279983027
280299783
281067587
282706227
284978110
285250776
285827141
287847409
289008486
291132735
292697753
293116493
293971591
295257178
298754709
299474443
300884980
300944519
302725573
302883683
304702454
309428909
309550369
312031038
313500307
313634212
313984641
315596138
316185540
316305728
318270783
319610499
320658135
321541547
322722517
325598689
326099510
326803922
327519469
327899392
327932445
328876235
329175896
329992763
330289790
330644412
332202266
333464345
334799707
335487342
335717859
335974583
337977694
338613056
341394451
342086827
342552027
343569576
344230554
344305652
344904604
346531645
347017728
347079461
347411208
348015545
349510857
351572669
353998250
354197441
356241240
356321019
356672398
356819400
356903591
356939745
359753666
360147143
361342666
361748770
363676702
364224732
366819208
367717510
368373760
369839080
370106521
371610443
373178021
373574313
374113605
374616224
374844001
375410147
376451338
377519750
378027617
378203239
378932717
378982937
379048002
380204498
381266176
383126166
389724877
391100398
391353088
391945769
391981332
392101502
396425400
397427131
397851602
398508720
400032517
400554608
401623844
402420656
403513445
406496834
407569297
408227862
409056224
409470260
411083398
418079311
419764448
420710179
422449349
423752918
423823819
427572333
428639547
429737505
430812317
431019054
431418957
435546499
435738651
438189589
439247916
439797840
440186562
440874732
443014794
445336059
446417357
449648207
449808102
450905056
453981779
454925897
455576564
455780491
456340193
458318515
458484200
458753106
459078393
459456424
459719470
460647369
460970885
461238295
461274410
464360267
465759829
468423527
473923041
476077511
476113001
477426312
479286794
480046738
483521550
484374446
485242057
485805305
486104107
486302571
486402185
487651288
489827646
490338144
493112896
494215040
494450048
495652555
496561662
497392939
498694797
501009360
501870838
502000260
503196584
503740276
505196292
505361642
505456593
507516370
508135116
508477057
512605285
512751234
512982200
514976640
515105259
517128932
517508323
519577870
520986902
522549304
523887395
524975687
525129434
526035874
527548886
528774958
531034693
531505521
531725184
532290485
535014126
540068435
542885682
543008525
543344125
545603451
547505315
548434389
549318483
556370660
556969245
557006805
557242134
558194629
559625970
559704398
560524648
560940535
561519235
561534578
561833346
562272241
564638233
566089556
566247965
566711096
569996092
570608734
572281709
573325180
573420371
579918859
579930746
580677659
580833255
580995325
584202695
584660691
585572569
587173291
591002593
593578171
593805254
593967801
595194216
595731125
595851145
595940149
598110783
599086094
600493574
600729540
600851724
601492699
602395397
603011857
603467568
604248906
604352387
604844184
604889931
605580933
608764063
610520046
610763712
611456893
612225652
612288233
612567304
613467915
613874969
615638939
616119891
616145429
616224746
618668513
620894276
621919951
622348925
622847940
623402841
625479833
627149275
627736404
628215115
629238305
632820969
634249865
634431441
637726854
638095877
639848510
640387978
642194530
642295385
643303601
643621448
645420400
646908005
647022527
648794052
655272346
657593677
658936681
659860504
660680509
661557427
663365680
663888794
664777726
665621692
666375516
666925185
666970589
667599692
668209576
668785396
669722085
669980288
673977151
674357854
674601279
676150235
677502448
678359293
680941708
682310451
682978921
684787725
685496289
687165380
688393375
688672261
688844875
688992631
689474281
690695574
694088831
696905050
697631255
701140754
703295550
703661203
704033273
705395700
706361519
707219190
707889203
708015123
709292659
709458355
710484682
712954367
714047452
714149214
714600646
715921509
716800431
717632692
717805123
718093966
718127399
719384064
723049008
724932707
727832469
727983114
728395251
728854754
729193401
730564544
731285506
732795607
733166839
733512292
736192646
737665430
739399533
740471203
740937321
741084134
741723411
743389267
744162261
744230925
744440769
744919367
745249682
745350988
746671908
748312690
750148546
751238948
754741584
755141783
755373863
756717966
758164037
759310187
760326464
762696610
764499854
765081950
768855390
769960280
772220495
773953288
775358308
776057575
776328367
777701695
777778981
778975553
779306954
779583443
780322398
780365875
781555191
781843733
782618167
782865793
783286277
783582698
784435143
787163193
787243468
787892892
789133051
790221784
790275868
790592204
791370165
791519861
791920090
792327960
792906902
793562938
796405972
798004059
798225970
798454360
799295124
800452935
801563488
802228093
804561634
806246677
808693564
808805273
812362001
812393561
812666302
814056788
814717762
817532612
818807083
820429356
821643854
821662820
822784207
825206268
825463901
826125259
827159570
827166263
827803313
830757406
830907972
831290437
832233292
833337103
833845091
834114634
834379925
840235522
842722042
842802966
844062225
845399751
845866599
846595000
849344790
849904025
850017872
850586715
851188575
851951889
852693791
853634954
854194740
856113396
856302661
856374223
857887164
859833611
860066100
860557299
862618206
864746927
864793177
866637914
867645108
869310486
870868056
871465392
873093934
873632692
873820866
874026316
874188565
877983082
878036466
878271582
880981442
884262857
884770476
885812720
888118230
891287353
891714345
892375150
893778749
896732357
898476493
899074758
899283840
899457789
900262655
900830188
901117059
901511492
902466901
902630115
904296775
905916872
906485012
906774712
906945434
908563633
909036002
909536468
911283803
915059699
916713659
917137104
917227619
918271691
919723942
923114684
924300220
924357300
925874498
926461839
926462720
926745904
928951705
929023537
929596379
931811417
932350188
932914414
933957943
934856859
937527808
938891555
940020252
940440134
941024330
942725049
942761385
943725031
945543676
946462033
946807369
947564225
947955501
950356346
950774354
951140231
951362494
952593694
953272288
954050892
954132189
954450657
956568345
956571672
956747504
957106837
961709756
961807092
962774630
963547639
963591066
964116048
964296154
964508701
965961664
967268190
968051867
968597057
970139168
970239735
971130334
972313533
972374349
973189467
973759328
974914848
975441598
975553715
976900990
977096028
977297579
977308340
978383523
978532760
978639316
979199608
979669613
979907172
979926564
980674803
983060151
985105403
985615217
986309165
986950446
987151905
987645157
991107257
991115391
992052868
994612565
994867568
995690018
996593201
996617298
998840514
998922117
999806765
1000240109
1000317812
1002714174
1003189084
1003299652
1003993876
1004653422
1005142063
1008135912
1008652266
1008911354
1012216807
1013144772
1014664563
1015446484
1015783779
1015855978
1017362048
1017396767
1017401092
1018485790
1018912268
1019311514
1019359649
1019992210
1020800369
1024256005
1025291800
1026102073
1026769852
1028432961
1028987719
1029380220
1030236920
1030508072
1031651152
1034559370
1035151310
1036079228
1037182607
1037923947
1041488876
1042684166
1043628190
1043693427
1043945554
1044340731
1044374105
1044543440
1045291098
1048565851
1049396170
1050516131
1050558341
1050745022
1051151732
1053745848
1054415300
1055917632
1055970871
1056757459
1057435342
1057966992
1059370553
1059856429
1060583442
1061021769
1061381344
1062863943
1063590699
1065852061
1065983474
1066055271
1067195426
1068915681
1069678983
1070309919
1071474525
1072962041
1075002441
1076472711
1078223564
1079547582
1079768490
1080119648
1082655220
1083517191
1084729519
1085285784
1085943291
1086749441
1087090339
1087883212
1089161697
1089994458
1091028763
1093263571
1094464810
1097215805
1097954219
1100280862
1104382650
1104941071
1106454476
1108722842
1109899340
1109949021
1110625229
1113910156
1114689932
1115872498
1116500932
1117174783
1118536551
1118783585
1118962453
1119356898
1120345771
1120634920
1120722414
1122724305
1123027331
1124620457
1124883272
1127366505
1128857636
1129976110
1130530774
1130900994
1133884765
1136739931
1136834656
1136953840
1138383431
1138632530
1140691724
1145071342
1146002203
1146061065
1147101602
1147210309
1149131229
1151619630
1152876603
1153456520
1153738844
1157314972
1158917826
1159247003
1161233757
1164451223
1166653831
1166718861
1167194426
1169145379
1169448600
1170398985
1170575117
1170915792
1171174574
1172141904
1172950528
1173766351
1174308846
1174513105
1176046940
1176847384
1177122702
1179675863
1180882032
1181997471
1182047495
1186077954
1186161779
1188987134
1188995112
1189013125
1190444083
1191106044
1192296190
1192471092
1192603456
1194429721
1196575523
1200590467
1200933593
1201123102
1201827868
1202518526
1202979509
1203395769
1203543898
1203711396
1203917629
1204194016
1205923989
1207675389
1207882484
1208122069
1208233689
1208999779
1209994690
1211429389
1211752910
1213238281
1214008570
1214812995
1215257768
1216165591
1216886832
1216948650
1218662417
1218690115
1221063707
1222541837
1222666171
1222745714
1223269309
1224288234
1224891040
1227257249
1228121892
1228395471
1231318395
1232657173
1235493770
1235563981
1236063194
1236680281
1237064924
1237844653
1240279608
1240413202
1243431430
1243982433
1243985343
1243994061
1244885017
1247028414
1247674679
1247974289
1249818510
1249988568
1251672892
1251880180
1252893575
1253317315
1254261922
1254664377
1256829127
1256929747
1257562587
1257668585
1258195371
1258735997
1258843086
1260450077
1260574189
1260784281
1261000381
1261595518
1262202649
1262490491
1263117970
1263683445
1264524964
1266258726
1266920982
1267008447
1267857288
1269504409
1269774469
1270593289
1270644773
1271236537
1271760163
1272390516
1273212721
1273593758
1275671559
1276259341
1276892610
1277003965
1277570379
1278442429
1279040146
1280053781
1281039017
1281334329
1282887737
1283194674
1283447341
1284957926
1287180991
1287323064
1289635903
1290983690
1291104034
1293219081
1293846136
1296971285
1297370812
1297998281
1299879088
1300121926
1300284528
1302063695
1302927433
1302974936
1306829335
1307071756
1307322910
1307342033
1307856507
1309000622
1309363849
1310708969
1310904039
1311300454
1311869196
1314185816
1315467041
1315962038
1316971365
1318736707
1320035683
1320566590
1320943088
1322089118
1322307361
1322616052
1322953616
1324966307
1329295198
1331037560
1331251468
1332768621
1337340319
1339469428
1339499538
1341447672
1341618680
1341834821
1341889387
1342944444
1345909540
1346159357
1350833037
1353773039
1357365008
1358413901
1362925389
1363396938
1363760658
1365099491
1365746839
1367166248
1367191157
1368984850
1369297031
1369503796
1371901155
1372177653
1372245263
1372763101
1380392958
1380580893
1383106114
1385740041
1388737867
1389018731
1389188990
1390282659
1390422353
1391408652
1391757784
1392415280
1393598857
1393794385
1393864747
1393974198
1396265557
1396693222
1398094414
1400483842
1402537263
1403074455
1403663180
1404963910
1405051805
1407406924
1410000087
1413053378
1414628249
1415578172
1415788890
1416779700
1416894206
1416937268
1420961179
1421058515
1421202469
1421335983
1424092750
1426201886
1426363121
1426604114
1426676778
1428956139
1429736632
1431703985
1432523877
1433213290
1434376649
1435584310
1435909416
1436012815
1437199151
1437787792
1439408374
1440610329
1441055879
1442270686
1442311790
1442317647
1443375950
1444644614
1444677072
1445663284
1446209082
1447560314
1447830168
1448196811
1448416885
1449015191
1449835957
1451018093
1451214291
1453446848
1454487216
1455570656
1455902472
1457968908
1458097232
1458262553
1460822955
1461668349
1461791594
1466828796
1467553036
1467562890
1467703563
1468365871
1468752251
1469486351
1471413252
1472715699
1473582696
1473698460
1473815836
1475138875
1475194455
1475514051
1475712469
1475873813
1477925609
1478827287
1479340854
1479678119
1480661775
1482250962
1484538329
1485010008
1485168139
1485749476
1486260009
1488519847
1489853141
1490687031
1490846264
1492260080
1493559323
1495459655
1498772748
1499055839
1500189747
1501166194
1501645275
1502365337
1503492187
1505616181
1506633756
1506855808
1510168008
1511920865
1512167305
1512714766
1513107133
1515490443
1517361176
1520049416
1520598142
1520661218
1521401848
1524399925
1525974399
1528420679
1528456026
1530056661
1533376783
1534858384
1535106938
1535197451
1535865397
1535991525
1536029656
1536167492
1536254555
1536693849
1538413789
1539204202
1541725052
1542156281
1543104100
1544253750
1544711642
1546168831
1547446051
1548101578
1553752775
1554224337
1556577785
1556902275
1557324305
1558554466
1559716576
1560504621
1561211548
1562059483
1565036191
1566321361
1566503594
1567115460
1570928194
1571474890
1571933510
1572527953
1573247422
1575325818
1576305433
1578056846
1578531566
1581752663
1581804736
1582623514
1583421417
1585985448
1587576738
1588010659
1592134984
1592454715
1593261878
1597353106
1597533766
1597535241
1599270947
1600251984
1601048850
1605972626
1606011371
1606947086
1609390558
1609754748
1610646580
1611844365
1615140427
1615910947
1615981113
1616351376
1616369376
1616446084
1616861547
1618160356
1618798553
1619165435
1620040792
1620528268
1623517860
1624827267
1624847315
1625712182
1630354847
1630579406
1631614586
1631901215
1633563872
1638376156
1638863167
1640144988
1641237359
1641618704
1643303159
1643918189
1644721088
1646458988
1647494576
1648724469
1649376008
1652145456
1652412766
1652441776
1652904391
1653595878
1659621297
1661952400
1662048783
1662370726
1667019843
1667242008
1669352760
1670343898
1672245392
1672260911
1673695371
1674024970
1674886860
1675337998
1675808319
1676347379
1677005178
1677948950
1678709608
1679298233
1682392686
1682911217
1683039059
1685031311
1685342484
1685859209
1686554587
1687905141
1690193320
1690253747
1690342433
1692350120
1692718777
1695684696
1697802372
1698478843
1698998738
1700118511
1703132245
1704600264
1704829733
1705074340
1707035539
1707505279
1709175102
1709674070
1710162824
1710164582
1711410260
1711718631
1712139457
1712209582
1712837240
1714575963
1716519324
1718058985
1718410891
1720427142
1721330355
1722146070
1722307297
1723813136
1725968485
1726471412
1728968381
1729229902
1729998386
1730187299
1730251509
1730364687
1730524497
1730848117
1731124474
1734475600
1734811565
1737405813
1737450128
1737688442
1738217059
1739018257
1740267311
1741742055
1745565896
1747218354
1748391547
1752461282
1753775199
1754495931
1754822041
1756123899
1758061975
1758290186
1759316620
1759708185
1762240051
1764205609
1764824087
1764989669
1765094358
1766952680
1767581819
1767963832
1769425987
1769856508
1770734494
1771432752
1772231189
1772997417
1774127343
1775132912
1776723991
1777726417
1778705146
1780238945
1781311420
1781761599
1782008136
1783961006
1785024816
1785701525
1786120221
1786187127
1788442283
1788762180
1791501614
1792150857
1792792613
1792895666
1794034401
1794430250
1794477542
1796259722
1799092942
1799631582
1799867667
1799976475
1800149767
1800206457
1800400443
1801371027
1802872593
1804227200
1808066500
1809808397
1809933441
1810627029
1811858735
1814337503
1816901524
1817473710
1818614856
1819467053
1820080820
1822289686
1822386205
1823962448
1824610255
1825734343
1826077570
1826256841
1827033508
1828532485
1829348817
1829804772
1831745256
1833461017
1834187912
1834648783
1835750077
1835948012
1836508638
1837831900
1838599581
1839589102
1840611611
1841811149
1841871086
1841962533
1842462107
1843873214
1845001027
1845688158
1845900716
1846603532
1846790038
1846856541
1847916520
1848534952
1849838211
1850816008
1851595290
1852872418
1853533527
1853894510
1854913137
1855098047
1856761146
1859386372
1859586723
1859680176
1861709769
1865274593
1865902227
1866292104
1868619309
1875789562
1875972689
1876344039
1878043931
1879156143
1880497713
1880690583
1881511625
1882448151
1884059814
1885107035
1885225043
1886276438
1886748744
1887886078
1889199156
1889851470
1891547910
1891619813
1892805674
1893427078
1894423484
1894825740
1894849332
1895389796
1895816376
1896254728
1897022112
1897143051
1897634090
1900065266
1900329521
1901537410
1903108684
1903172406
1903626821
1904442614
1904866603
1908474490
1908540057
1909625147
1910362456
1910520773
1910801948
1911107840
1911434714
1912794355
1912859696
1913669727
1914089594
1914927118
1915171577
1915221381
1915233457
1918076615
1920051372
1921821292
1922637708
1924116106
1924580333
1924735437
1925096391
1925328885
1928471847
1928574592
1929890930
1930234456
1931308580
1934098467
1934903698
1934957339
1936759806
1937170766
1938937283
1939124733
1939360108
1940746288
1941414780
1942201563
1943094286
1943135051
1943211463
1943378228
1943934392
1945140706
1945196177
1946560090
1947695586
1948003119
1949282559
1950943089
1951097104
1952101580
1957515532
1957583948
1958595560
1960245055
1960273472
1961338918
1961563855
1964490622
1965090425
1967351128
1969343319
1970375704
1971448773
1972010423
1972345735
1972576915
1973066679
1973282134
1974898143
1976494214
1976868919
1977308720
1978407945
1978425669
1981228786
1982066068
1982291799
1983139220
1983157137
1983308172
1984690891
1986501510
1986907956
1987335574
1987656791
1988224221
1989332213
1990262954
1991502586
1992446214
1994267582
1994776454
1995822430
1996019107
1996663925
1998127977
1998393263
1999662424
2000224287
2000779539
2002227986
2003297942
2004662252
2005382540
2006132079
2006899989
2008491804
2009222277
2010628180
2010713804
2012202223
2012448845
2012917260
2012970475
2013488508
2013633126
2014552043
2019718069
2020162383
2020228388
2020521116
2020574135
2020803878
2021398533
2023823577
2026418421
2027821911
2031436799
2032876897
2036743602
2036805992
2040101843
2040310243
2040936521
2040954741
2042419906
2042530285
2042689349
2043291429
2043438802
2045148813
2045455097
2045880341
2047679224
2049537817
2054993976
2055822823
2059244031
2061600753
2062408094
2062410935
2062518425
2064381120
2064812650
2065890452
2066983123
2067526571
2067705179
2067836703
2071051745
2073118384
2075584851
2075709579
2076889858
2078345488
2082437482
2084810311
2087135026
2087326105
2087694000
2088902020
2089100607
2090480311
2091423697
2094419648
2099269043
2100363702
2100903219
2101283487
2102469019
2103093735
2103534776
2103896331
2105344147
2105574675
2105721129
2106493057
2107004959
2109134200
2114527124
2115625837
2116348859
2117737750
2120080955
2120739596
2122474956
2124589041
2124863406
2124876243
2125793559
2125923307
2126404548
2126967792
2129164577
2129314060
2131518669
2131657651
2134613951
2134847378
2135495372
2136904491
2137038659
2137292156
2137399091
2137497606
2141397199
2141846691
2142878287
2142987580
2143113732
2143657023
2144497557
2145089870
2145361493
2145618546
2148515938
2149272324
2149631680
2149632784
2155465712
2156533828
2157910881
2158177772
2158443626
2158665021
2158914407
2159361068
2159479387
2159947302
2160159052
2160567484
2160974760
2161940684
2161968763
2162476828
2162524951
2162723054
2164788334
2165713844
2165970926
2166535531
2166924346
2168613310
2169635668
2170093198
2170969503
2171277359
2171319508
2171907721
2177503095
2177528179
2177809024
2182549618
2184004104
2184742364
2185221483
2185865215
2186099726
2190497997
2190772268
2191166498
2191490135
2192419107
2193021487
2193416486
2193818072
2196824484
2196988195
2197237091
2199485847
2199522579
2199578673
2201094626
2201421057
2201709285
2202525937
2202799445
2203243352
2205213431
2206257419
2206390895
2206542948
2207532761
2209136124
2210458312
2210944128
2211271365
2212871904
2213281887
2215324550
2220290501
2221366475
2221400556
2221729936
2221977562
2224669584
2225574701
2226153400
2226367197
2227966507
2228695001
2228810611
2229221097
2229416151
2229634753
2231457606
2232694406
2234950921
2235768220
2238061728
2239568231
2239904179
2240328929
2241510414
2242670715
2245956722
2246069229
2248609380
2248616845
2251318822
2252797859
2254903345
2255855963
2256122525
2257204037
2257290386
2257467203
2258632769
2259893256
2261698643
2264575082
2264944113
2266460982
2267055412
2268052840
2268075777
2268296363
2268719267
2268812092
2279981216
2280353224
2280513201
2282939465
2285356291
2285548897
2286407082
2286660165
2288223118
2288261777
2288528326
2290412436
2290629682
2293114359
2296331514
2296619327
2298365056
2300294162
2300673033
2301424252
2301467884
2304589229
2306283167
2307429022
2308034662
2308448078
2309291989
2310044759
2310237571
2312394826
2312407880
2314693955
2316100593
2318544865
2322435481
2324942083
2329690312
2330956903
2331646361
2332387502
2332630483
2332840174
2333210133
2333266143
2333268317
2333973655
2336090912
2339066532
2339826963
2341774377
2342043874
2342234255
2342614906
2343239941
2343899875
2346761592
2348914203
2350157966
2350628913
2351358112
2352575056
2353732162
2356026594
2361003644
2362175035
2363827938
2366201530
2366567266
2366849078
2369939650
2370177905
2370870444
2371214153
2371534667
2372235628
2382927310
2383291712
2383368994
2383730704
2384169291
2385984344
2393648750
2393755896
2394623020
2398111295
2400471347
2401188804
2402006499
2404701576
2404752395
2404808333
2407792077
2407955203
2409139019
2409188493
2409394783
2409622210
2410208957
2410681487
2412124215
2412227552
2412903963
2413386213
2414813398
2415595309
2416884601
2418357741
2419047590
2422023355
2425783723
2426924387
2427509813
2428101607
2428249954
2428680676
2430570645
2432209412
2432853190
2434456151
2435238989
2435357409
2435358865
2436066323
2437496217
2438998230
2439727190
2441247390
2441413665
2441505266
2442061993
2442452270
2442538609
2443022793
2444198125
2444247326
2444253209
2444956264
2445045483
2445341625
2445418316
2446959303
2446968629
2448354386
2448947449
2449642450
2450195141
2451985767
2452017584
2452033593
2453860992
2454041085
2454324761
2455041268
2455271811
2455787364
2456457695
2457132829
2458742728
2461329620
2461686778
2462354643
2462742247
2463127997
2463539906
2464396331
2464938302
2466015730
2467368127
2468166962
2469158907
2469854491
2470007721
2470484154
2470631465
2470758406
2472985168
2473090186
2473191046
2476778670
2479479928
2481150394
2483546421
2483957018
2487350432
2489704982
2490208757
2491351251
2492492107
2494061616
2494387270
2494479267
2494619151
2494785788
2498441924
2499509907
2501335275
2501775493
2501977874
2502889712
2505560588
2509455717
2509462602
2511352678
2512303511
2513476356
2514782496
2515635301
2516064629
2516977240
2518845249
2521397013
2521950321
2522026517
2524093921
2527057758
2528579296
2529682972
2531494774
2532662956
2532820338
2535622342
2535868169
2536055324
2536151246
2538045572
2538643369
2539132113
2540156843
2541294665
2542601481
2543440652
2543493267
2545005207
2545871899
2546101366
2546791929
2548046338
2548786552
2548928078
2550454535
2550873453
2551003093
2551383735
2551425298
2551471301
2551587967
2551783026
2552008411
2552337456
2553327794
2553816759
2556132122
2558261467
2561815456
2562155487
2562697403
2563012883
2564184810
2565090763
2566487250
2567123201
2567337672
2567469828
2570596261
2572458394
2573305571
2574092228
2578231738
2578374679
2578723798
2579803227
2582386575
2583711304
2585765034
2587019824
2587659448
2587797424
2588171702
2588622651
2589595465
2590025912
2591142081
2591448845
2591732916
2593474083
2593599635
2594245189
2596964753
2597001514
2598116590
2599222362
2599762006
2600185203
2601344950
2602398111
2603236400
2603656998
2604385430
2605114002
2605309977
2607517762
2608016803
2608518026
2609025565
2612320648
2612650162
2616402636
2617290704
2617412834
2618103135
2618766775
2621982894
2622305526
2622658822
2622853958
2623984196
2624497425
2625312107
2626472054
2627326034
2628054061
2628190321
2628742480
2629689031
2629698312
2630029745
2630695302
2630800699
2632631011
2633547782
2634256418
2637265409
2638480911
2638595326
2638774189
2642489558
2643910961
2644437010
2645983976
2646102159
2646376129
2647279098
2648266276
2650402755
2650596468
2650836622
2651883894
2653695386
2654191474
2654441270
2656433206
2657537404
2659076503
2659090173
2660501691
2662156098
2662470300
2665425900
2666087455
2666260256
2668391289
2669078627
2671523739
2672940559
2673929955
2674021602
2674658119
2676316980
2678116046
2679267021
2679858708
2683463990
2683865160
2684456337
2684929393
2685365207
2685660241
2685885331
2686062306
2686095191
2686109866
2686201888
2686928515
2687776595
2692129070
2692203539
2693978690
2694015374
2694870340
2695234576
2696999149
2697004090
2698121090
2699485568
2699611160
2699652238
2699786696
2699961477
2700948879
2703362279
2705921513
2705935956
2706006896
2706057081
2709075564
2711420709
2711949330
2712601256
2713410555
2713846465
2716229690
2716271538
2717281022
2717552430
2718445054
2718955808
2719597631
2719899970
2721599477
2722686203
2723070564
2723653842
2725403872
2726751034
2727953971
2728443546
2729501770
2731719207
2732636232
2732795209
2735632815
2736179397
2736301560
2737179444
2737480233
2738598987
2738856067
2744269613
2744921330
2746196431
2746703502
2749037667
2750007290
2752298691
2752865569
2754349374
2755174020
2756953814
2757164997
2757278949
2759968653
2763236370
2764948615
2765416819
2765447600
2765667236
2765913225
2767355075
2769869124
2771098187
2772929747
2773665181
2774937648
2781568033
2781624006
2782785433
2783929183
2783984510
2785253486
2785303346
2785652010
2787110690
2787880785
2791188538
2791224510
2794458665
2794799829
2795126772
2797748075
2799971246
2800351720
2801827149
2805170122
2806731457
2808337871
2809445721
2811372476
2812125525
2812128980
2816267006
2816589211
2816676717
2817501561
2817711011
2818472559
2820716222
2822042226
2822131810
2822219089
2822507535
2823763641
2824890466
2826006411
2826713149
2827660804
2828502569
2832039145
2832224907
2835211382
2836790747
2842876763
2844046432
2845972509
2846800301
2847200250
2847746208
2848473067
2849154317
2849371466
2850419989
2853516092
2853586680
2854157479
2857436676
2858297336
2862539820
2862562893
2863665567
2863917874
2864524578
2866052053
2866438994
2867833395
2871081503
2872519928
2873517339
2876479851
2876586750
2876849226
2877401550
2878450862
2879237985
2882272542
2882952481
2883490801
2886073143
2887119714
2888356673
2888406966
2891058273
2891296965
2891458562
2893240674
2893964810
2894905356
2896186561
2896351591
2897995025
2898322739
2899413551
2899549284
2901251149
2903317413
2908204173
2908561327
2910547338
2911131963
2912903106
2914179383
2915602614
2916527234
2916967062
2919623484
2920954805
2922315802
2923739140
2924533338
2924569105
2927217355
2927400439
2928537028
2929008406
2929483205
2930456218
2930500352
2931161551
2931325017
2932435706
2932929277
2933619240
2935510104
2935737467
2937173579
2938023935
2938051325
2938423273
2938748974
2940623228
2940727824
2941097949
2941765561
2942137575
2943143571
2943897470
2946329597
2948326639
2949506675
2950565179
2955294001
2956657249
2961285561
2962105736
2962666112
2963635557
2963982582
2965030389
2968981512
2970209262
2970876349
2971994842
2972337278
2973501738
2973933552
2974309542
2975106892
2975186988
2976024808
2976741930
2978159036
2978738076
2978874585
2979481240
2980532045
2983147628
2983377840
2984750814
2987767963
2987909762
2989013834
2989249709
2990621304
2993492850
2993878702
2994220713
2996744815
2997233472
2998005809
2998375098
3000813014
3000989003
3001588017
3001689108
3001910499
3002304558
3002789836
3003427496
3004703820
3005763003
3006530897
3006733927
3007104433
3007535701
3009016461
3009446677
3009842072
3010271287
3011397364
3014868240
3017620919
3019287962
3019466942
3021055546
3022139014
3022710495
3024734062
3024828835
3025590470
3025893117
3026405696
3027524937
3027724076
3027835569
3028124470
3028313451
3031076758
3032587942
3036374547
3037943446
3039419890
3039466627
3041969953
3042387995
3043130470
3044616997
3045503262
3046929002
3048632034
3049405853
3050146817
3052050539
3052105701
3052747151
3052957194
3053199827
3053630396
3053693930
3053866778
3055129133
3057414353
3057449708
3057679769
3058080036
3062397871
3068657845
3069426023
3069523707
3070339498
3071535733
3072431380
3072470701
3075670110
3077135913
3077333816
3077856198
3078588913
3079530618
3081161171
3081673800
3082469546
3082549172
3086243701
3087007832
3087156001
3088778256
3090848275
3091289154
3091766239
3093476375
3093707965
3094078072
3096014667
3097130904
3097297043
3097475341
3098331578
3099633005
3099869114
3099941176
3100684798
3102580217
3104150265
3105624182
3108108733
3109636632
3109649758
3111037344
3111733346
3111755036
3113454085
3114859347
3115356908
3115587054
3117000177
3117952874
3118107811
3118448032
3119623409
3119870668
3120345482
3121878322
3123378977
3125165578
3126074649
3126921702
3127315226
3129289194
3130713353
3131161060
3133895664
3136765951
3138854348
3139536480
3144075084
3144499195
3145078098
3145531746
3145820041
3146106707
3147127989
3147436129
3147519486
3148342773
3148389247
3148920006
3150468226
3150564810
3151847243
3153333712
3153370632
3154209253
3155033817
3155676951
3156613158
3156989065
3158667393
3158672593
3162428495
3162795130
3164377014
3168489914
3171868487
3171992153
3172239667
3173564739
3175931520
3177227332
3177956060
3181390554
3182072872
3182664329
3183281102
3185193500
3186189289
3187623411
3188019305
3190033156
3191162915
3192476305
3192868004
3192995703
3194563235
3194628202
3195687010
3195697604
3196118629
3201528086
3203186346
3206730341
3207990260
3208844225
3208916898
3209345242
3210390623
3212554620
3214394460
3215165320
3215431763
3215831445
3216238529
3216668149
3217191324
3218255235
3218375496
3221093814
3222080095
3224915083
3225039162
3225472057
3225473747
3225648241
3225715935
3226597328
3227974514
3228093867
3231435180
3232600951
3233459329
3233513391
3233640482
3233723376
3235186444
3235658360
3236796290
3237286813
3237613860
3239301905
3239788587
3241096660
3241552336
3243242763
3244992641
3246120516
3246209312
3246776460
3246961824
3247130092
3247965639
3248183746
3248393860
3250429787
3250466249
3250813269
3251381256
3253904789
3254296745
3254713851
3255320428
3256128100
3257235192
3257597012
3258752505
3258989514
3259126160
3261284119
3261380861
3261715236
3262817476
3263543534
3263589663
3264626902
3265790116
3266618736
3266709304
3266867305
3270918410
3271750970
3273353862
3274232774
3274795960
3275098493
3275910649
3277189329
3277606000
3279254215
3280487805
3280756919
3285132653
3286233497
3287335284
3287943057
3288722524
3289365300
3290879764
3291223367
3291863531
3293874398
3294344797
3294597764
3295280700
3295337005
3296997901
3298489723
3299234320
3299934491
3301842893
3302492817
3302727469
3303355411
3304311888
3305359820
3307029828
3308526903
3308595412
3309671574
3313712438
3316728651
3317003461
3319230162
3319617388
3320662139
3323767773
3324500103
3325446830
3325707812
3327513869
3331035852
3331046679
3334741623
3335117812
3335877071
3336156734
3336761619
3337198329
3337513776
3338068343
3338224469
3338648534
3339641703
3340082989
3340841063
3341677493
3342110203
3342481612
3343438541
3343497784
3345604453
3345792903
3346756592
3350688821
3350833003
3354511071
3355078863
3355265883
3356064332
3360634255
3362474310
3362690296
3363107090
3363193730
3364141479
3367644545
3368914528
3370182133
3370490506
3370646122
3371223958
3371854977
3372325714
3372639590
3374221592
3374397296
3374484514
3374561292
3374581594
3374641225
3375375963
3376077804
3377715458
3379015286
3379837986
3384169167
3385867963
3386157958
3386190392
3386214854
3388251525
3388669121
3388897070
3392328553
3392501818
3392623902
3392690472
3394701536
3397136988
3397598462
3399225935
3399982445
3401020346
3401628368
3402135535
3405778263
3407016592
3407164921
3408401617
3408992717
3409936003
3410553450
3410716955
3411397248
3413268068
3414684039
3414871355
3417186210
3417493486
3417498443
3419475728
3420005673
3420886274
3424069709
3424522751
3426622173
3429721116
3430124350
3435221827
3435293585
3436964020
3442995423
3443882342
3444266788
3444778846
3445717738
3446672324
3447139322
3450361962
3453369901
3453457811
3454149074
3454705938
3455495804
3456076406
3458506814
3459905100
3460627007
3461874054
3462276532
3463099206
3464071157
3464798098
3465801154
3467685283
3468020703
3468831557
3468938126
3470818849
3471645614
3471645917
3471946989
3472519860
3473118779
3473865351
3474740243
3475150349
3475490386
3476072138
3476222072
3477111023
3477365636
3477476327
3478118316
3479874287
3481014507
3481509046
3481589568
3483386419
3486307738
3488171956
3488498630
3489186117
3489458686
3491643853
3496107896
3496291740
3498043810
3499291621
3500167604
3500318893
3500509280
3501489906
3501647961
3503259182
3503323612
3504234567
3504477573
3506521541
3506769432
3507128114
3508478932
3508893329
3510318996
3512629186
3513895982
3514856344
3517581327
3518357524
3521810357
3522308507
3522458091
3522550313
3524019819
3524556082
3525249897
3528454859
3528754270
3530208769
3530971636
3531039615
3531989458
3533260214
3534126857
3534429221
3536219427
3536401093
3536567745
3536724038
3537301222
3537479249
3537753903
3539874078
3541927984
3542393775
3543171201
3544059489
3544452179
3545214064
3548053643
3548801100
3550542347
3550590584
3552501392
3555374527
3556448477
3556951019
3558360634
3558663219
3559657658
3560167369
3561937434
3564321938
3566537978
3568208260
3569419091
3570732765
3570848336
3576553021
3577601244
3578039129
3578166156
3578364878
3578572084
3578975729
3579193001
3579778800
3579790575
3579921204
3579966946
3581217006
3581443166
3581868062
3582575970
3584004996
3584281238
3584654008
3584755049
3584763123
3585739863
3586076661
3586410996
3586424331
3588727985
3588789790
3589047056
3591307728
3592004703
3592028205
3595241171
3595336725
3596602506
3597444197
3597734311
3598015897
3598087949
3600644225
3603227375
3603854549
3603991088
3604763583
3607245588
3610090238
3613111546
3613506478
3615398457
3615629328
3616564327
3617912130
3619693669
3621993408
3622803795
3623110407
3623884425
3626154868
3628738691
3629936326
3630223958
3631666973
3634663482
3635295357
3636426900
3638362594
3638958760
3640460254
3642596932
3643344191
3644571973
3645470288
3647025625
3647405326
3650066360
3651149045
3652996670
3653056028
3655657426
3659422193
3659573975
3659687382
3660842846
3661267755
3662031302
3668110309
3668512846
3669705167
3670045300
3671032976
3673659615
3673770874
3674881099
3675585013
3677873576
3679378468
3681786479
3683511661
3684382055
3686939382
3689154203
3690115036
3690538047
3690618039
3692714270
3695742880
3696518616
3697409857
3697791366
3698344971
3698504983
3700776643
3700832606
3702636152
3704617987
3705531974
3706324114
3706724968
3707354972
3707895661
3709004817
3710821757
3713069548
3714308626
3716178833
3716320228
3720381076
3721057130
3721059233
3722520151
3723286520
3726020584
3728441907
3731749564
3731784786
3732102736
3732681654
3732722792
3733237399
3733462987
3734067275
3734246534
3734862167
3735953766
3736051023
3736152482
3736174186
3736296746
3736475241
3736542472
3736650292
3737333804
3739956689
3741198643
3741646347
3742647514
3744004018
3744060918
3744896445
3745730902
3745754608
3746029252
3746704358
3747283463
3747622537
3747938207
3748577068
3748802843
3749500995
3751114947
3751968827
3751981091
3752406119
3754498999
3755266836
3756788901
3757025792
3757303999
3759399779
3759580203
3759756566
3760734172
3761168840
3761338684
3761387013
3764078616
3765662548
3765963187
3766710626
3767011864
3767749062
3768185480
3769265601
3770795651
3770833168
3772793282
3773475604
3774518462
3774815672
3775684044
3777785668
3777978374
3777992863
3778291813
3778804527
3780122009
3783375078
3784321841
3790457378
3792703263
3792912742
3795667476
3796419642
3798956417
3800157355
3800528082
3802048653
3802820291
3803259686
3803525878
3803718415
3804463720
3805451462
3805971816
3806460434
3811924619
3812377425
3812855409
3813875679
3814058393
3814597030
3815724840
3816207222
3817465703
3818954212
3820185472
3820935027
3821420336
3821935109
3822170546
3822540422
3822709486
3823476488
3825314307
3825828869
3827104915
3827279529
3827878015
3828059792
3830229964
3830797261
3831349265
3831794989
3832373742
3832447189
3833887894
3834034766
3834189135
3834540102
3835363661
3835387243
3836933822
3837202695
3837846826
3837901830
3839333544
3840568524
3842767284
3843312649
3844529927
3844760383
3845257740
3845981222
3847858581
3849269849
3850702994
3851055649
3851949500
3853326656
3853601547
3853687088
3853731534
3854112532
3856802881
3857128956
3858427663
3860854892
3861295134
3861866214
3862484526
3865033834
3867794598
3868342787
3868366579
3868841822
3870016562
3870274216
3871432946
3873035479
3875087266
3875127906
3876103915
3876151240
3876810004
3879400290
3883926992
3884867578
3884909539
3885110727
3885126766
3885367966
3886533602
3887484970
3887825137
3887938480
3888909735
3890005874
3891435558
3894527980
3894580815
3894794254
3896152736
3897074341
3897690539
3897942708
3899078266
3900171261
3902082595
3902479760
3902568281
3902801374
3904104228
3904828764
3906298909
3907644613
3907833473
3910370900
3911862342
3912149843
3912575086
3913839247
3915318044
3916026529
3916138986
3916173706
3917352965
3920679891
3926055259
3926291419
3926395177
3929078625
3929161514
3929360901
3929868774
3932677052
3932779107
3933122234
3934030810
3934127468
3934499639
3934947957
3935368646
3936447105
3938055824
3941144207
3941199916
3941241338
3942040823
3942049418
3942391487
3942796712
3944115480
3944528613
3945197504
3945726359
3948222442
3948571567
3948683404
3949425003
3950841225
3951840182
3952037969
3952835912
3954477148
3955854611
3957885203
3960019453
3967445785
3968889688
3969023592
3970698957
3973618820
3975099070
3975349023
3976902698
3978252198
3979620773
3979707210
3982892072
3982975714
3987282540
3987882230
3988549728
3989017071
3989078995
3989257701
3989702369
3990658320
3991408833
3992822977
3994108683
3994167237
3994339405
3995589332
3997001906
3998301196
3999202675
4001565740
4001888018
4002609020
4007642470
4008253679
4008474519
4008754838
4013280722
4013808858
4015401683
4015528150
4015848379
4015857113
4017421676
4018531304
4018811556
4019963108
4019969600
4020923199
4021278747
4022027394
4023240321
4023488926
4025036198
4027918669
4028950691
4032245291
4033499826
4038085193
4039914186
4040289445
4040511528
4040680005
4040705936
4045279166
4046365545
4046469236
4046839339
4046912429
4047644529
4049000981
4050960614
4051371884
4051418550
4052384738
4053201977
4053652080
4055201606
4055307282
4055372900
4055788725
4056125493
4056154103
4060098733
4060442017
4060870469
4061095370
4061186992
4063400896
4064795442
4065579948
4066069158
4066214778
4066394641
4067736666
4070526400
4072100509
4074123314
4075820569
4076984942
4077830143
4077969314
4078258287
4078707073
4079003050
4081394765
4081981558
4085853538
4088952601
4090811368
4090834317
4091464390
4093009229
4098053221
4098740102
4099211196
4099976266
4101015173
4102800284
4105598246
4107702498
4108131530
4110351966
4111236590
4112480696
4112685444
4113015885
4115580440
4125688397
4128689193
4128693192
4129137110
4129290635
4129468975
4129548003
4132210535
4132844889
4133794506
4135470759
4135914567
4136842957
4137937398
4139004142
4140986016
4141675342
4142597663
4145483944
4147113564
4147930313
4151143177
4151366054
4151857713
4151984392
4152499724
4152592245
4154494702
4155028037
4155727588
4157250844
4158740311
4159996131
4160425432
4163806601
4165647405
4166709736
4166712584
4167517537
4168030415
4168416984
4169902291
4170296417
4170787383
4173264712
4173550900
4175175138
4177835583
4178736962
4179846879
4179986775
4181230175
4181838677
4181841459
4183750866
4185188207
4186981158
4187265230
4188461057
4188952414
4189797582
4189952309
4190567305
4191443525
4198093920
4198186669
4201277886
4201346023
4203760247
4203869455
4204164664
4204300619
4205110355
4205118945
4206534973
4209291538
4210495870
4212980820
4213892813
4214875276
4215556961
4217313565
4217637401
4217899343
4218783289
4218970118
4223282733
4224367930
4224665664
4225163474
4226660589
4229369615
4229803951
4230707689
4231701156
4231996609
4236973753
4237751649
4238329926
4239075799
4240472648
4241031088
4241795885
4243242101
4243295200
4247394685
4248209565
4249463262
4250932753
4252049928
4252810923
4253598602
4254369450
4254927252
4255302529
4258336432
4259253043
4259452776
4259678603
4259808355
4260540320
4265779627
4266906726
4269619928
4269718798
4271295186
4271699208
4273793064
4274857157
4277099152
4277360238
4277677429
4279023260
4281033300
4285569290
4286756273
4288176579
4288360282
4288507936
4288739109
4292133488
4292613336
4293432641
4294162050
