3943
2820
6587
2035
5230
8999
5019
5154
6718
9593
6014
6845
3758
3947
3250
3180
8411
3972
3930
6664
7644
7165
8524
786
6279
7232
4774
6743
5405
8265
3924
9338
2959
2384
3246
62
1383
8256
7080
8091
9722
3093
6809
3480
8905
1933
8524
7315
7769
2454
3978
5413
1492
4375
6189
9635
1607
2836
6377
7002
2975
2175
8213
5924
4549
1459
5976
5922
1588
3056
5887
1309
8013
2695
6653
6917
6492
7051
6106
4261
9495
1957
1547
2860
6323
9600
2494
9794
2436
745
8669
5401
2910
6881
3198
7449
213
1047
5245
3665
5967
1131
4965
3980
5690
3491
2770
2182
541
8866
8307
1909
823
1727
6633
9010
1326
1001
8803
5626
1736
9345
2900
4636
8099
6088
3958
8303
9000
9193
1967
4966
2197
8796
819
7878
4161
3580
1933
4692
4319
2113
6592
5132
5704
3224
6015
8894
4215
6691
4520
7815
6035
7410
4324
4134
5372
8273
4310
4371
9339
8141
1210
3410
8811
2020
3161
2971
5590
6958
7653
9899
944
6118
6905
6638
1216
2919
5531
7295
1484
1924
5110
7509
1208
1307
3516
6570
1453
7816
2814
2666
5957
4014
6066
6641
6024
9217
9602
3487
8048
9128
5260
8982
5246
2164
5619
8326
6947
3023
5620
8421
4938
2603
7804
6136
5775
1319
4579
7218
9126
7383
9874
6956
3270
7813
3596
1168
8903
5071
6519
6950
4198
1778
5931
1317
5806
3423
9633
2753
8311
7127
3047
3248
1603
850
1257
7368
2160
5826
4586
3159
5082
6333
1988
225
4146
7448
3257
3048
2518
9767
9989
6706
1544
7793
8014
7341
3090
9520
1967
1400
6646
6878
6512
8240
7719
7759
7481
1752
5458
2066
6775
2413
273
8753
4502
4409
6200
7750
7447
8708
7516
9309
7287
9050
7102
7174
8264
191
6694
2104
1581
5213
8973
8083
3452
8565
7715
2807
2190
5046
6737
8955
9323
7000
9581
3824
1408
5780
1573
729
6361
9079
37
5521
12
7129
2695
149
9184
1262
2244
2638
6465
3090
720
1791
1654
308
4588
3834
7218
1324
4662
6540
198
4242
364
1596
1895
1927
4189
129
2880
4217
5640
4756
3219
208
4895
2403
1460
9003
5031
7916
3966
7616
1580
7484
9788
6158
3191
7006
9346
7843
3545
9534
3958
5773
3004
5843
9565
7183
5962
4318
1399
3476
9064
6483
3674
5832
8876
6999
6709
3906
4914
674
3395
6484
32
3183
4515
3213
2062
3860
2930
5597
5268
6878
3244
8262
2721
2808
5444
556
7116
8708
4022
8053
5190
9561
5758
5939
6559
2466
1718
3346
5005
5104
9820
6901
160
6208
113
2212
67
3033
9673
7199
9902
2916
5460
4496
7588
2778
6916
6577
3359
938
6503
8539
2372
2261
6351
8921
6591
8059
2266
3469
5036
3959
369
5186
2040
2347
7388
3971
5370
8935
1170
7145
3724
6620
1640
1312
1271
8547
9753
4620
1358
6256
5032
5594
390
1382
4514
6971
1315
8644
2314
6341
4476
2673
1527
6506
5010
788
476
2254
1596
1636
9389
5311
130
2903
6613
1391
3323
8239
7876
6545
4494
2907
2138
4874
6154
8516
3719
7459
7159
6023
5673
3508
569
7190
13
7444
9843
2353
9688
1438
5854
9076
8613
5974
3852
5225
9229
7165
3464
7104
3709
9822
1885
5837
6570
9903
4352
288
9235
3384
8175
4907
6882
8734
3971
8759
6177
5687
1112
5864
7115
6956
6814
5728
4803
665
2826
5905
9695
8154
4883
5277
9850
6758
2988
6419
8534
7330
8571
7768
2588
6745
4548
1343
5478
8509
102
3529
4195
3078
1266
3184
1907
9944
785
6700
2483
5475
2604
2177
5503
7477
7444
5352
6108
431
3644
6515
9626
2214
4282
4087
8949
8821
5420
6300
9203
7386
1702
5272
463
2959
8446
2360
2902
9221
933
5375
6569
5402
9416
2071
4752
8734
7413
860
1038
1056
7365
663
3260
3521
6614
4082
4215
2034
2256
5291
9410
3948
562
1747
8771
8998
5971
3547
101
8769
8912
6661
4170
211
8722
8912
8935
8009
1645
9963
9055
884
2500
4189
4395
9104
144
483
3011
2390
5764
2421
8203
6317
6032
6973
7188
3876
519
9154
2644
1305
5814
6804
3380
6409
5716
2314
6291
9225
4150
7220
108
6640
1408
6367
7618
3416
6840
628
7671
4478
4913
5873
2668
944
4719
9846
4811
7103
8999
7445
281
6686
6123
3651
4969
3712
7829
1259
2936
1978
8469
3035
8609
1750
9392
8100
5157
8106
8718
4701
2583
3631
2447
5241
6439
7156
6960
1249
6132
5959
568
8277
4518
6681
1927
9477
392
9746
736
5192
1724
1078
8217
2206
2819
9483
305
9840
7588
896
4540
170
4517
8851
7275
956
7880
4234
4069
4012
2066
6501
2288
6575
5055
6080
6051
7311
5825
8651
2503
9413
1603
2593
3492
4412
2075
5661
6125
9653
6548
2538
1696
2938
1388
8961
5758
9258
5069
1701
5143
7125
8192
9296
3699
5121
5375
1624
2431
3073
2148
6798
4360
3741
9382
9716
26
3330
5377
8015
2983
3798
2426
6543
6726
5678
7378
2484
4936
2446
4175
1952
9561
4240
3121
5134
9351
369
8622
3656
5307
2643
453
9657
8249
1708
9372
8265
5029
6622
8154
9876
419
579
6418
7136
6248
3795
1493
3057
6231
5658
6873
7666
1771
9985
4673
2996
2227
3294
6642
7524
5927
8959
7180
4175
667
8426
4314
5686
5047
4341
5561
5457
4910
3852
4466
3031
7638
5949
7952
5742
3480
4825
3407
5241
6683
8070
8227
8900
3237
6742
6424
1038
5701
5477
7077
6358
3902
3264
3917
823
7595
1351
8144
4379
5193
2609
7400
2830
8548
5352
8563
3901
2050
3843
1015
8723
1913
1116
7622
7014
7848
5919
8042
3548
1396
5119
1779
7162
256
5686
7975
7842
7027
6118
2220
2220
600
1493
6914
9138
8709
5476
4912
758
9310
5918
1354
3096
7024
850
109
4871
8633
25
293
28
5134
2062
9055
7254
7739
7029
5095
6639
5021
9179
8849
5611
2546
5763
6623
1254
3112
1534
3877
4295
9316
7095
7381
6339
9809
7481
3084
8442
7496
5241
8460
4503
7293
7514
1756
6905
6417
8716
3544
1437
7894
4266
8912
2313
1902
5534
3558
6879
8933
9299
1173
8248
8267
8545
6461
8076
7899
1418
6517
7268
6649
4976
3644
5815
4364
7264
2720
780
5979
8128
4081
5747
4267
4866
8050
8034
400
3481
4912
1206
4653
7949
1327
2920
6493
7778
995
6265
1069
7502
5406
7708
4351
9040
5397
8705
8178
8107
1358
4156
8108
7303
1776
4248
2169
9817
2281
4433
5171
9057
5629
9815
7006
6946
2734
5372
6598
3719
3511
7657
3094
8907
7239
7435
9821
2635
6140
7998
2615
9362
2153
2596
6665
5794
6834
707
5610
9106
5130
2654
8162
2632
2468
7041
1451
7066
2413
8039
2658
5914
7570
5742
4820
6682
5051
4640
9307
3064
4511
3795
2425
6655
6381
963
4322
5088
3534
9922
4193
8654
4449
4229
3159
8782
3143
4601
5847
5546
4513
379
3333
2082
6111
8144
8754
1161
4657
9934
4215
1042
5602
8505
9561
3856
1341
3882
8935
4866
3803
5001
5393
125
1103
8543
8897
4237
3143
4744
9773
7646
5113
3106
1602
3097
3123
355
6123
9644
2163
2211
685
7755
2589
245
1611
3921
4117
2419
8777
9784
7410
4169
9900
8504
4585
679
4614
9592
7287
4386
7238
4273
9356
713
7361
4352
2932
5357
5870
5085
7558
6545
4714
2021
8655
8189
5932
4645
607
6582
6303
9881
750
8076
267
7200
8745
4871
6791
6032
1131
5902
304
486
6605
9529
6703
9528
4885
2572
4612
4317
990
1199
6328
1518
9378
4133
6154
1858
714
2456
1739
3328
2405
3870
527
1149
8732
7309
9045
9853
3210
1223
2212
1689
751
8905
1216
7501
3350
7692
3691
4331
8882
1892
5839
142
6015
3866
3865
6719
8186
5594
46
590
1337
2438
3604
68
9737
2648
9911
4820
3861
3997
6499
6477
4775
9579
3977
8116
7271
9532
4320
8026
1423
2032
41
7428
5889
3896
6020
5948
1363
7930
6529
2691
367
2006
2749
103
4644
4534
6788
379
404
5160
8720
5169
4739
2696
5158
3883
4101
9468
3782
5514
1500
3813
4815
9253
7700
834
5200
936
8754
3602
3617
9112
5598
8231
1088
2116
4638
9740
4359
6906
4900
3078
2074
1512
7638
7223
5385
1738
8564
9157
7242
63
2969
2056
9306
2542
4754
6380
5343
3507
9972
833
4492
7444
937
7445
9550
7439
7184
5782
4344
3957
8850
8283
5459
6487
5505
2717
8215
4068
1873
7330
5996
6707
1259
7175
1122
6003
3554
6455
1383
5400
9153
7740
2843
89
5184
4266
7519
4241
47
3736
8189
770
2018
5521
7247
9387
8229
7335
5329
1975
6538
1324
555
7787
8489
1668
5663
3917
9987
7036
9307
9139
6649
2149
1102
1832
8279
494
7938
8316
4220
8000
9076
6229
3520
8196
7489
3622
7404
2817
5588
3941
4131
6133
1727
4494
9665
9254
8401
1535
6289
9581
2547
2938
3603
3639
6634
1881
5997
4571
2070
217
4444
3019
8310
7955
3088
5798
3450
491
8606
911
4422
4610
7035
8013
977
8573
7266
1251
107
5428
831
2645
239
4424
8148
8738
8169
4145
3308
2112
4352
7743
5121
4535
7571
82
2206
1020
563
2685
3796
6849
7286
830
6735
136
1276
4000
1378
1374
1302
4073
5883
3405
8488
4030
2142
8530
8165
7315
642
4390
6931
7627
8915
4501
9574
2995
7385
136
5670
1180
8850
4829
3874
5584
4956
7015
1458
6324
8379
4624
396
6135
8019
757
164
161
1161
203
7466
3667
4583
4396
3167
5372
770
2740
8357
8145
4741
5900
1199
5464
729
6937
1047
5675
3951
4369
3872
4203
8983
6132
337
7002
8754
2366
7153
9905
2559
6492
3571
9006
887
8602
6251
3521
3216
6481
1665
7947
2381
4728
3410
3100
3539
6321
8765
7480
690
4510
3557
9663
641
5758
8538
9385
8114
7564
1172
2546
4055
6607
3426
6806
5209
9667
326
8415
6148
3856
8235
8519
457
1644
1618
3986
9829
2256
3340
518
8630
6887
2055
9261
2644
2466
529
2632
30
1691
5168
5949
8289
8584
2755
5371
8251
4945
5659
6272
674
3893
6664
1122
7401
155
6972
7229
2401
311
7738
2904
7188
1666
4038
1706
4122
4557
4328
4142
8113
9486
1965
8275
9944
6584
5519
77
1528
1177
6339
4067
5060
3002
5179
2460
5021
4024
9679
7412
4326
9290
2189
3387
955
6217
5083
6942
2648
1284
2957
760
770
4912
908
2587
1495
6417
2654
3014
7584
866
7071
2643
5732
4123
6967
752
8137
8519
37
4336
7809
2216
7714
637
306
4670
7569
2944
5945
526
5568
8579
5428
6466
1165
6914
2882
5683
1801
2339
8413
745
6846
4144
6732
3812
6760
6742
2331
6787
1078
2013
876
665
2640
1172
5325
209
5981
1269
725
1548
1721
8017
8005
4750
6804
2760
432
8595
5090
8835
1213
3809
4852
7935
9486
1611
6551
3690
271
7619
5693
1137
8274
8323
4174
5472
405
154
8606
2994
1692
326
1011
1570
5067
9679
4321
7363
157
1284
6198
1360
6957
2923
1169
6442
4525
7710
131
4786
7202
5814
7788
5475
6011
1961
946
8280
3979
9542
1274
5661
1742
4149
9096
6799
3827
5290
4161
3974
8438
2232
7199
5394
5146
8358
1836
1544
7941
3831
8194
5142
1519
7855
616
9394
1689
3426
7673
5658
4842
8937
3193
6574
4959
2288
5246
8777
7568
9397
4624
6005
3503
1822
1398
522
2053
5098
3930
9984
803
2123
5125
2312
9969
7605
1705
1657
2905
9368
9180
7737
188
2372
4310
5137
4650
1429
5787
4091
2699
411
95
6192
4097
3357
8578
6141
329
2507
6124
1122
4621
1249
5298
6463
727
8867
9984
3622
117
9163
1358
295
3408
7532
7297
8048
8951
3083
2138
3524
5358
4097
9706
9446
9319
8284
5586
1521
2664
1709
4507
7275
4822
9795
5611
7414
544
7469
1035
651
8505
4258
937
1913
1789
8224
9951
2614
3180
3963
6128
8529
9924
7707
9848
1125
7864
5433
2636
528
9006
7133
9667
5702
8801
7152
3115
9335
4620
4140
9977
3124
8388
2787
5027
2051
2884
6852
6529
6054
2688
4530
6456
4485
2236
6303
5601
100
3609
110
618
4489
7234
2158
190
7908
9300
5169
7243
3919
9299
9093
8908
9561
1879
5808
3485
4753
4533
1887
2680
9085
6407
1010
3570
8633
7303
1044
606
2786
1144
3088
7265
251
5237
7445
8150
4536
2613
7266
329
3785
8232
1110
5219
1984
6908
577
6727
1441
2454
1280
525
8851
2280
5959
9358
1457
6993
9954
6107
8128
4916
3371
252
152
2689
275
6552
7166
7531
8745
950
7636
9845
8034
9610
6753
484
8210
67
2929
9481
582
3653
3634
6532
3010
6955
5398
4838
3061
5399
9744
6422
5642
1769
9101
5907
194
6266
5312
8930
9081
2947
657
8988
2557
7400
9462
766
7457
4264
2120
9904
7908
5745
8309
2791
2699
5580
9493
7625
979
1119
4046
6611
2878
5021
4391
4937
3160
9693
5740
4114
2640
6387
3101
7061
3787
4437
7817
3117
8691
9928
4894
8472
7546
5076
1263
244
656
755
7859
1625
3739
3779
109
8481
673
4490
3417
3823
4183
9147
9802
8687
5534
4776
5747
1194
9203
5437
6175
9768
5364
1069
8239
2909
6135
1375
5018
8655
3995
4750
279
7724
402
2252
6204
1065
6733
9612
6753
2789
641
8428
3349
8039
3203
969
9223
4280
6396
5398
4047
3634
8331
4159
8407
6339
7399
5298
4994
1393
1922
7137
9107
2314
1263
7184
5244
9860
8669
3870
2648
1184
2297
7861
9213
5490
8820
319
1643
7089
7581
7554
2596
5911
1713
1003
4123
9102
8165
990
2368
86
9992
3348
2391
1254
531
7625
1113
1074
3368
5625
2248
5655
3485
1460
3018
4178
3643
4652
3140
1223
2205
5727
7124
3908
8594
3121
4883
6758
4101
9115
8709
4092
2462
1099
7210
4858
597
8313
5922
3955
5811
43
1483
1169
3367
4491
5337
7001
9133
351
8214
1338
7942
7212
7110
8409
332
3867
7040
6297
2981
5748
389
7308
8711
9463
2165
1181
7776
9951
5126
3586
1867
8473
6620
5224
2964
1956
2224
2096
4171
2312
5298
2112
9514
2408
520
1719
8139
9425
8006
1119
5172
268
300
3883
9722
2455
5054
9371
4279
2054
4830
6136
526
1449
3234
3480
5270
7322
7441
1314
9624
2738
3417
1020
7010
5801
2729
7022
5225
2609
15
2271
4741
305
6144
6336
2751
3071
5706
8894
5115
2410
6904
7506
5723
137
985
992
7449
299
2297
7073
4902
7578
9957
3785
5252
4560
807
2351
7159
812
6486
3773
1107
2629
109
5722
7564
7679
4616
2679
88
1519
184
7676
1646
3033
8658
968
5197
2828
9905
98
2279
9862
3873
9396
4421
6544
3620
3453
7346
105
7216
8444
4598
7315
6039
2161
4994
654
6704
6946
4037
6878
4621
7547
1785
5153
8506
6972
9845
8410
8934
3998
154
4680
5267
4565
1224
8877
8008
8560
855
5224
8877
7317
4412
4916
9468
9396
7434
8046
8216
1471
6797
4710
891
8572
1736
1270
7417
3455
1554
6350
7443
1698
2904
4583
6254
4118
5333
4261
2677
6178
1358
1554
5368
5761
8334
4835
7030
5767
2880
7119
7228
1551
1829
9984
122
5429
1253
9404
8874
2797
7627
8190
4486
530
2772
2613
4638
8095
8738
7306
6146
96
733
1513
5847
9057
8213
4750
6697
2966
1869
5799
4507
3688
5782
4620
990
7025
5897
9855
1696
3523
8044
8046
4044
816
658
8672
784
9386
7851
6921
1355
457
8424
7192
1387
6636
3816
8075
1476
5675
3873
5973
1236
1528
2466
2216
426
8353
2070
2112
1876
114
157
5910
2794
2679
6455
3568
2065
6180
488
3410
6627
786
2476
9879
9286
8156
7953
761
3830
3699
6725
5056
5217
9181
9136
5633
9408
3080
9610
1283
5058
1640
9057
7842
4310
7385
3283
8239
3564
5636
3522
2065
8286
7862
1943
7571
6017
1769
206
9837
7332
6921
6766
2548
7975
7776
54
7382
855
1537
538
5903
3168
9585
5618
7468
6970
8891
7580
533
4526
1101
4462
2811
8954
6395
2256
6844
8154
2452
6681
7359
1246
5320
1780
9211
4969
1825
8467
5814
3352
8995
1716
6510
463
9198
5851
7423
8089
3430
9820
4488
4522
4282
9164
5349
2550
3293
2192
2578
5735
746
9927
8845
7931
1707
9929
2899
3522
8395
8704
8738
9264
2293
7122
9717
1491
4846
7139
1453
8267
8832
7805
4662
3113
8842
1884
7528
2134
5940
105
9733
6677
31
8577
4607
1728
8506
7496
7114
8774
8073
7726
8037
2240
4847
7753
5595
1566
6765
7038
9823
7471
6716
6358
2457
5558
115
9975
9556
6046
79
9289
2722
101
9739
9193
3693
127
8562
807
8892
6635
8523
8802
748
5243
8429
6333
8673
7067
3370
379
4537
1959
6727
6985
7507
6833
8833
7063
4752
8903
8225
7464
877
7963
8530
4560
9955
7091
5357
8846
5599
5753
9521
6337
2869
7949
2669
1542
6890
7903
1911
1426
9853
511
284
9233
9208
9108
8169
3959
9884
6393
3296
760
6230
1825
5310
6184
8907
2541
6903
4505
167
6423
2716
4901
6246
5375
6433
3135
5152
217
6425
6878
718
6700
6110
1800
7681
4279
5749
7564
2545
9036
197
8765
860
7371
6822
1640
9902
3724
6136
1943
2021
725
6834
140
6090
5140
3265
3115
7221
9680
9983
9803
8253
6093
1602
7807
2245
7342
5370
4780
8251
7431
3545
984
4802
2240
2615
6577
5955
624
8510
9840
1339
7217
9970
9293
4230
5108
2408
1450
6661
2390
1253
4914
8473
2845
4594
717
2060
1838
7362
2184
9259
2780
3159
4060
5010
5764
2511
2838
6378
1020
2677
9581
111
2646
8873
4331
9618
1280
5772
6279
3661
8889
3066
4007
3607
7650
6589
5658
9478
3950
7832
8737
6720
2864
4670
1729
8618
7171
4558
6869
65
9099
8323
166
3619
7196
6361
3236
8466
4006
9505
4000
2894
2570
7998
6492
220
6460
4023
1571
409
3728
2181
8993
6583
8716
2595
7074
5886
9017
3943
7815
8116
4139
9845
1734
1334
6206
4960
1674
211
6339
5664
4970
8899
5535
1461
992
1994
7348
4428
4267
1075
6599
5133
7648
5314
7719
4722
3074
6735
538
888
6724
4667
733
8448
5992
8803
5282
7656
9004
1620
5193
5847
2392
728
7298
5249
4586
4645
9667
727
7585
8139
5850
5232
5327
3568
1827
8391
2177
2355
1152
8891
8887
1875
9213
6752
2551
4494
6281
1555
7978
1473
7392
2243
4065
6564
7482
525
3082
9022
1242
666
9035
7082
7763
4361
2524
9580
4625
6565
3809
5767
7329
2695
9507
6541
9437
2057
2908
5717
5476
2759
9054
4742
4993
4993
3179
4348
5508
8125
5244
6740
665
4278
5695
8418
512
92
9871
5127
8521
5553
2767
5850
8238
2273
2390
9548
6195
5289
7138
3544
9912
8066
8276
4904
3058
3328
9243
8556
1453
4486
7169
2108
637
4737
2399
1139
6694
4143
6256
5214
9687
9013
1063
9798
3160
5318
1229
1228
606
8357
4762
2391
8296
4912
7286
1353
113
8402
1782
1556
2887
8941
5528
5388
5552
7917
6517
2245
3934
4646
7449
3620
5532
386
3417
8682
5694
4636
1783
8164
4867
8410
554
3162
3321
7830
6380
3424
6231
8152
6845
991
8967
2372
6369
4518
2163
4759
6753
6087
9395
6075
1580
4927
6451
6861
5482
4018
3371
7256
2181
8228
5665
2726
3263
859
2429
9633
6147
8651
9659
2991
1515
8625
7228
9749
5016
1264
4507
3642
9215
3902
9707
794
8819
8032
9519
4300
2049
2889
3429
6095
2990
967
8811
6244
1816
1239
7750
7954
1763
9282
2818
3269
7906
45
4891
4795
1299
9388
8427
2387
3289
17
3171
3981
8039
2690
155
1961
7443
5448
8046
433
6406
8730
8541
8212
1843
8164
8039
3596
7446
857
8729
7225
2766
3619
2020
5930
4881
446
8307
8160
2327
3352
4015
2239
6032
4160
4191
5348
9598
4110
5771
7877
4714
4311
6089
6547
2475
6001
2016
1794
8722
745
9009
1488
6228
1028
7408
1108
3339
7588
1142
5656
939
5147
7886
8835
1180
3950
4183
2651
9924
9944
528
4637
6129
8481
3057
477
6355
5064
2261
5077
7673
1269
6555
3900
4162
5836
6873
9365
3423
9879
6894
6227
5025
6653
5061
8069
2476
9234
2593
2400
1061
4985
8901
7180
5339
1958
9521
1694
8886
1781
6761
6558
4914
5189
2331
949
1024
9194
2187
6311
9072
9072
4411
5970
7598
9463
5912
74
579
8496
2464
1630
5354
3238
683
693
7060
2077
2377
5945
3848
1011
2502
636
6190
6698
1575
9078
5891
3753
7262
6837
4698
1673
4680
2295
1135
592
2359
3578
961
6687
7073
6305
9916
9620
6988
6975
1697
1238
4794
5535
2239
7286
6161
8419
3983
9601
9370
1748
5227
6632
458
9915
8295
5128
4083
1303
7584
6433
4871
8535
4993
1943
6714
6782
1563
5575
3757
3250
8678
8541
658
916
7700
8684
1209
3557
167
578
7169
5384
7200
7617
7172
7368
4618
1254
8661
2202
9551
5406
2610
6418
9213
1197
3199
775
6763
6946
5889
5440
7360
8412
8220
6934
7095
9419
2364
9126
9988
9523
4509
9061
9013
3554
6429
5504
6672
6963
7696
8097
2368
2180
4514
1581
3367
7703
4220
2003
6523
109
7433
5756
394
7527
2689
9353
6945
6917
8478
8806
8313
4860
7867
7325
8404
6169
2829
6949
3131
2398
5045
5490
6442
9549
8935
9800
7252
3154
1802
3774
5127
1109
9520
5511
8626
4083
6737
7444
999
5214
6250
1186
73
5990
384
350
4032
5077
7290
7153
7466
2334
4516
3907
1883
5324
5580
1008
8469
9247
4772
3595
355
6165
980
854
2121
7707
171
4985
4795
8285
6161
6732
4274
6535
7073
179
1612
6236
9197
951
8560
3712
4848
2316
910
2302
5188
9369
1548
1833
4837
3767
7989
7681
6485
1983
5388
6646
6958
2056
4931
3118
8778
1078
1527
5850
1248
3129
2085
444
4070
2519
6020
791
6699
8794
3083
1887
8162
6495
5584
4873
261
5446
2553
8610
7420
9805
5256
4377
1860
2060
9360
638
5002
886
6478
6240
4005
437
8548
9939
4820
6442
729
1518
5235
5677
5269
5271
2171
853
143
4297
6289
2686
4780
5582
2491
1909
9950
4341
3959
1192
4969
8952
2068
3321
7065
7937
5622
7487
7875
441
5802
477
1949
1036
6144
9083
8171
189
1809
8304
6350
9962
2864
3003
5544
7219
4903
7367
3433
8852
8549
8393
9677
2490
3587
6742
426
9199
4228
174
9630
1903
641
3452
4803
8650
4408
2974
712
6207
3151
8926
8043
6005
1928
3586
5097
6821
2826
8521
5673
3248
8787
5349
7602
2373
3964
8018
3445
65
65
3074
1958
696
8390
6752
1219
2798
1599
1921
878
4740
846
794
2619
4639
4370
7706
1459
9060
8100
8996
4181
6886
6219
1782
9249
182
9790
4567
2112
1728
9505
5934
2415
7895
2685
3624
2566
6148
7410
5308
888
129
6093
5371
4758
2336
4950
6208
3270
3050
7077
7441
9926
3295
9214
1058
5342
886
5615
9318
2605
5120
5251
6884
4888
9801
507
9318
5948
9781
4625
6826
9901
2591
4070
4658
4918
9011
2739
8178
2060
9807
5618
3859
4975
6705
4907
2190
7582
2396
1507
2060
9380
6749
8934
4267
6549
1314
3584
2496
1095
82
1196
2869
2664
5256
7517
7572
4266
2130
7623
8190
3810
5114
2049
8775
1819
8820
2839
1274
1215
4336
3324
2468
1084
4131
6725
7623
5435
2182
1993
8394
2255
3179
1262
6783
308
653
6228
4565
2773
3850
4628
8447
8954
6667
9095
2646
7361
1933
3910
8566
6260
9098
1034
7334
3228
9623
6831
537
3679
8814
8921
5924
3866
183
4580
4164
826
807
602
5463
4647
5221
3909
5474
3761
3003
8111
1121
4927
3894
1561
3060
4866
4459
393
8084
4081
9088
494
7750
9775
9406
5547
3640
1462
126
9669
4152
2797
270
9605
7434
5481
5387
4782
1116
263
4766
2227
5180
8650
3778
8230
3515
8227
497
3473
4182
1458
3957
1931
1233
5236
9343
4863
6688
1342
6405
839
4130
6666
2317
3437
4020
9568
8209
5126
9822
2974
9218
5001
3498
2995
5105
8877
3096
7466
4223
7268
8914
54
1072
146
5280
2288
6874
3842
3621
3278
6545
9615
1817
736
3051
7702
303
3134
4701
124
7972
3918
6990
3343
8778
3968
2220
1873
1433
8307
9131
2220
8351
2076
4231
5505
4355
2978
9337
9840
8120
7755
9454
9928
8481
4378
9503
8775
7502
4203
772
5474
8112
7752
8807
6889
3593
2900
8752
6890
1207
9756
9101
1431
1831
5205
6926
8050
8173
8136
7889
6292
5891
7342
8093
6245
1720
7595
6893
1095
1798
7656
6559
1783
7281
7240
8662
874
2013
9287
7754
3210
925
8728
6506
4620
3932
3431
2670
3978
3441
558
270
1205
9765
236
7440
1484
7822
6207
4443
1493
5736
1002
3266
4890
115
3801
5754
2118
4961
5382
7193
5876
5983
3698
495
1789
8993
5029
5757
4307
5578
7891
5502
7216
8118
4816
573
5939
1022
5006
9296
8622
5998
2561
3511
7977
8226
1139
95
3186
6511
9152
935
4367
4723
3294
6146
5589
8314
3777
9887
3891
1667
7262
2980
9775
2077
3543
7587
4963
8539
6882
3584
4537
1316
7086
4387
1415
8215
6346
6465
6599
5497
7390
965
2093
684
8976
7673
8988
2752
7559
4752
4409
4820
7722
6058
8762
1264
5518
3724
9793
4274
7299
6203
7454
6258
590
8860
4472
6926
5324
2944
4297
2714
5773
6380
5262
4748
4052
4249
9364
3484
874
5647
178
8586
1704
8930
1723
7212
4527
1515
3359
3699
7709
813
9947
172
9663
6292
8962
6860
9226
3258
1447
6873
1512
6699
1620
7428
2821
2858
912
3685
8495
2954
2270
2072
1883
3983
1157
6400
7363
4507
1973
6945
5310
1919
7107
6846
85
7942
3705
1184
1200
5143
8047
4576
3715
1541
2003
6527
4389
2905
211
2883
5849
4346
4945
9596
202
7966
7870
7555
2472
9833
6373
7772
3625
5353
6491
3700
3295
196
4875
6359
7203
2921
934
917
4452
2927
9308
714
7697
1393
5461
5419
7603
405
5015
7795
245
4758
7224
2707
4590
3596
2353
8205
823
8834
3779
4108
9020
8644
2340
8096
3438
3264
887
9755
8055
194
468
7625
3451
5920
3044
1053
8189
9923
8839
8424
4680
7936
3005
1143
3405
5348
1221
4218
4181
4990
199
5075
5507
2529
3170
8936
7657
4047
573
7586
6106
2905
5210
9547
698
127
600
761
1923
1312
1058
6593
9238
4053
9600
2642
9391
821
8725
5446
7675
8914
520
3182
3317
3680
3991
2847
9592
6428
432
5697
9323
7507
5243
21
7624
7707
772
9538
9009
1820
8004
8246
7738
9478
2762
7128
298
3360
2573
7963
2273
4957
3018
7454
8628
8873
301
102
5300
2597
5789
4623
103
2905
6508
9592
612
9144
1012
1494
2837
889
1614
574
366
4366
9567
2528
7716
4013
2365
1862
8961
5373
1190
9462
6120
1481
9554
1419
5942
7216
7906
6036
120
4413
7501
2596
5430
386
4081
8258
1265
5685
705
1622
1924
2145
6014
1513
6149
8369
3365
6983
5616
4545
6444
1735
7890
7871
3144
3832
5086
1050
1741
5196
7327
1115
9657
2757
1491
3737
2888
2746
1295
5457
6232
3209
7593
4120
4712
3741
2488
9941
2597
8094
6360
9031
9819
4249
6901
4837
9945
3860
7751
3559
929
5077
6538
585
9698
8019
6186
4459
2639
7471
9907
744
679
7499
4854
7255
3113
9207
7196
5700
7300
3555
6604
8993
9668
5378
5703
1496
9228
3453
6919
156
403
3457
732
1975
3349
6908
6424
5978
6253
8204
8587
6922
7576
3440
6051
688
2646
5120
8252
1820
548
4855
2686
2089
232
8379
3575
1333
1831
2368
1480
4098
5815
4076
6063
9154
2857
4361
7006
9100
2564
5592
7896
140
905
3946
2692
3542
939
944
7226
1477
7663
9902
3556
9760
8280
7122
1092
1984
1363
4436
6072
9042
385
4009
8195
3233
8360
7074
2332
2797
2665
2101
4801
3561
7911
7484
8967
8840
301
6192
316
9828
7967
3863
9587
6246
2858
679
103
6085
6979
6165
5126
7355
2047
5194
587
406
2268
4783
5068
6797
8749
9859
2231
6659
9216
1197
5499
1390
9253
7679
1218
7219
3415
804
5338
8137
3347
5431
4221
326
3470
9337
7671
5507
4531
131
7778
6789
6778
4719
3585
5526
4577
5807
4059
5667
8868
9548
7047
9995
9100
8255
9087
2515
9050
4425
651
2396
1729
4863
4586
7063
6073
4130
4444
603
4251
4095
7382
2903
8804
2841
8419
5254
521
2477
920
1262
3898
7958
1256
4872
6212
343
7377
7135
6632
9892
1405
234
6628
5981
9162
2701
1985
3605
3294
6226
9564
2550
1002
8367
7255
9412
3620
9640
3762
6405
901
9525
4362
4022
4396
2447
6229
3646
9573
4734
5411
2851
6832
2039
705
5993
6604
2680
1471
1771
780
1034
6185
1772
1274
3439
3057
6759
3078
6810
3163
5844
6334
9389
1739
2603
1835
7958
6239
3281
2691
1649
7996
1396
5552
8692
7380
2155
1371
8841
3917
2141
1749
1975
3904
4887
5405
6951
1645
356
5634
6672
6190
3841
7934
9793
6434
9760
7750
2672
4914
2314
6186
2910
3701
1737
3475
2954
3883
4836
1794
9664
8842
5407
3512
4619
2168
8907
1569
3803
1137
9068
2349
9191
2908
282
8984
9333
1915
6733
3878
8694
921
63
1603
4612
1791
6942
7556
7538
1777
1223
9075
618
8495
2586
5227
662
3367
8661
6329
4494
7728
8668
3684
2509
824
2667
3715
2729
9391
7584
3296
2185
7637
6763
6787
1301
3704
6216
712
5472
7429
9777
7954
5923
4237
5055
8449
7594
3715
4778
2087
3316
5319
7635
7689
6133
302
1404
736
1566
8978
4022
3741
8488
2659
2401
1663
6353
8607
2365
1824
6035
2142
1652
3832
8243
6697
4154
5836
2285
8922
9787
7465
4241
7421
5153
2247
9587
6547
4847
1152
7398
743
6757
7760
3392
9148
9413
9735
7754
1777
3433
5663
5783
6949
1368
4025
3645
5512
1734
7794
6308
3394
5258
2422
2689
410
6533
2275
8822
1380
5292
8093
3987
3922
5852
7369
3070
7138
8977
2697
8906
4283
233
6562
1231
3465
2461
6740
851
4185
4533
7149
9444
9781
1444
2132
2065
7967
6271
2760
1220
1562
852
5197
7349
8569
2565
418
5706
3416
4979
4611
7689
7077
3047
794
2415
5498
7524
3256
9673
2057
2278
9116
3711
3712
3121
7640
3553
9383
399
4763
2818
3116
9951
166
1684
4389
2448
7380
7795
7418
3865
7358
6368
6902
8142
8773
2399
5665
3903
3945
9586
6171
4935
5171
1757
8046
2810
7174
7428
5074
1936
246
8180
3760
402
9854
8140
2841
9107
7808
2132
2971
5165
373
9863
5180
9136
4135
845
3038
8071
2304
1083
3005
7465
4704
1050
2149
1877
352
7213
3803
588
7266
7554
2854
7119
7567
7559
8099
5374
9681
1070
2413
53
2806
7583
1063
6932
301
5965
5002
2596
7038
7997
1934
3615
920
5947
5482
1262
5033
1159
3714
2298
586
6559
1290
8143
5991
9380
5390
7546
449
7793
9463
3245
5376
525
176
5667
6481
7042
136
5392
5038
2061
881
7823
7998
6353
9075
3031
9376
2789
7193
9952
1221
8474
9968
7202
7853
5358
4747
175
5024
6084
5284
399
6599
7325
7931
4953
4366
9931
2219
1278
1991
3090
9091
1863
1316
8165
6758
692
2827
3950
643
5912
4297
611
3114
4023
7833
9725
4188
2856
5808
9463
5120
4281
8661
4924
1107
3026
4854
3316
4294
8710
6396
3384
2446
7703
3423
9194
268
6240
5017
901
2152
1188
3376
7130
5201
3082
8728
9380
7803
6410
725
2922
2564
9376
9710
3661
4275
6437
6968
8560
5146
5237
3817
7582
4813
7230
8649
5071
5344
5540
7837
9360
6718
3086
6489
1918
6159
7090
3171
3961
3499
5760
8747
7927
7009
8456
1588
1284
4892
8546
1717
1912
5656
7398
1367
469
4628
1890
7404
1845
7420
5240
1204
6011
200
9557
9793
6349
6646
2964
2183
2019
597
929
9936
7597
1258
3397
754
8014
1942
2461
1799
9463
9849
3157
1805
6350
5037
9199
68
4330
6313
1262
2214
8377
818
2006
4725
9329
6834
6898
3221
7422
9691
3156
5018
948
6544
5762
835
359
96
2625
1695
1818
5772
3490
8159
2682
4563
8217
8876
2749
1353
1089
1125
4035
3085
7714
3363
9910
6485
6574
7331
6175
1604
4222
8987
21
1857
1695
2244
1943
4310
3930
3751
1955
9284
3783
6501
5720
3874
5376
342
5217
6455
3331
9242
1414
1044
4479
1323
9393
2926
527
7441
6394
4739
6427
6405
8460
9987
523
402
4296
6317
6017
8116
7474
9791
4616
3194
3664
9983
5400
754
8311
8722
1869
9715
1639
6338
1037
1032
9255
3428
8463
5648
40
6764
3927
8490
6750
6314
8882
2919
2630
6773
1034
103
6563
5641
5161
2100
7497
561
4718
5807
1156
6577
7396
2785
2915
306
3807
4043
3725
4144
1564
3755
907
7355
2245
9521
3668
3000
2439
8162
9763
5338
139
8199
2852
7164
2172
348
9589
6880
8019
744
3457
5414
5394
8236
5711
9191
2278
1309
5208
5706
6928
7979
3061
9163
7499
8593
4037
1812
8629
5673
7140
8758
3872
9982
5921
6034
2203
5510
4788
2095
8118
8235
9374
3511
6470
6958
4576
621
8257
9774
8191
5184
7753
3125
6221
7125
1718
2131
8927
346
7794
7940
977
3539
7921
8762
1447
1997
4271
6225
5957
4263
4459
5330
7764
2802
2287
2339
3413
2417
3987
1603
9465
1739
4719
5685
737
8301
9680
9655
520
7474
9468
3361
2886
9263
2122
4323
1259
8258
547
7206
2520
6870
4409
283
9662
6686
4487
4948
976
8464
6542
441
2076
3134
7990
2803
3308
7670
4331
5692
7017
3799
9043
9893
3061
1164
6090
6184
9412
6627
3390
1931
3497
9663
4079
3158
6349
8556
8097
9189
7019
6512
9620
9085
1519
9484
3761
6691
9027
8083
2382
7917
1881
1424
7809
6806
4452
5772
2989
5738
2399
8243
9533
7760
7906
3611
917
6128
4040
887
5316
2932
9263
6810
3890
2655
6293
7642
1219
7193
7598
3591
5109
1352
6879
4791
8148
3205
563
1136
8933
2952
1253
8465
2585
9149
3950
3492
5276
7980
6244
2465
2786
7380
9265
6666
1909
7431
4307
3118
4623
1904
8574
1605
3246
7326
6387
3267
2404
8814
6268
1336
3639
7511
1675
6214
8533
7489
1579
5682
7342
7813
8137
127
7067
9276
6784
849
6706
1090
5831
3203
4859
6278
6672
9969
5478
3058
3236
7872
1871
9494
1082
5500
8878
2747
1713
7410
235
5157
3091
7567
4843
3101
7685
1909
2376
6342
4622
956
9296
453
4149
4154
8595
820
5997
4072
5743
9223
1944
9478
599
3016
6852
1350
7627
438
8750
9726
5585
3714
9166
428
6805
6850
4201
9172
5065
8814
127
4361
1140
6140
8505
9725
8824
4501
3797
4566
5597
5731
5918
8060
620
2769
9400
8237
5071
32
7962
656
3736
7127
2948
2415
5851
7139
1586
915
5952
3577
5266
8956
9707
5645
8681
8530
2019
4351
4970
9481
1955
2761
7540
2565
7394
8814
801
2464
719
636
3110
4446
7753
7922
6851
5477
5061
310
6383
2886
3877
3522
1842
5457
1040
2396
3986
4924
6737
829
4404
8682
3580
3817
3120
973
4504
3911
5302
5214
6411
285
1533
4163
8198
8374
9631
3258
557
7887
6134
4424
3282
9840
9871
6187
2235
5730
1110
845
8424
7378
1400
3877
1194
4510
6715
7563
294
2016
2776
6695
2291
4299
858
488
4546
2362
5610
6967
2122
3618
1390
7268
3457
3134
3454
7557
737
6428
8392
1034
3805
1666
4902
6864
6166
1616
4426
6451
5496
9066
5019
7777
3364
5867
139
9774
102
5739
6740
4088
1230
9994
1356
4678
5001
6674
4108
5728
3102
4373
8627
6897
6029
3528
5634
2195
7008
59
519
2503
9115
5528
2153
4352
3269
2282
4125
5235
9886
2738
1197
1115
2731
4417
7657
7722
1090
1764
5324
6056
6128
3950
4827
2156
9342
460
6215
6349
2384
8598
725
1498
6000
2868
5841
1142
7015
1839
6367
8774
6442
7554
1762
9163
3844
9410
8759
4925
1173
5956
2854
9165
1779
7671
3195
1120
9996
1283
9333
2379
9872
1931
3867
7745
4789
1581
8877
3677
5285
7117
2450
1726
6545
4203
2762
388
3612
1520
7177
6649
9340
31
7688
1118
9566
882
4102
9561
2155
3434
1939
3900
5355
7671
3518
2018
1125
2394
5685
6400
1385
10000
9990
7920
4202
2752
8298
9678
6136
7349
8200
5476
7370
7761
6584
8809
8633
686
8370
2662
5984
2182
8426
3213
9843
1944
7095
968
4328
4653
9232
7577
4652
9222
5496
727
1973
5668
2278
9973
3016
2352
5448
2259
112
3906
2941
8736
6456
1310
3271
4313
5357
1696
7516
7073
5504
6484
9905
1706
1137
9137
9273
7653
241
4769
8371
4078
2310
2522
4050
5316
4864
1372
9439
4967
5268
2379
5576
1723
5554
8837
6026
910
2406
5416
9847
7901
1899
9752
9597
4900
771
8869
2553
1002
5511
2797
5070
7811
5309
993
5000
173
2355
6312
5130
7613
8682
2579
1209
6109
3289
9100
8883
5685
4515
8729
5459
8278
8480
6929
5052
1124
7672
7595
2116
3182
391
9050
2867
5690
43
7857
7727
4262
4169
2856
1875
4724
5425
4948
832
587
4047
1588
6263
8552
316
3595
8704
670
524
3755
1784
8186
3223
5765
3241
5478
4814
6098
3041
6721
5829
768
983
1871
5488
4722
6585
2787
9660
9281
3364
3707
868
9617
4132
3048
5086
4709
5582
7474
337
7357
7533
3550
3121
773
9018
9799
8736
2059
8394
6438
4691
9367
8299
178
4088
6757
2955
5621
7911
6310
9318
652
7800
5324
5564
2885
32
1146
358
360
8493
7881
3900
3487
528
4792
5159
1137
8715
3552
7565
3405
2918
7737
3573
8870
6367
6519
4491
6151
4702
5682
6793
2501
1005
2356
7251
1028
3492
7599
3252
3858
7354
9016
9209
9746
3807
4368
882
4395
7910
320
9664
2702
9921
5111
1571
6287
3503
7926
4311
8195
3608
1103
695
6477
5323
7936
9369
689
7409
2620
6411
6636
1636
5620
8255
7307
9978
9127
3576
9761
1320
3239
2462
1240
8340
5898
9391
1842
3823
3701
36
9295
6668
2596
7646
3864
2405
7014
4543
1687
9625
2828
8313
3134
8438
6567
2314
298
7567
5880
58
760
9110
4385
1990
9323
282
3254
1165
5969
8819
3065
7138
5486
7525
4783
9341
9921
1796
5757
3481
3294
8575
1794
8292
8886
234
606
9174
9666
8350
1106
425
9333
7355
4280
8656
7627
7524
1694
5469
6343
6623
2606
3702
4148
7379
4916
5942
1049
673
9413
6207
1121
3080
4499
9998
5179
6969
1054
4844
5318
4024
7133
4651
1378
1412
5180
878
810
6864
6338
9017
5360
817
2718
9498
70
7625
7313
1109
171
8600
9180
3156
1679
3678
5027
6848
2520
6072
3565
7829
1969
698
4353
3338
2100
9523
4206
2900
8260
2417
1916
3619
3225
6499
4991
3285
4123
4177
6258
6158
2776
5437
9304
4446
989
4331
3167
3499
2276
6723
3201
4235
7411
9418
7563
1384
823
3643
6149
956
6050
8055
4566
1148
6427
1430
4423
549
5597
2554
8571
8364
9856
7875
4683
844
4079
7840
6207
6345
6436
1282
579
3846
699
16
7095
3387
3649
3243
4333
1572
1297
772
2711
7715
4066
8998
137
9654
3426
582
9891
3281
330
4573
5989
4399
4286
4069
743
722
7215
3186
6432
9779
5066
3526
3165
588
6759
7488
2151
9921
134
6726
9509
4190
7597
1519
5717
2896
2091
5607
8041
2411
2053
4029
8674
8204
9963
1290
8916
7177
4467
7221
6955
1406
747
1993
1985
9370
1355
6000
9290
1479
2725
681
5659
2195
2191
1376
5082
6146
8847
3122
8548
900
9016
7221
9094
861
385
9883
9902
4842
7103
8731
6238
9714
723
96
967
2068
6086
2130
3537
8801
2802
1070
2870
4983
2436
9816
1128
3156
4811
1549
4046
5700
644
5013
6551
1019
6769
8327
7725
5746
7057
5836
7333
7770
5923
8290
9829
2008
420
5239
2683
3212
6299
5543
68
608
7232
3060
3755
2042
4600
9665
7733
7108
6552
6157
8117
3320
4483
7715
939
1539
3550
8263
1183
9463
6552
2885
1471
8836
9988
6018
2047
8161
3434
3979
642
665
7030
6261
4571
3503
5926
2303
610
4351
334
600
9535
6681
8305
474
94
3728
8727
1267
3191
7152
6016
6526
5988
6003
2543
9899
4163
7841
3878
4796
8496
907
1056
3066
6274
8846
7234
6874
3196
7558
7464
4605
6112
7642
5069
6196
1369
5669
9327
6424
2820
5342
4823
681
1345
7356
2454
7372
5196
6322
2167
5565
9093
5088
8622
5366
3933
7729
4113
8994
7160
3450
3598
3271
1091
540
1341
4324
6199
667
748
892
6000
5561
3438
9209
4791
5882
8454
1860
2203
621
7416
3169
7573
7911
8525
3379
5639
2637
2372
4672
6077
7834
7933
9032
8364
9264
3355
6436
1805
5967
7319
9669
1528
756
760
8183
6628
9204
42
704
1698
9322
3863
9261
9106
4261
2640
6618
8762
6876
1289
6712
4710
9213
7617
3073
359
971
1383
4028
6929
8692
3696
330
1321
4446
8503
9813
3650
418
2390
5338
1614
8117
4599
719
2377
9103
7328
3012
5978
8607
1597
2561
9693
9204
7499
1926
2048
8872
5944
850
7563
1514
3044
757
5950
1546
569
9590
3829
2949
6802
5433
1065
3274
6142
5306
2376
5343
191
227
5824
1778
2779
5516
2855
277
9306
4893
9139
7124
7608
8575
8628
651
9322
4577
4062
1764
6041
7881
6577
4716
5187
9506
7980
3202
4811
2229
8536
6866
2446
6233
517
7089
3622
3362
7356
2928
128
8368
51
7726
6942
552
251
8137
6993
4303
9891
3033
4057
6467
9613
9234
5972
7592
4309
2656
1694
2844
1395
6005
950
1902
3093
4563
7128
2323
7481
9121
690
9396
6846
7623
9938
8961
5759
8804
3263
7524
1837
7310
3990
3323
8417
1836
915
2726
6356
4473
7434
7742
477
8375
1517
3561
2937
8636
5874
2291
7756
8428
3560
6475
6050
5371
5436
3683
4174
572
1206
7875
9747
7060
1198
8163
769
3977
2762
7116
8440
2070
4857
8908
2318
8238
4342
5245
6873
2089
9400
6502
516
2959
2977
8431
8320
286
3987
4367
848
5183
2242
2468
4116
3430
631
4876
7397
5257
3865
5836
9191
8712
6617
1508
8823
2832
8617
5696
4911
8016
2197
7292
2848
7038
5722
3041
9188
9699
7399
36
6755
9631
4368
2744
4934
6863
7610
2330
2120
1474
39
1310
2059
6647
2809
882
9469
3299
8442
6254
1315
2512
3545
6027
9541
1140
9059
611
2712
8331
2511
1340
9835
6870
4074
4768
3732
3558
7088
5842
6896
7117
9017
8946
5637
3699
1701
6980
6988
2016
3233
176
4518
8642
6194
5932
9772
7126
6534
2483
7330
9035
3813
7164
7778
9751
1931
1510
3308
9009
9216
204
7999
8232
1023
5510
3804
4588
2489
2666
6594
7586
2832
1111
6227
899
8908
5998
9889
7315
354
7218
8223
6031
6255
6001
7655
8176
7501
963
9058
8590
1157
8931
8696
4044
4440
2499
8622
6919
5155
5215
4504
9852
8190
730
2624
8971
8592
4387
6285
819
3478
4508
8714
9724
2382
6368
7899
9873
9195
6957
8462
2225
5887
7157
6259
2200
1530
4880
9109
8549
1968
5486
283
2032
8080
2898
1002
8545
9149
9152
9354
2626
5533
9941
2349
7905
8182
2122
9651
7377
952
9986
9592
8703
9017
5851
902
546
2604
1884
9085
6437
7360
1242
8459
5439
4130
1334
5857
3278
485
5210
7768
6008
7024
117
5786
5205
2229
5436
2581
3171
5422
4047
1873
4438
1771
4639
6848
6239
6513
7806
2675
3872
9038
3007
1184
5041
4332
7031
192
6681
4114
7951
4563
1137
8058
348
8206
2160
5775
2661
5321
3070
6698
9058
9372
8459
3696
6219
4697
208
5898
9237
5944
4936
2243
8992
9967
8439
6022
159
5120
2009
8100
9673
5010
8031
1894
3215
190
7659
5866
7375
2602
2563
6432
1973
2895
2001
65
9457
4073
5954
8693
16
889
2809
8998
2729
1248
6893
4752
8232
8892
2851
7904
3901
2755
9788
7106
2935
9321
4846
309
3796
9273
8605
5760
4042
605
7689
3498
4668
3642
4064
6548
6395
6863
5545
9115
9975
4311
5740
8206
3202
465
7983
8967
3210
9645
7947
6136
8965
2792
8309
2760
2064
6914
393
6096
7509
8073
1467
4051
3588
5521
598
9974
4258
8008
971
6106
4192
6701
4312
7385
7156
4168
8225
2240
3812
6171
8366
4650
836
6674
9275
2891
5461
9658
860
2970
9604
4192
8885
3192
1586
1356
5039
7708
1237
6000
3814
5420
4574
9990
2804
3604
4157
2902
5834
7960
9064
6073
4483
9890
2746
3757
4654
8198
3415
7379
3041
4892
1570
3799
8074
5020
5145
3112
2728
6373
985
6532
1792
7424
8395
6460
1027
2551
9352
8725
2384
298
4797
6858
188
9407
614
6706
9478
5893
4084
4392
785
7518
8181
732
4412
5200
5709
7130
1572
6684
5535
5228
5981
3929
3561
6998
8344
2912
7596
2602
5075
4266
9450
7127
3673
1937
3832
5024
9695
9781
9407
2353
9172
9461
3075
3583
4660
8774
2586
6222
7332
8111
3323
3312
3913
6874
2184
2257
1660
1653
6723
6725
5910
8046
3851
9573
9973
9547
6470
1550
9327
5876
3893
382
5337
8833
3955
9987
9480
6532
8083
8685
6516
3279
1997
429
153
6045
4550
1803
7688
1272
401
5471
9308
6116
5043
1163
5662
1513
4578
6863
9253
344
7235
6463
9167
3063
8324
530
9585
8280
9205
7975
1558
3075
8394
3575
9110
4817
7242
8672
7953
7633
4142
9134
3748
1059
2170
1284
4436
6738
20
3688
7073
7245
2025
8113
307
348
8633
1766
8618
7838
1614
2049
912
9998
5615
1896
6688
2856
567
4640
489
6573
5647
6101
7622
7807
9249
2057
4545
9259
7610
3491
8377
1508
1603
558
1846
2110
4188
2337
1821
5792
4376
2723
7663
9981
6483
4350
2837
8914
863
5190
5487
6500
3164
4982
4306
2413
8904
724
3545
6513
4205
1922
8011
7673
2470
1730
9773
8522
4057
1593
4313
8423
6180
1975
287
2663
8189
4988
1576
9042
177
8927
7415
5205
3909
1720
9482
2812
4309
3027
1198
8504
6813
1082
8050
1156
2802
7822
9668
8723
1288
3980
7145
9333
7819
9296
1995
6007
4283
5435
6922
6324
4362
4336
3403
144
7920
2884
2946
2228
7775
6008
732
6461
7080
655
7607
9872
8468
9148
8594
1629
5001
7612
961
2819
8782
4820
699
3064
2129
7611
1262
8355
1946
4655
8489
1740
9403
3308
3958
7178
9306
6554
3638
6385
7200
3119
6256
7541
2266
6723
9160
9132
6208
1995
3824
4989
6805
4514
9918
8924
3998
1179
7278
7809
7698
5766
9539
7100
9064
3496
4277
252
50
9780
6627
9114
4772
4756
6654
8902
1478
5813
8033
9551
7798
1857
4539
6477
8235
4456
5400
2232
7499
4552
40
5196
2191
9569
2296
1255
4939
8437
1497
4979
99
9989
5966
4861
4744
2619
3763
8087
305
3669
7637
9968
7390
2175
6444
5624
8496
3717
7847
5994
8259
7877
1190
450
9320
5350
3569
4258
3786
6930
1110
3876
8792
7066
610
3536
1558
6237
3496
1853
9897
1132
3694
7286
5171
137
2910
3666
5719
2630
1534
5851
2380
2714
8165
1699
9928
1733
7821
3713
537
804
9453
9319
7860
63
4728
1291
6290
8214
3135
8060
9336
6819
7220
6381
8821
2003
46
6413
4623
3444
2263
6993
8022
428
566
7949
4025
260
1662
4552
1055
1114
5745
8905
3041
472
196
1205
8677
5195
9255
9886
3887
6474
6266
4581
8467
8177
993
4963
1620
3247
1956
1516
3665
4386
9455
9554
4636
2990
4106
5681
5969
1724
6460
9000
2186
8520
204
2736
3714
9450
2622
9465
7797
761
4046
8138
8928
5029
3100
2422
8266
6920
3928
3804
1305
3382
5232
7806
8237
1211
5360
4205
2925
1819
3204
6975
338
5273
9702
5916
6596
4197
7255
4392
4948
1300
2529
5750
6319
5620
8162
6459
4413
3963
2136
5709
7335
7358
5388
5571
442
747
1649
3357
2557
4844
332
4759
116
1907
2549
6702
6094
9794
2967
2915
2967
5487
8655
9276
2980
8690
7608
7383
2652
1618
4965
1861
849
2226
9296
1282
2964
945
6503
7385
5779
8699
4017
7759
605
6556
4460
8563
8223
9291
1478
1189
6651
132
2339
9621
696
1820
8878
3338
3428
5716
5189
6142
7933
4485
9288
2770
5420
5790
154
1198
4489
4161
830
5084
2591
7154
5521
813
6444
6989
3867
3095
8985
6196
4589
9671
9880
5340
3009
5182
2930
8188
1323
2736
4546
610
5496
9956
8264
5640
3027
2752
1674
3847
9701
4255
1000
5221
6933
7435
4083
2673
2403
3067
8859
6982
4612
621
2322
7611
5793
5242
7672
8980
9842
2218
1463
5337
4047
9718
2850
7065
4343
6388
2785
4043
2517
3776
1137
9440
3084
5210
2112
5477
151
2844
4332
4753
3455
8518
4237
1122
5633
3782
101
5474
7864
1555
810
1911
3146
3650
8966
7479
1912
3624
3396
4419
7390
4523
3858
2347
1607
7834
9688
3622
2551
4020
248
7870
2537
4475
8982
8161
130
957
3634
7985
2502
6309
9886
7512
1832
734
4990
3734
4348
8376
8143
3612
4773
3874
5949
8244
1707
7511
1865
6122
1530
3977
3992
5931
8442
4847
4091
8562
5794
9590
8420
169
5898
8305
7671
7720
912
4535
3328
5251
4784
1470
736
1430
5335
8549
9664
8906
6059
3402
5028
7579
7369
893
3510
7684
7604
9465
8120
3398
9054
6539
5431
6825
6718
4976
6419
7620
1384
9737
2870
6158
1206
5470
7579
8405
4019
9116
9185
77
2518
6086
9521
1760
6969
3030
1318
4572
4368
9428
9834
5296
7840
7139
3994
4557
3988
412
4051
5362
148
8785
1519
3219
4255
9088
3497
8264
87
2681
8331
2595
8757
7851
6219
5725
2754
7527
2171
8987
8828
3878
4282
6668
2890
8266
3098
6868
552
7139
2229
2564
5924
5613
5773
2052
6574
9261
315
6651
1941
519
1119
698
244
7329
8287
4862
4855
2331
3848
3683
8074
9994
2224
963
143
5312
9696
685
4325
1924
3239
2122
9401
886
4164
5975
146
6343
2625
3951
6852
3735
6513
7086
1063
6674
3822
7782
878
7660
3338
8942
7654
5552
1779
7787
2738
1474
8462
8927
5262
3574
1048
4663
4450
7076
637
6460
5292
5126
411
2143
8851
8788
1103
1787
5461
4915
1443
6330
4448
4771
7145
2101
2197
8914
1761
4925
387
2096
5725
5640
5661
8637
302
1984
5712
2803
8435
2877
7919
719
5010
8644
9497
7977
2304
6832
4765
3737
5035
1087
382
2179
5052
2569
2967
6804
9358
5218
773
5082
857
8298
3718
3023
282
1303
7690
8707
4170
5609
9416
1053
6126
795
904
303
7617
7533
5905
2651
8610
6277
6695
3662
719
9652
2339
76
4869
3102
7022
7591
1400
2613
613
1672
3906
177
2252
9940
5776
1667
2866
3775
2452
3760
4068
1943
3167
9963
4584
1776
8113
1278
7302
8822
2803
9631
8888
7663
2733
7783
5253
5997
395
7730
7659
4291
7897
1784
6104
5546
5315
8961
1194
7757
4594
5253
1573
7751
7089
6148
1401
5202
9290
8693
5897
2093
207
6659
9746
4804
4441
6872
800
4827
6475
332
991
4372
2106
7086
1791
7411
7920
2976
7041
4387
102
8605
4012
7181
6626
5403
4256
5915
5969
2027
9872
6166
8676
1500
969
3116
8362
3633
9807
4837
3955
2672
1082
6051
1631
2863
5335
9541
5829
2376
3927
5921
2854
9803
4976
9470
5205
1105
7258
1174
3122
7130
9204
1797
503
2047
6778
8856
5670
8458
5566
9616
1129
8512
7540
2750
1374
2875
4164
9068
7115
9956
6862
1842
9758
1837
3185
6837
4807
442
9875
7919
9436
9078
1590
9930
1124
241
668
6785
572
8098
8274
1692
6609
5813
6306
9847
561
470
8914
9540
2299
5776
1381
2056
9477
4556
766
4283
6863
640
4076
8172
9709
7530
8101
2706
7761
642
1364
8323
8730
9628
1888
7212
7315
68
7059
9740
528
5972
9280
4691
3621
2534
8611
3098
7081
9368
9245
5817
9998
5194
3988
9706
2723
3963
4286
2357
6469
5640
2554
5199
7142
4432
2410
4456
6364
1342
4195
6882
7305
5348
3446
2799
7873
2057
5887
6827
1424
7006
2643
1421
4073
8495
3001
6787
2457
7277
1017
8917
4790
3561
5989
1931
9858
272
8251
6221
1605
4320
4977
783
9658
8413
3572
9404
2343
1333
6230
3757
212
8863
7043
4275
9232
1917
2935
1688
1067
3943
2478
5847
7494
340
9643
9225
2477
9767
7320
4072
4086
2296
6719
5618
2582
290
5021
4916
1613
3125
546
1815
1987
9453
6081
3092
1369
889
6645
2426
4822
996
147
4190
1327
1663
3414
3794
1429
2607
9730
7380
4893
6448
2997
9340
8602
9882
4255
215
3006
6665
3894
6858
6118
1848
9940
9351
2728
6584
3651
7540
7571
3788
3603
771
7315
7008
4555
8734
1488
6158
7987
6372
4479
983
5711
3080
865
1839
5159
5735
377
9044
2592
6485
2765
2532
5836
5483
989
9477
4897
8550
5138
8490
9311
4326
7371
5739
4933
8850
1896
2920
7095
8239
3893
4679
1319
6622
8382
6468
2357
8749
7385
6813
5234
150
9335
2943
5623
324
4293
2393
747
1304
883
1932
7494
8244
7661
2426
8967
1431
5336
6061
9660
1103
739
2852
9589
9111
9311
3819
7860
6695
632
4967
8709
1840
9774
4332
4028
5940
6715
4766
7234
9462
6688
6601
9580
6222
9017
8546
7643
4353
6481
9177
7320
7210
2028
8782
8195
3212
2601
7928
1781
3223
4768
489
6927
6415
6685
955
2354
3400
5711
1461
4735
4272
8052
4314
493
7068
4734
10
3294
1214
9177
2487
297
1204
1269
8482
4407
3860
8283
6178
8947
3050
6657
5873
9455
5216
8692
3682
8606
6276
5133
5214
547
3184
9519
2905
2126
4252
2905
5410
7330
2081
9762
7617
5149
1030
7973
1429
4880
6255
9471
5700
1179
8002
1572
2507
3217
264
6180
1822
8404
1312
8900
8942
6361
301
1846
8477
4543
6615
5760
3746
569
5521
1363
5708
6541
9326
9002
3294
7454
8472
8984
8623
6473
2430
1130
9680
4558
7300
3375
2961
485
2275
3776
6836
2566
7486
7186
8974
4100
4820
2719
4659
2214
5946
2241
8746
5271
1242
3913
4599
9704
4771
3221
6177
9065
6215
7730
3622
5388
1105
8447
5864
3370
4097
4573
7800
1582
3633
6773
7547
8443
1366
4079
656
7302
6310
1275
4447
9416
7053
9036
1003
1823
4130
9044
887
345
6773
6373
5723
7868
6693
3460
3111
789
9898
911
2362
3530
7674
9899
3846
9030
5851
6366
8206
2161
9506
2652
3450
6558
1687
4443
254
5807
5360
1131
8016
2133
9368
3739
9991
6060
9063
3102
8714
8960
5877
1075
4363
3550
2847
8199
4454
8688
6439
2659
2722
5944
5301
8037
4375
8852
2479
4619
6532
7830
7614
4548
1836
8855
160
3700
4914
9213
8666
5501
8173
4542
6566
4409
8083
1286
4482
4410
1848
920
7059
4560
8728
4233
2596
3102
4958
6940
9585
1489
6643
7198
7901
8469
6052
8051
2168
2839
9138
2708
8331
7310
7240
6770
3592
5322
9921
8064
1605
1768
8974
537
8192
9575
4760
2662
2676
1591
9592
2260
3071
8108
1331
2845
8450
9247
896
2491
2086
33
5189
2290
9207
2429
933
2798
9615
853
2736
1220
2611
3583
1747
803
3158
8372
3455
7698
9953
4920
9949
4897
4901
3153
7733
3350
2400
502
5831
6350
525
2894
8630
1605
5313
9553
4393
6801
406
8993
9885
4881
2576
1632
7548
5724
1877
2876
3421
3703
9660
5243
8591
4560
8387
8197
7900
2660
8689
5605
9000
9204
372
9503
808
5675
938
7065
4349
3208
6058
4234
8080
8624
7730
5627
6221
9597
377
9632
5173
36
6749
3763
4587
7009
3833
4360
9659
2521
1838
541
3598
2200
43
4396
9739
971
3335
4088
4170
1266
8312
4123
1763
7915
1623
7974
9385
1990
9479
4557
2017
8101
194
8468
5109
4017
2827
6641
6529
6530
7172
126
8720
7205
6387
8459
50
1595
4420
6084
2851
4605
206
4604
2519
1819
4451
1903
5674
5803
6450
7681
3904
6634
8022
9003
651
2722
5644
9044
9242
2815
9160
7962
1894
7420
8294
3808
9005
2713
9882
3729
9182
1961
8323
1700
3770
4647
3593
1317
450
1916
8988
4344
424
8883
3346
2939
1605
863
1982
846
3669
3015
681
7427
435
848
1234
1313
5425
2989
5033
4606
4940
5229
8170
8700
9867
3636
17
316
5543
878
6524
7831
1635
9860
769
3230
723
4615
5940
6256
7620
8486
5556
9919
1207
6780
1232
6623
9759
8129
3102
4698
3357
1272
5271
3223
4898
7152
5403
2314
9895
1926
144
3403
3660
2777
6623
6247
7382
4436
4376
6876
4795
9922
6794
5993
6701
9890
4489
8333
8018
9455
4904
3249
726
2048
6462
7489
1074
3739
9793
968
7529
1811
4361
1188
4578
2857
9299
3834
9157
3674
709
3952
3595
9367
1818
2169
9257
8171
501
9148
7625
7269
2396
8342
9308
732
7704
381
6335
7496
3213
3863
1180
9438
6916
5749
2294
6214
1456
3324
9879
2155
9140
5347
1521
957
7507
2651
1001
9872
3673
8617
7141
7933
6958
6448
8655
6535
6819
6863
5904
1905
726
7075
1342
7632
4697
3626
3845
6143
8814
5597
8288
7954
944
1682
784
8441
6198
1776
8312
9861
392
5452
7793
9214
3773
8322
5748
2465
5184
1651
4360
7774
599
5692
7279
5286
1191
1124
3302
9996
8585
1589
9823
9519
5136
2480
9833
1333
4246
28
3067
6502
7344
859
7589
1117
1054
5210
5446
8103
8726
9797
7750
9315
7362
5029
6475
8544
8017
9767
422
6601
1356
2118
7994
8356
4588
7826
9679
708
9718
4619
7200
7062
7342
4789
52
8387
1872
5488
8363
597
7158
6112
9903
4520
1140
6377
3063
9147
6143
5349
7622
9363
7457
5615
7718
3918
5314
9270
4616
5032
3888
3690
3967
1230
352
4009
1490
2214
1370
1726
2802
8519
7828
4578
3038
842
954
7965
1862
8961
5187
9474
8324
4517
6962
7915
8425
2276
9059
4915
9172
4820
8595
3138
7914
8937
9011
9394
3024
380
1119
5816
772
821
393
5674
3527
3211
3638
5379
2172
698
4853
2369
5205
1814
283
3630
5954
1215
8535
5125
6026
9003
136
3939
9813
1020
5207
2836
3265
8190
8643
4027
9001
909
9692
2527
5985
5203
9771
8147
5892
4623
515
1096
8301
2662
6590
6129
3868
6998
3127
9884
6000
3254
5696
5812
6138
902
8639
9393
9083
9155
5294
9957
1937
6859
4358
7912
3935
4128
7932
1700
624
8437
4661
8915
2973
1250
5043
8705
122
8161
8588
7986
3288
6157
3798
1299
7050
4310
2566
8006
5338
7850
7962
7265
6582
4193
7051
2390
8311
4982
4081
8925
5293
8732
9714
139
1855
4756
8834
3841
4790
9295
1827
9942
5451
7489
1241
4374
1798
3797
2379
9000
3520
2215
8138
101
6398
5188
4355
6583
2044
8426
7381
9201
9031
7094
9330
2760
3724
8163
8465
8504
7457
291
8446
4781
7770
9677
9146
1441
5347
1524
440
8857
5603
8569
831
3875
5630
5176
457
7664
5476
7828
6864
6380
6796
8067
1013
519
6229
9469
9013
5559
1633
9332
340
9394
891
9476
2708
6228
2873
5013
6958
350
5455
7779
4215
1084
4829
6536
622
304
6237
9350
8548
3032
7417
9552
3541
5519
9020
4428
1078
2526
3759
3282
3793
6515
4631
6492
2742
7494
1504
1574
9708
6949
9343
3922
9897
4171
2331
518
6339
8559
1742
4887
1590
9149
6312
