3943
2820
6587
2035
5230
8999
5019
5154
6718
9593
6014
6845
3758
3947
3250
3180
8411
3972
3930
6664
7644
7165
8524
786
6279
7232
4774
6743
5405
8265
3924
9338
2959
2384
3246
62
1383
8256
7080
8091
9722
3093
6809
3480
8905
1933
8524
7315
7769
2454
3978
5413
1492
4375
6189
9635
1607
2836
6377
7002
2975
2175
8213
5924
4549
1459
5976
5922
1588
3056
5887
1309
8013
2695
6653
6917
6492
7051
6106
4261
9495
1957
1547
2860
6323
9600
2494
9794
2436
745
8669
5401
2910
6881
3198
7449
213
1047
5245
3665
5967
1131
4965
3980
5690
3491
2770
2182
541
8866
8307
1909
823
1727
6633
9010
1326
1001
8803
5626
1736
9345
2900
4636
8099
6088
3958
8303
9000
9193
1967
4966
2197
8796
819
7878
4161
3580
1933
4692
4319
2113
6592
5132
5704
3224
6015
8894
4215
6691
4520
7815
6035
7410
4324
4134
5372
8273
4310
4371
9339
8141
1210
3410
8811
2020
3161
2971
5590
6958
7653
9899
944
6118
6905
6638
1216
2919
5531
7295
1484
1924
5110
7509
1208
1307
3516
6570
1453
7816
2814
2666
5957
4014
6066
6641
6024
9217
9602
3487
8048
9128
5260
8982
5246
2164
5619
8326
6947
3023
5620
8421
4938
2603
7804
6136
5775
1319
4579
7218
9126
7383
9874
6956
3270
7813
3596
1168
8903
5071
6519
6950
4198
1778
5931
1317
5806
3423
9633
2753
8311
7127
3047
3248
1603
850
1257
7368
2160
5826
4586
3159
5082
6333
1988
225
4146
7448
3257
3048
2518
9767
9989
6706
1544
7793
8014
7341
3090
9520
1967
1400
6646
6878
6512
8240
7719
7759
7481
1752
5458
2066
6775
2413
273
8753
4502
4409
6200
7750
7447
8708
7516
9309
7287
9050
7102
7174
8264
191
6694
2104
1581
5213
8973
8083
3452
8565
7715
2807
2190
5046
6737
8955
9323
7000
9581
3824
1408
5780
1573
729
6361
9079
37
5521
12
7129
2695
149
9184
1262
2244
2638
6465
3090
720
1791
1654
308
4588
3834
7218
1324
4662
6540
198
4242
364
1596
1895
1927
4189
129
2880
4217
5640
4756
3219
208
4895
2403
1460
9003
5031
7916
3966
7616
1580
7484
9788
6158
3191
7006
9346
7843
3545
9534
3958
5773
3004
5843
9565
7183
5962
4318
1399
3476
9064
6483
3674
5832
8876
6999
6709
3906
4914
674
3395
6484
32
3183
4515
3213
2062
3860
2930
5597
5268
6878
3244
8262
2721
2808
5444
556
7116
8708
4022
8053
5190
9561
5758
5939
6559
2466
1718
3346
5005
5104
9820
6901
160
6208
113
2212
67
3033
9673
7199
9902
2916
5460
4496
7588
2778
6916
6577
3359
938
6503
8539
2372
2261
6351
8921
6591
8059
2266
3469
5036
3959
369
5186
2040
2347
7388
3971
5370
8935
1170
7145
3724
6620
1640
1312
1271
8547
9753
4620
1358
6256
5032
5594
390
1382
4514
6971
1315
8644
2314
6341
4476
2673
1527
6506
5010
788
476
2254
1596
1636
9389
5311
130
2903
6613
1391
3323
8239
7876
6545
4494
2907
2138
4874
6154
8516
3719
7459
7159
6023
5673
3508
569
7190
13
7444
9843
2353
9688
1438
5854
9076
8613
5974
3852
5225
9229
7165
3464
7104
3709
9822
1885
5837
6570
9903
4352
288
9235
3384
8175
4907
6882
8734
3971
8759
6177
5687
1112
5864
7115
6956
6814
5728
4803
665
2826
5905
9695
8154
4883
5277
9850
6758
2988
6419
8534
7330
8571
7768
2588
6745
4548
1343
5478
8509
102
3529
4195
3078
1266
3184
1907
9944
785
6700
2483
5475
2604
2177
5503
7477
7444
5352
6108
431
3644
6515
9626
2214
4282
4087
8949
8821
5420
6300
9203
7386
1702
5272
463
2959
8446
2360
2902
9221
933
5375
6569
5402
9416
2071
4752
8734
7413
860
1038
1056
7365
663
3260
3521
6614
4082
4215
2034
2256
5291
9410
3948
562
1747
8771
8998
5971
3547
101
8769
8912
6661
4170
211
8722
8912
8935
8009
1645
9963
9055
884
2500
4189
4395
9104
144
483
3011
2390
5764
2421
8203
6317
6032
6973
7188
3876
519
9154
2644
1305
5814
6804
3380
6409
5716
2314
6291
9225
4150
7220
108
6640
1408
6367
7618
3416
6840
628
7671
4478
4913
5873
2668
944
4719
9846
4811
7103
8999
7445
281
6686
6123
3651
4969
3712
7829
1259
2936
1978
8469
3035
8609
1750
9392
8100
5157
8106
8718
4701
2583
3631
2447
5241
6439
7156
6960
1249
6132
5959
568
8277
4518
6681
1927
9477
392
9746
736
5192
1724
1078
8217
2206
2819
9483
305
9840
7588
896
4540
170
4517
8851
7275
956
7880
4234
4069
4012
2066
6501
2288
6575
5055
6080
6051
7311
5825
8651
2503
9413
1603
2593
3492
4412
2075
5661
6125
9653
6548
2538
1696
2938
1388
8961
5758
9258
5069
1701
5143
7125
8192
9296
3699
5121
5375
1624
2431
3073
2148
6798
4360
3741
9382
9716
26
3330
5377
8015
2983
3798
2426
6543
6726
5678
7378
2484
4936
2446
4175
1952
9561
4240
3121
5134
9351
369
8622
3656
5307
2643
453
9657
8249
1708
9372
8265
5029
6622
8154
9876
419
579
6418
7136
6248
3795
1493
3057
6231
5658
6873
7666
1771
9985
4673
2996
2227
3294
6642
7524
5927
8959
7180
4175
667
8426
4314
5686
5047
4341
5561
5457
4910
3852
4466
3031
7638
5949
7952
5742
3480
4825
3407
5241
6683
8070
8227
8900
3237
6742
6424
1038
5701
5477
7077
6358
3902
3264
3917
823
7595
1351
8144
4379
5193
2609
7400
2830
8548
5352
8563
3901
2050
3843
1015
8723
1913
1116
7622
7014
7848
5919
8042
3548
1396
5119
1779
7162
256
5686
7975
7842
7027
6118
2220
2220
600
1493
6914
9138
8709
5476
4912
758
9310
5918
1354
3096
7024
850
109
4871
8633
25
293
28
5134
2062
9055
7254
7739
7029
5095
6639
5021
9179
8849
5611
2546
5763
6623
1254
3112
1534
3877
4295
9316
7095
7381
6339
9809
7481
3084
8442
7496
5241
8460
4503
7293
7514
1756
6905
6417
8716
3544
1437
7894
4266
8912
2313
1902
5534
3558
6879
8933
9299
1173
8248
8267
8545
6461
8076
7899
1418
6517
7268
6649
4976
3644
5815
4364
7264
2720
780
5979
8128
4081
5747
4267
4866
8050
8034
400
3481
4912
1206
4653
7949
1327
2920
6493
7778
995
6265
1069
7502
5406
7708
4351
9040
5397
8705
8178
8107
1358
4156
8108
7303
1776
4248
2169
9817
2281
4433
5171
9057
5629
9815
7006
6946
2734
5372
6598
3719
3511
7657
3094
8907
7239
7435
9821
2635
6140
7998
2615
9362
2153
2596
6665
5794
6834
707
5610
9106
5130
2654
8162
2632
2468
7041
1451
7066
2413
8039
2658
5914
7570
5742
4820
6682
5051
4640
9307
3064
4511
3795
2425
6655
6381
963
4322
5088
3534
9922
4193
8654
4449
4229
3159
8782
3143
4601
5847
5546
4513
379
3333
2082
6111
8144
8754
1161
4657
9934
4215
1042
5602
8505
9561
3856
1341
3882
8935
4866
3803
5001
5393
125
1103
8543
8897
4237
3143
4744
9773
7646
5113
3106
1602
3097
3123
355
6123
9644
2163
2211
685
7755
2589
245
1611
3921
4117
2419
8777
9784
7410
4169
9900
8504
4585
679
4614
9592
7287
4386
7238
4273
9356
713
7361
4352
2932
5357
5870
5085
7558
6545
4714
2021
8655
8189
5932
4645
607
6582
6303
9881
750
8076
267
7200
8745
4871
6791
6032
1131
5902
304
486
6605
9529
6703
9528
4885
2572
4612
4317
990
1199
6328
1518
9378
4133
6154
1858
714
2456
1739
3328
2405
3870
527
1149
8732
7309
9045
9853
3210
1223
2212
1689
751
8905
1216
7501
3350
7692
3691
4331
8882
1892
5839
142
6015
3866
3865
6719
8186
5594
46
590
1337
2438
3604
68
9737
2648
9911
4820
3861
3997
6499
6477
4775
9579
3977
8116
7271
9532
4320
8026
1423
2032
41
7428
5889
3896
6020
5948
1363
7930
6529
2691
367
2006
2749
103
4644
4534
6788
379
404
5160
8720
5169
4739
2696
5158
3883
4101
9468
3782
5514
1500
3813
4815
9253
7700
834
5200
936
8754
3602
3617
9112
5598
8231
1088
2116
4638
9740
4359
6906
4900
3078
2074
1512
7638
7223
5385
1738
8564
9157
7242
63
2969
2056
9306
2542
4754
6380
5343
3507
9972
833
4492
7444
937
7445
9550
7439
7184
5782
4344
3957
8850
8283
5459
6487
5505
2717
8215
4068
1873
7330
5996
6707
1259
7175
1122
6003
3554
6455
1383
5400
9153
7740
2843
89
5184
4266
7519
4241
47
3736
8189
770
2018
5521
7247
9387
8229
7335
5329
1975
6538
1324
555
7787
8489
1668
5663
3917
9987
7036
9307
9139
6649
2149
1102
1832
8279
494
7938
8316
4220
8000
9076
6229
3520
8196
7489
3622
7404
2817
5588
3941
4131
6133
1727
4494
9665
9254
8401
1535
6289
9581
2547
2938
3603
3639
6634
1881
5997
4571
2070
217
4444
3019
8310
7955
3088
5798
3450
491
8606
911
4422
4610
7035
8013
977
8573
7266
1251
107
5428
831
2645
239
4424
8148
8738
8169
4145
3308
2112
4352
7743
5121
4535
7571
82
2206
1020
563
2685
3796
6849
7286
830
6735
136
1276
4000
1378
1374
1302
4073
5883
3405
8488
4030
2142
8530
8165
7315
642
4390
6931
7627
8915
4501
9574
2995
7385
136
5670
1180
8850
4829
3874
5584
4956
7015
1458
6324
8379
4624
396
6135
8019
757
164
161
1161
203
7466
3667
4583
4396
3167
5372
770
2740
8357
8145
4741
5900
1199
5464
729
6937
1047
5675
3951
4369
3872
4203
8983
6132
337
7002
8754
2366
7153
9905
2559
6492
3571
9006
887
8602
6251
3521
3216
6481
1665
7947
2381
4728
3410
3100
3539
6321
8765
7480
690
4510
3557
9663
641
5758
8538
9385
8114
7564
1172
2546
4055
6607
3426
6806
5209
9667
326
8415
6148
3856
8235
8519
457
1644
1618
3986
9829
2256
3340
518
8630
6887
2055
9261
2644
2466
529
2632
30
1691
5168
5949
8289
8584
2755
5371
8251
4945
5659
6272
674
3893
6664
1122
7401
155
6972
7229
2401
311
7738
2904
7188
1666
4038
1706
4122
4557
4328
4142
8113
9486
1965
8275
9944
6584
5519
77
1528
1177
6339
4067
5060
3002
5179
2460
5021
4024
9679
7412
4326
9290
2189
3387
955
6217
5083
6942
2648
1284
2957
760
770
4912
908
2587
1495
6417
2654
3014
7584
866
7071
2643
5732
4123
6967
752
8137
8519
37
4336
7809
2216
7714
637
306
4670
7569
2944
5945
526
5568
8579
5428
6466
1165
6914
2882
5683
1801
2339
8413
745
6846
4144
6732
3812
6760
6742
2331
6787
1078
2013
876
665
2640
1172
5325
209
5981
1269
725
1548
1721
8017
8005
4750
6804
2760
432
8595
5090
8835
1213
3809
4852
7935
9486
1611
6551
3690
271
7619
5693
1137
8274
8323
4174
5472
405
154
8606
2994
1692
326
1011
1570
5067
9679
4321
7363
157
1284
6198
1360
6957
2923
1169
6442
4525
7710
131
4786
7202
5814
7788
5475
6011
1961
946
8280
3979
9542
1274
5661
1742
4149
9096
6799
3827
5290
4161
3974
8438
2232
7199
5394
5146
8358
1836
1544
7941
3831
8194
5142
1519
7855
616
9394
1689
3426
7673
5658
4842
8937
3193
6574
4959
2288
5246
8777
7568
9397
4624
6005
3503
1822
1398
522
2053
5098
3930
9984
803
2123
5125
2312
9969
7605
1705
1657
2905
9368
9180
7737
188
2372
4310
5137
4650
1429
5787
4091
2699
411
95
6192
4097
3357
8578
6141
329
2507
6124
1122
4621
1249
5298
6463
727
8867
9984
3622
117
9163
1358
295
3408
7532
7297
8048
8951
3083
2138
3524
5358
4097
9706
9446
9319
8284
5586
1521
2664
1709
4507
7275
4822
9795
5611
7414
544
7469
1035
651
8505
4258
937
1913
1789
8224
9951
2614
3180
3963
