4294162050
4293432641
4292624026
4292613336
4292133488
4290009792
4289502074
4288739109
4288507936
4288360282
4288176579
4286756273
4286374289
4285569290
4285258315
4281665424
4281256306
4281033300
4279023260
4278120165
4277677429
4277360238
4277099152
4276583713
4276486453
4276284432
4276110144
4274950561
4274857157
4273793064
4273273620
4271699208
4271295186
4270507168
4270106681
4269718798
4269619928
4269134521
4266906726
4265779627
4264283137
4263546674
4263446274
4262909568
4261846417
4261733153
4260765726
4260540320
4260023578
4259928666
4259808355
4259694557
4259678603
4259452776
4259253043
4258805716
4258336432
4257459097
4255302529
4254927252
4254369450
4254151649
4253598602
4252810923
4252192418
4252049928
4251075204
4250932753
4249463262
4248534898
4248209565
4247936777
4247394685
4247047698
4245469212
4243854676
4243587912
4243337088
4243295200
4243293994
4243242101
4242143350
4241795885
4241031088
4240472648
4239756701
4239075799
4238570821
4238329926
4237751649
4236973753
4235909111
4235488334
4233883328
4232949225
4232750497
4231996609
4231701156
4230707689
4230246964
4229803951
4229434429
4229369615
4229093467
4228358110
4227811998
4226660589
4226200561
4225411239
4225163474
4224665664
4224367930
4223464367
4223282733
4221836810
4221502733
4220611616
4220510754
4219951919
4218970118
4218783289
4217899343
4217713350
4217655164
4217637401
4217313565
4216975970
4216420280
4215740489
4215556961
4214875276
4214090248
4214040188
4213892813
4212980820
4212365736
4212292314
4212265945
4211321542
4211051191
4210495870
4209291538
4207731117
4207635324
4207000292
4206648613
4206534973
4206362070
4205990354
4205118945
4205110355
4204316769
4204300619
4204164664
4203869455
4203760247
4201346023
4201277886
4199589827
4199415137
4199136065
4198626365
4198461957
4198186669
4198093920
4197894497
4194969491
4193817032
4193688514
4192339316
4191443525
4190567305
4189952309
4189797582
4189231164
4188952414
4188461057
4187691267
4187372277
4187265230
4187048211
4186981158
4185188207
4184409731
4184321848
4184202878
4183765664
4183750866
4183664435
4182992158
4182715191
4182686171
4182484749
4182338045
4181841459
4181838677
4181388995
4181230175
4181119832
4180723034
4180293533
4179986775
4179846879
4178977257
4178736962
4178467932
4178085938
4177835583
4177050902
4176792242
4176577586
4176313692
4176025464
4175473599
4175175138
4173765219
4173550900
4173264712
4173055117
4173030924
4172395924
4172039116
4171764911
4171098896
4170787383
4170428497
4170296417
4169902291
4169284244
4169087988
4169004862
4168416984
4168035943
4168030415
4167836468
4167517537
4167056799
4166842306
4166712584
4166709736
4165647405
4165046352
4163806601
4162724123
4161587009
4160632530
4160425432
4160384538
4159996131
4158944849
4158740311
4158068056
4157776651
4157679210
4157250844
4156196149
4155937683
4155727588
4155327651
4155316522
4155028037
4154494702
4154390583
4152592245
4152499724
4151984392
4151857713
4151705095
4151366054
4151143177
4151063657
4149256166
4149059022
4148558480
4148136835
4147930313
4147335423
4147113564
4146851159
4146531634
4145835754
4145483944
4145136108
4143175869
4142984256
4142597663
4141675342
4141045372
4140986016
4140274802
4139004142
4137937398
4137661898
4136842957
4135914567
4135470759
4135367841
4134535928
4133794506
4133680549
4133523920
4133168065
4132844889
4132486636
4132210535
4130988079
4130462365
4129548003
4129468975
4129290635
4129137110
4129060117
4128693192
4128689193
4128241874
4126692191
4126415729
4126084911
4125688397
4122206674
4121945231
4120736951
4120248989
4119788025
4119057762
4117423460
4116974038
4116588012
4116394602
4115580440
4114972306
4114113470
4113223033
4113015885
4112835124
4112685444
4112480696
4112187004
4111236590
4110351966
4108837746
4108131530
4108107449
4107702498
4107471175
4107191313
4105643565
4105598246
4103238682
4103223716
4102800284
4102232446
4102210838
4101735324
4101645196
4101015173
4099976266
4099211196
4098740102
4098632929
4098053221
4097823149
4097598502
4097300672
4096744735
4096135466
4094735130
4093009229
4091837190
4091464390
4090834317
4090811368
4090607541
4090448381
4089835757
4088952601
4088743093
4086022933
4085853538
4085754204
4085722632
4084879462
4084546418
4084352934
4083388501
4082520938
4081981558
4081394765
4080752583
4079686853
4079067376
4079003050
4078707073
4078413220
4078258287
4077969314
4077830143
4077738180
4076984942
4075820569
4074698565
4074123314
4073214963
4073115043
4072821403
4072100509
4071668735
4071626017
4070526400
4070441756
4070393420
4068187055
4067736666
4067388631
4066645252
4066394641
4066214778
4066069158
4065579948
4064795442
4063842285
4063400896
4061616011
4061495738
4061186992
4061095370
4061083842
4060870469
4060442017
4060098733
4056697956
4056154103
4056125493
4055788725
4055372900
4055307282
4055201606
4054843631
4054356217
4054025845
4053997718
4053879156
4053652080
4053201977
4052384738
4051676842
4051418550
4051371884
4051078989
4050960614
4049000981
4048578669
4048076155
4047644529
4046912429
4046839339
4046469236
4046365545
4045825694
4045773305
4045279166
4045031942
4043067635
4042322340
4041842507
4041618179
4040705936
4040680005
4040511528
4040289445
4039914186
4039508944
4039393947
4038085193
4036905705
4035351474
4035192448
4034955999
4033499826
4032282837
4032245291
4031856632
4029969474
4029333346
4028950691
4028423318
4028001506
4027918669
4027472375
4025883625
4025868832
4025036198
4024414316
4023488926
4023353281
4023240321
4022027394
4021731822
4021278747
4020923199
4019969600
4019963108
4019634439
4019553223
4019322422
4018811556
4018531304
4018341268
4017473519
4017421676
4016681576
4016499673
4016230154
4015857113
4015848379
4015528150
4015401683
4015043300
4014121200
4013808858
4013280722
4012781895
4010939588
4010703916
4009282057
4008754838
4008474519
4008253679
4007642470
4007176442
4006451829
4006223803
4005662937
4004768936
4002609020
4001888018
4001651782
4001565740
3999653743
3999202675
3998724571
3998301196
3997001906
3996400783
3996365401
3995833918
3995589332
3994480973
3994339405
3994312665
3994167237
3994108683
3993529757
3992822977
3991408833
3990658320
3989702369
3989257701
3989078995
3989017071
3988559998
3988549728
3987882230
3987282540
3986753062
3985531632
3983534393
3983225334
3982975714
3982892072
3982407627
3981181130
3979727192
3979707210
3979620773
3978780773
3978252198
3977930829
3977688481
3976902698
3976504856
3975349023
3975099070
3973618820
3970698957
3969023592
3968889688
3968734131
3968013542
3967445785
3963505652
3962018698
3961964288
3961639187
3961177575
3960019453
3957885203
3957727460
3957470091
3955935586
3955854611
3955182308
3954978137
3954477148
3954151593
3953199641
3952835912
3952037969
3951840182
3951411072
3951318964
3950841225
3949825717
3949425003
3948683404
3948574527
3948571567
3948222442
3945726359
3945197504
3944743402
3944528613
3944115480
3942796712
3942391487
3942049418
3942040823
3941241338
3941199916
3941144207
3939575638
3938465146
3938055824
3937927683
3936447105
3936252808
3935716963
3935368646
3934947957
3934499639
3934148413
3934127468
3934030810
3933682102
3933122234
3932779107
3932677052
3932524656
3932154015
3929868774
3929498801
3929360901
3929341453
3929161514
3929078625
3928804769
3927809464
3926395177
3926291419
3926055259
3924758287
3921619606
3920691302
3920679891
3920552939
3920326615
3918633934
3917688002
3917596962
3917352965
3917121792
3916408932
3916277048
3916173706
3916138986
3916026529
3916018476
3915752464
3915318044
3915161021
3914677972
3913839247
3912827516
3912575086
3912471910
3912149843
3911862342
3911420879
3911125921
3911008968
3910898418
3910750123
3910370900
3907833473
3907644613
3906298909
3904828764
3904558402
3904310682
3904104228
3903546469
3902801374
3902568281
3902479760
3902082595
3901873615
3900390128
3900171261
3899741241
3899078266
3898485615
3897942708
3897812615
3897690539
3897074341
3896522812
3896152736
3894794254
3894678369
3894580815
3894527980
3893149034
3892507276
3891435558
3890005874
3888972993
3888909735
3887938480
3887825137
3887756654
3887484970
3887054239
3886533602
3885367966
3885126766
3885110727
3884909539
3884867578
3883926992
3882954324
3882198440
3881095959
3879899053
3879400290
3878972043
3878550246
3876810004
3876151240
3876128903
3876103915
3875127906
3875087266
3875067448
3873241005
3873035479
3872880496
3872873339
3871432946
3870324606
3870274216
3870016562
3869996255
3868981281
3868841822
3868371651
3868366579
3868342787
3868214663
3867794598
3866532347
3866014975
3865033834
3864912638
3864694997
3864101468
3863698963
3862484526
3861866214
3861295134
3860854892
3860623867
3860576989
3859340446
3858427663
3857128956
3856802881
3856244976
3854273897
3854112532
3853731534
3853687088
3853601547
3853326656
3852227939
3851949500
3851169398
3851055649
3850734297
3850702994
3850508641
3850412321
3850273988
3849527358
3849269849
3848194743
3848178186
3847858581
3847790045
3845981222
3845257740
3845212896
3844760383
3844558089
3844529927
3843968528
3843753600
3843312649
3842767284
3842094575
3841671323
3840568524
3840108146
3839333544
3838757688
3838420403
3837901830
3837846826
3837202695
3836933822
3836016611
3835387243
3835363661
3835007915
3834572625
3834540102
3834189135
3834034766
3833887894
3833475974
3832447189
3832373742
3832132452
3831794989
3831349265
3831097391
3830797261
3830229964
3830054582
3828371168
3828135103
3828059792
3827878015
3827279529
3827104915
3826658947
3825828869
3825314307
3824978621
3824045188
3823476488
3822709486
3822540422
3822170546
3822075358
3821935109
3821724764
3821608184
3821420336
3820935027
3820185472
3819637764
3818954212
3817465703
3817087021
3816207222
3815755473
3815724840
3815217831
3814789295
3814597030
3814058393
3814055498
3813875679
3812855409
3812664971
3812377425
3811924619
3810723467
3809245522
3808955596
3807751742
3806742742
3806460434
3806188998
3806023290
3805971816
3805451462
3805238694
3804463720
3804410653
3804015944
3803718415
3803556093
3803525878
3803259686
3802820291
3802048653
3801850922
3800528082
3800157355
3799850266
3798956417
3798731824
3798408844
3796419642
3795818650
3795667476
3793801162
3793468990
3792912742
3792908801
3792703263
3792642519
3792281505
3791995970
3791188276
3790712022
3790457378
3789053429
3788814830
3787623698
3787103400
3786737538
3786026683
3784321841
3783954599
3783375078
3780493955
3780122009
3778804527
3778674972
3778539137
3778346496
3778291813
3778135812
3777992863
3777978374
3777785668
3775684044
3775387076
3775285921
3774815672
3774599454
3774518462
3774314539
3773475604
3773064667
3772795699
3772793282
3772301833
3771838317
3771230339
3770833168
3770795651
3769641112
3769632224
3769265601
3769257406
3768912162
3768621231
3768185480
3767749062
3767349325
3767011864
3766710626
3765963187
3765805167
3765662548
3764737663
3764078616
3762170900
3761387013
3761338684
3761168840
3760734172
3759756566
3759580203
3759399779
3757303999
3757025792
3756788901
3755888716
3755266836
3754498999
3752492640
3752406119
3751981091
3751968827
3751588005
3751114947
3750853247
3750718421
3749500995
3748802843
3748577068
3748420495
3747938207
3747622537
3747283463
3746704358
3746515677
3746029252
3745754608
3745730902
3744896445
3744060918
3744004018
3742647514
3742161334
3741646347
3741198643
3741171434
3740462951
3739956689
3738836216
3737333804
3736774060
3736650292
3736542472
3736475241
3736296746
3736174186
3736152482
3736051023
3735953766
3735101555
3734862167
3734336691
3734246534
3734067275
3733477007
3733462987
3733237399
3732722792
3732681654
3732572959
3732102736
3732070184
3731784786
3731749564
3731497220
3729759245
3728441907
3726020584
3725127219
3723286520
3722520151
3721312527
3721059233
3721057130
3720475412
3720381076
3720194046
3718170274
3717830149
3717500686
3716981446
3716939748
3716733005
3716320228
3716178833
3715515203
3715511902
3714965274
3714308626
3714071683
3713069548
3710821757
3709004817
3707895661
3707354972
3706786266
3706724968
3706324114
3706213029
3705531974
3704617987
3703210987
3702636152
3700832606
3700776643
3699331826
3698829879
3698551001
3698504983
3698344971
3698281525
3697791366
3697409857
3697158446
3696518616
3695742880
3695345031
3694648450
3693782635
3692742263
3692714270
3691296261
3690618039
3690538047
3690115036
3689154203
3688590570
3686939382
3686875758
3686148416
3684382055
3684321191
3683511661
3682978723
3681788486
3681786479
3680725201
3680609180
3679378468
3679275600
3677873576
3677268221
3675859316
3675585013
3675325566
3674881099
3674719359
3674496014
3673770874
3673659615
3673041643
3672631916
3671663594
3671032976
3670423863
3670363727
3670270431
3670045300
3669705167
3668549929
3668512846
3668306238
3668110309
3667244273
3667165988
3665035158
3662604606
3662167933
3662058813
3662031302
3661781727
3661267755
3660842846
3660221127
3659687382
3659573975
3659422193
3658497942
3658178689
3658040977
3656372467
3655657426
3653056028
3652996670
3651302643
3651149045
3650933808
3650066360
3650020935
3647405326
3647025625
3645470288
3645202102
3644974506
3644571973
3644050512
3643344191
3642945490
3642624778
3642596932
3642397842
3640710239
3640460254
3640352486
3638958760
3638618110
3638362594
3637877528
3636981669
3636959077
3636948199
3636426900
3635295357
3634844516
3634663482
3634612189
3634443094
3631947952
3631666973
3630637317
3630603107
3630472848
3630223958
3629936326
3628738691
3628656164
3628500592
3628392914
3627159585
3626659362
3626596382
3626154868
3623884425
3623841881
3623725533
3623110407
3622803795
3622747948
3622095942
3622061858
3621993408
3621952224
3620642070
3619693669
3619606440
3617912130
3617119563
3617007924
3616564327
3616103218
3615729945
3615629328
3615398457
3614704067
3613924801
3613506478
3613111546
3611711594
3611467036
3611178795
3610090238
3609231513
3607245588
3606751675
3605924326
3604763583
3604568117
3604012854
3603991088
3603854549
3603312531
3603276822
3603227375
3601671071
3601195926
3600644225
3600015372
3598722508
3598087949
3598015897
3597734311
3597444197
3596602506
3595336725
3595241171
3594742869
3594285446
3593757660
3593655321
3592765306
3592139072
3592028205
3592004703
3591750008
3591698274
3591504995
3591307728
3590129876
3589910503
3589228852
3589047056
3588789790
3588727985
3588197095
3587441001
3586797418
3586424331
3586410996
3586076661
3585739863
3584763123
3584755049
3584724270
3584654008
3584490804
3584281238
3584216711
3584004996
3582575970
3581868062
3581443166
3581217006
3579966946
3579921204
3579790575
3579778800
3579434400
3579193001
3579041723
3578975729
3578572084
3578364878
3578166156
3578039129
3577863937
3577601244
3576553021
3575434878
3575295906
3573546071
3573473374
3572209798
3570848336
3570732765
3569716545
3569419091
3568208260
3567533944
3567016112
3566860775
3566537978
3564383202
3564321938
3563581069
3562341694
3562121757
3561937434
3560167369
3559657658
3559261031
3558663219
3558360634
3558175867
3557210650
3556951019
3556448477
3555967927
3555374527
3555308006
3554586735
3554223966
3552501392
3550764254
3550590584
3550542347
3549743644
3548801100
3548459573
3548157556
3548053643
3545214064
3545092855
3544518193
3544452179
3544059489
3543171201
3542393775
3542007184
3541975956
3541927984
3541574821
3539874078
3539471521
3539368486
3539324205
3537753903
3537479249
3537301222
3536724038
3536567745
3536401093
3536219427
3536043144
3535800373
3535002166
3534935985
3534924290
3534429221
3534411787
3534126857
3533260214
3532989365
3532467119
3532353908
3531989458
3531051381
3531039615
3530990717
3530971636
3530232862
3530208769
3529071533
3528754270
3528482689
3528454859
3526086554
3525249897
3525121659
3524556082
3524019819
3523998376
3523307834
3522550313
3522458091
3522308507
3522022863
3521810357
3521286621
3519802917
3519523400
3518581251
3518357524
3517890913
3517581327
3515566231
3514856344
3513895982
3513817940
3512872663
3512629186
3510725395
3510318996
3509082274
3508893329
3508478932
3507128114
3506769432
3506521541
3504477573
3504234567
3503323612
3503259182
3501647961
3501489906
3500539411
3500509280
3500318893
3500167604
3500014800
3499291621
3498769812
3498756270
3498735940
3498715182
3498573490
3498086568
3498043810
3497767734
3497256671
3496291740
3496107896
3494386896
3493790396
3493658235
3493437501
3492618467
3491659512
3491643853
3490914832
3489458686
3489186117
3488718295
3488498630
3488171956
3486307738
3486177888
3485526603
3483386419
3482912462
3481589568
3481509046
3481108992
3481014507
3479874287
3479579261
3478722354
3478489822
3478118316
3477598796
3477476327
3477365636
3477111023
3476845229
3476693968
3476222072
3476072138
3475490386
3475150349
3474740243
3474582394
3473865351
3473118779
3472912555
3472519860
3471946989
3471645917
3471645614
3471318651
3470818849
3469439959
3468938126
3468831557
3468294988
3468020703
3467982836
3467699560
3467685283
3466849616
3465801154
3465415382
3464798098
3464789405
3464728557
3464433230
3464071157
3463099206
3462644731
3462276532
3461874054
3461153812
3460627007
3460531233
3459905100
3458506814
3456960148
3456491346
3456467262
3456076406
3455495804
3454705938
3454579552
3454149074
3453457811
3453369901
3452173589
3451302421
3451189530
3451072370
3450361962
3450243892
3449335002
3449289869
3449210223
3449161053
3448205135
3448152393
3447893316
3447236977
3447139322
3446672324
3445717738
3444778846
3444571601
3444266788
3443882342
3443631126
3442995423
3441490098
3440362175
3439022778
3436964020
3436830405
3435293585
3435221827
3434764779
3434469539
3433638736
3432269417
3432155010
3430124350
3429755429
3429721116
3429560789
3427680133
3427625397
3426622173
3426471420
3426005864
3424841320
3424522751
3424069709
3423571814
3423445941
3422442452
3421202434
3420886274
3420665324
3420005673
3419609671
3419475728
3419408156
3418903046
3418724616
3417644559
3417498443
3417493486
3417186210
3416339640
3416091142
3415781989
3414871355
3414684039
3413268068
3413165521
3413101081
3411397248
3410716955
3410553450
3410263159
3409936003
3408992717
3408492953
3408401617
3408073235
3407689765
3407164921
3407016592
3406952165
3405976281
3405778263
3405245382
3403909551
3402135535
3401628368
3401020346
3399987815
3399982445
3399225935
3398384529
3397721774
3397700030
3397598462
3397136988
3396183080
3395217666
3394701536
3394301001
3393660205
3393115619
3392690472
3392623902
3392501818
3392328553
3388897070
3388669121
3388251525
3387874958
3386214854
3386190392
3386157958
3385867963
3385630873
3385595065
3385435960
3384169167
3383230589
3381124066
3380018548
3379837986
3379015286
3378333771
3377715458
3376827532
3376077804
3375632021
3375375963
3374641225
3374581594
3374561292
3374484514
3374397296
3374273966
3374221592
3373843477
3372918381
3372639590
3372354148
3372325714
3371876574
3371854977
3371223958
3370646122
3370490506
3370182133
3368914528
3367644545
3366736181
3365934617
3365112331
3364141479
3363352808
3363343840
3363282962
3363193730
3363107090
3362690296
3362474310
3361454090
3360634255
3360203831
3357163039
3356279684
3356064332
3355265883
3355078863
3354858289
3354511071
3353517774
3353068685
3352000982
3350833003
3350688821
3350455784
3347821603
3346756592
3346241570
3346167511
3345792903
3345604453
3345305193
3343497784
3343438541
3342481612
3342130547
3342110203
3341677493
3340841063
3340817725
3340082989
3339641703
3339607499
3338648534
3338224469
3338068343
3337513776
3337198329
3336761619
3336760689
3336434895
3336306566
3336156734
3335877071
3335592425
3335382053
3335117812
3334741623
3334292502
3332066120
3331879705
3331431806
3331046679
3331035852
3329539033
3329492108
3327594498
3327513869
3326513704
3325707812
3325633847
3325446830
3325417752
3324835450
3324500103
3323767773
3322466071
3322163187
3321455920
3320662139
3319617388
3319230162
3317946355
3317003461
3316728651
3316045445
3315619044
3314930341
3314190101
3313712438
3312980884
3311670225
3310836697
3310644244
3310135829
3309671574
3308595412
3308526903
3307315700
3307214494
3307029828
3306844960
3305359820
3304332846
3304311888
3303464664
3303355411
3303329357
3302727469
3302492817
3301842893
3299934491
3299234320
3299076839
3298489723
3297198677
3296997901
3296233216
3296015325
3295742716
3295337005
3295280700
3294597764
3294344797
3293874398
3293809685
3292335074
3292116560
3291863531
3291223367
3291116514
3291084085
3290993585
3290879764
3290113224
3289891292
3289365300
3288722524
3288472747
3287943057
3287335284
3286758594
3286521207
3286450890
3286233497
3285424147
3285132653
3283480905
3283090390
3282090018
3281399660
3281281401
3280925875
3280756919
3280487805
3280394144
3280083155
3279799922
3279254215
3277606000
3277189329
3275910649
3275098493
3274795960
3274232774
3274108034
3273645362
3273353862
3271750970
3271455879
3271212069
3270918410
3270161120
3268791838
3268617502
3268139664
3268083272
3266867305
3266709304
3266618736
3266179075
3265790116
3265216459
3264626902
3264439801
3264226706
3263589663
3263543534
3262817476
3261715236
3261380861
3261284119
3259573637
3259364676
3259126160
3259090565
3258989514
3258752505
3258674577
3257729779
3257597012
3257235192
3256270354
3256128100
3255320428
3254713851
3254296745
3253904789
3251381256
3250898027
3250813269
3250466249
3250429787
3250080051
3249403839
3249376683
3248393860
3248183746
3247965639
3247787200
3247715952
3247222413
3247130092
3246961824
3246776460
3246209312
3246120516
3245393913
3245288454
3245058714
3244992641
3244543478
3244138661
3243242763
3241910531
3241835661
3241826733
3241552336
3241484506
3241244755
3241096660
3239788587
3239415826
3239301905
3238089711
3237613860
3237286813
3236796290
3235658360
3235186444
3235057070
3233723376
3233640482
3233513391
3233459329
3233246313
3232817059
3232600951
3232093197
3231858971
3231435180
3231035885
3230874547
3230134157
3229321639
3228468174
3228093867
3227974514
3227773551
3226597328
3226484348
3225824274
3225715935
3225648241
3225473747
3225472057
3225039162
3224915083
3224366651
3223599326
3222080095
3221217521
3221093814
3221076718
3218754913
3218375496
3218305908
3218255235
3217191324
3216668149
3216238529
3215831445
3215431763
3215165320
3214457750
3214394460
3213271686
3212709094
3212554620
3212339369
3211927414
3211775872
3210935332
3210390623
3209345242
3209304612
3208916898
3208844225
3208290995
3208128596
3207990260
3207478606
3206772690
3206730341
3205767408
3203186346
3202986637
3201754466
3201528086
3199610315
3198898117
3197554726
3197497318
3197442178
3197209776
3196518325
3196216033
3196118629
3195697604
3195687010
3194628202
3194563235
3193835984
3192995703
3192868004
3192476305
3192058886
3191162915
3191003213
3190999295
3190930231
3190116145
3190033156
3189853168
3189070228
3189058966
3188019305
3187722211
3187623411
3187560777
3187299051
3186189289
3186108828
3185232773
3185193500
3183281102
3183087919
3182664329
3182151184
3182072872
3181390554
3177956060
3177227332
3175931520
3175860122
3175128975
3173713933
3173564739
3172239667
3171992153
3171868487
3171852600
3171161909
3168489914
3166305950
3165979186
3164377014
3162795130
3162428495
3159142581
3158672593
3158667393
3157830383
3157451769
3156989065
3156852979
3156613158
3156340748
3155955379
3155706047
3155676951
3155407831
3155150802
3155033817
3154982594
3154315153
3154209253
3153812989
3153791593
3153370632
3153333712
3152840823
3151847243
3150992188
3150564810
3150468226
3149401285
3148920006
3148389247
3148342773
3147519486
3147436129
3147127989
3146825724
3146106707
3146055512
3145826924
3145820041
3145531746
3145352669
3145150115
3145078098
3144841481
3144499195
3144075084
3142219371
3141255890
3139759097
3139536480
3139062830
3138854348
3138796814
3138281992
3138073788
3137545651
3136765951
3136023120
3135598346
3135072271
3135010287
3134868829
3134802000
3134533876
3133895664
3133653089
3131687726
3131329872
3131161060
3130958349
3130713353
3129289194
3128357783
3127496280
3127315226
3126921702
3126075585
3126074649
3125165578
3123695363
3123378977
3122702695
3122136697
3121878322
3121278078
3120345482
3119870668
3119623409
3119098761
3118621848
3118448032
3118107811
3117952874
3117000177
3115587054
3115356908
3114859347
3113529199
3113454085
3113070511
3112290349
3111755036
3111733346
3111037344
3110839343
3109649758
3109636632
3108507086
3108108733
3107292087
3106874327
3105834680
3105624182
3104150265
3103513546
3103348687
3102580217
3102377286
3102349718
3101723145
3101518034
3100738317
3100684798
3100275533
3100049625
3099941176
3099869114
3099853993
3099633005
3098331578
3097475341
3097297043
3097130904
3096534460
3096014667
3095860761
3094078072
3093966619
3093707965
3093476375
3093262263
3093080862
3091766239
3091289154
3090848275
3090434015
3089386321
3088778256
3088754226
3087768354
3087156001
3087007832
3086751421
3086243701
3086066146
3082549172
3082469546
3081673800
3081583103
3081161171
3080752878
3080672730
3079655010
3079530618
3078588913
3078256955
3077856198
3077333816
3077135913
3076521540
3075713340
3075670110
3074960377
3074857273
3073987452
3072497262
3072470701
3072431380
3072337155
3071535733
3071534886
3070339498
3069780078
3069523707
3069426023
3069218116
3068657845
3068050292
3067899634
3067068491
3066143015
3065695285
3065628869
3065507711
3064728315
3063219786
3062397871
3061465437
3061406512
3061327094
3058806744
3058080036
3057679769
3057623237
3057449708
3057414353
3057319737
3056481829
3056454936
3055350166
3055129133
3054797562
3054606671
3053866778
3053693930
3053630396
3053199827
3052957194
3052933473
3052747151
3052105701
3052050539
3050430758
3050426994
3050146817
3049405853
3049351310
3048632034
3046929002
3045503262
3045211096
3044616997
3043366213
3043130470
3042387995
3041969953
3039466627
3039419890
3037943446
3036795645
3036374547
3035920565
3035352520
3034693936
3034333678
3032937589
3032587942
3032436008
3031860119
3031076758
3030164822
3028313451
3028124470
3027869293
3027835569
3027724076
3027571850
3027524937
3026405696
3025893117
3025885801
3025590470
3024828835
3024734062
3023588698
3023563177
3023253141
3022710495
3022139014
3021072505
3021055546
3019715898
3019466942
3019287962
3018537818
3017712690
3017620919
3016654673
3016628994
3014868240
3014863805
3014669777
3011957469
3011736626
3011711773
3011397364
3010271287
3009842072
3009446677
3009016461
3007535701
3007104433
3006920908
3006733927
3006530897
3006031943
3005763003
3005020993
3004806761
3004703820
3003787487
3003427496
3002789836
3002304558
3001910499
3001689108
3001588017
3001522162
3001054541
3000989003
3000813014
3000615866
2999166630
2998375098
2998180355
2998005809
2997549752
2997298864
2997233472
2997064407
2996744815
2996703926
2996652222
2994220713
2993878702
2993696574
2993492850
2991648598
2990621304
2990243758
2989249709
2989100031
2989013834
2988482086
2987909762
2987767963
2987208189
2984750814
2983377840
2983147628
2982528234
2981471558
2981027116
2980532045
2979943927
2979792403
2979499835
2979481240
2978874585
2978738076
2978159036
2978110231
2977003634
2976741930
2976522808
2976483961
2976024808
2975390291
2975186988
2975106892
2974309542
2974088529
2973933552
2973501738
2973320955
2972490749
2972337278
2971994842
2970876349
2970209262
2969900409
2969233749
2968981512
2967835667
2967772254
2967653012
2966779881
2965744766
2965128127
2965093347
2965030389
2964516873
2963982582
2963685772
2963635557
2962666112
2962105736
2961285561
2961114522
2959763472
2959168453
2956657249
2956468740
2955294001
2954327728
2953743007
2953585515
2952349667
2950565179
2950175104
2949506675
2948326639
2947547524
2946329597
2946166658
2945859246
2944421775
2943897470
2943143571
2942744380
2942137575
2941937259
2941765561
2941661070
2941499169
2941097949
2941029983
2940753146
2940727824
2940623228
2938748974
2938423273
2938051325
2938023935
2937173579
2936841891
2936809522
2936773394
2935995318
2935737467
2935510104
2935418342
2935269419
2933619240
2933383774
2932929277
2932775252
2932756962
2932435706
2931667437
2931325017
2931161551
2931059529
2930500352
2930456218
2930273394
2930253582
2929706017
2929556914
2929483205
2929008406
2928537028
2927882003
2927400439
2927217355
2925402165
2924569105
2924548535
2924533338
2923919832
2923739140
2922315802
2922253998
2922074980
2921419798
2920954805
2920320208
2920046127
2919623484
2919310250
2918321989
2916967062
2916837140
2916527234
2915602614
2914816722
2914605777
2914394898
2914179383
2912903106
2912131982
2911142959
2911131963
2910776164
2910641078
2910547338
2909515786
2908561327
2908204173
2907739184
2907505060
2906156386
2905982185
2905955773
2905472359
2904235532
2903394704
2903317413
2901251149
2899549284
2899413551
2898322739
2898012557
2898002691
2897995025
2896669437
2896599727
2896423066
2896351591
2896234006
2896186561
2895108732
2894905356
2894773386
2893964810
2893759577
2893240674
2893038034
2892820232
2892779102
2891458562
2891296965
2891058273
2891050194
2890936967
2889933836
2889011769
2888854196
2888478232
2888406966
2888356673
2887326814
2887119714
2886742924
2886073143
2885456292
2885106405
2884962170
2884289274
2883490801
2883469255
2883233895
2882952481
2882352143
2882272542
2882267649
2881773022
2881156285
2880026345
2879895436
2879833734
2879680256
2879237985
2878907395
2878450862
2877585981
2877401550
2876849226
2876586750
2876479851
2875818493
2875670660
2875627523
2875510125
2874870399
2874145245
2873517339
2873226281
2872545321
2872519928
2871081503
2869161746
2868012721
2867833395
2867403891
2867130399
2866438994
2866052053
2865467792
2865318552
2865279221
2864524578
2864447763
2863917874
2863871656
2863665567
2862768651
2862562893
2862539820
2860929714
2860418810
2859738410
2858297336
2857436676
2856394662
2854519494
2854157479
2853586680
2853572516
2853516092
2853292482
2851223179
2850419989
2849371466
2849154317
2848473067
2848299189
2848136823
2848128077
2847746208
2847200250
2847196245
2846800301
2846251277
2845972509
2844046432
2842876763
2842125195
2841482902
2838237091
2836890780
2836790747
2836496483
2835244387
2835211382
2834406439
2832999502
2832224907
2832039145
2828502569
2827920071
2827660804
2826713149
2826443637
2826279212
2826006411
2825699090
2825598727
2825253566
2824890466
2823763641
2823514732
2823472980
2823384343
2823324780
2822507535
2822233346
2822219089
2822131810
2822042226
2821708147
2820716222
2820686941
2820616796
2818472559
2818167989
2817770606
2817711011
2817501561
2816676717
2816589211
2816267006
2813928276
2812866627
2812792360
2812247916
2812128980
2812125525
2811372476
2810863825
2809445721
2808499213
2808337871
2807969108
2806731457
2806363833
2806247294
2805170122
2804626771
2804373650
2804028334
2801827149
2801636973
2800351720
2800028706
2799971246
2799524978
2798964048
2798862105
2797748075
2796203388
2795126772
2795078059
2794799829
2794458665
2794173232
2793722375
2793294879
2791494234
2791224510
2791188538
2791083519
2789637667
2789486857
2789415094
2787880785
2787110690
2785652010
2785303346
2785253486
2784861855
2784722883
2784674005
2783984510
2783929183
2783869704
2782785433
2782732484
2782514597
2782478800
2782342742
2781947840
2781912019
2781624006
2781568033
2781091579
2780829073
2780371708
2777586069
2776758113
2776739622
2776249611
2775420595
2774937648
2774004355
2773665181
2773435316
2772929747
2771098187
2770845569
2769869124
2769595821
2768105088
2768089397
2767355075
2765913225
2765667236
2765447600
2765416819
2764948615
2764553012
2763236370
2762443638
2762356687
2761522318
2761272642
2760962760
2760243447
2760023661
2759968653
2759021010
2758384316
2757505331
2757353243
2757278949
2757263009
2757164997
2756953814
2756543798
2755935721
2755174020
2754349374
2754238384
2753799079
2752865569
2752298691
2751074585
2750007290
2749295396
2749037667
2748072967
2746703502
2746196431
2745994709
2745129228
2744921330
2744269613
2744225894
2742879151
2742492059
2742460940
2741476838
2740131255
2738856067
2738598987
2738145630
2737480233
2737179444
2736963017
2736301560
2736179397
2735632815
2734587236
2734538709
2733870256
2733432814
2733107570
2732795209
2732636232
2731719207
2730132173
2729614861
2729501770
2728443546
2727953971
2727601218
2726751034
2725915262
2725403872
2725348753
2724397895
2723894990
2723708822
2723653842
2723070564
2722686203
2721885254
2721599477
2721137318
2720404177
2719899970
2719597631
2718955808
2718445054
2718132887
2717552430
2717444434
2717281022
2716271538
2716229690
2715769579
2715181103
2714451957
2713846465
2713410555
2713102148
2712906318
2712601256
2711949330
2711420709
2709341870
2709078181
2709075564
2708035260
2707992019
2707667814
2707655589
2706057081
2706006896
2705935956
2705921513
2703843195
2703362279
2701478029
2701401673
2700948879
2700941944
2699961477
2699869890
2699786696
2699652238
2699611160
2699485568
2698128231
2698121090
2697973438
2697743750
2697080712
2697004090
2696999149
2695234576
2694870340
2694741676
2694349999
2694015374
2693978690
2692714197
2692203539
2692129070
2691472148
2690267801
2687998956
2687776595
2687724523
2687387036
2687179271
2686928515
2686201888
2686109866
2686095191
2686062306
2685885331
2685770732
2685660241
2685365207
2684953199
2684929393
2684456337
2684251184
2683865160
2683463990
2683342641
2682848979
2681068024
2679858708
2679267021
2678710476
2678214814
2678116046
2676316980
2675659043
2674658119
2674434611
2674134295
2674021602
2673929955
2672940559
2671631341
2671523739
2671346582
2669078627
2668391289
2666746644
2666581277
2666474507
2666260256
2666087455
2665711449
2665448282
2665425900
2665383392
2663736446
2662470300
2662156098
2661426131
2660501691
2659606407
2659555636
2659201030
2659090173
2659076503
2658821274
2658505484
2657978907
2657537404
2656433206
2654575959
2654441270
2654191474
2653695386
2651883894
2650836622
2650596468
2650402755
2649912501
2649297516
2648655642
2648655318
2648266276
2647279098
2647247552
2646376129
2646182428
2646102159
2646027109
2645983976
2644437010
2643910961
2643320478
2642489558
2641522084
2640980760
2640947600
2638778236
2638774189
2638768653
2638595326
2638480911
2637429337
2637265409
2636770959
2636536660
2634973211
2634256418
2633547782
2632631011
2630800699
2630695302
2630029745
2629698312
2629689031
2628742480
2628190321
2628054061
2627481866
2627326034
2626736012
2626587046
2626472054
2625312107
2624745258
2624497425
2623984196
2623531961
2622853958
2622658822
2622305526
2622070367
2621982894
2619712735
2619032753
2618961284
2618766775
2618103135
2617412834
2617290704
2616828115
2616402636
2615574192
2612650162
2612320648
2611877162
2609025565
2608518026
2608016803
2607517762
2607392354
2606958865
2606605589
2605325178
2605309977
2605114002
2604385430
2604121790
2603656998
2603538295
2603236400
2602587002
2602398111
2601344950
2601309301
2600560431
2600185203
2599762006
2599679065
2599222362
2598286902
2598182077
2598116590
2597538424
2597243796
2597001514
2596964753
2595742373
2595271907
2594245189
2593599635
2593585600
2593474083
2591974475
2591732916
2591460570
2591448845
2591142081
2590895579
2590295882
2590025912
2589595465
2588622651
2588482907
2588401441
2588171702
2587797424
2587659448
2587019824
2585765034
2583711304
2583311641
2582498274
2582386575
2582096418
2579803227
2578723798
2578374679
2578231738
2578220535
2577282087
2576775977
2576492574
2576317085
2575820615
2575285106
2574092228
2573436038
2573305571
2572570139
2572458394
2570596261
2568514417
2568123146
2567827511
2567508206
2567469828
2567337672
2567244505
2567123201
2566487250
2566167960
2565955399
2565090763
2564534614
2564184810
2563947031
2563012883
2562697403
2562393231
2562155487
2561815456
2560576999
2559467470
2559025200
2558456168
2558261467
2557863510
2557263392
2557124063
2557042692
2556185683
2556132122
2555857733
2554993857
2553816759
2553609415
2553327794
2552337456
2552008411
2551783026
2551587967
2551471301
2551425298
2551383735
2551003093
2550873453
2550454535
2550324920
2548928078
2548786552
2548228583
2548046338
2547507509
2547059356
2546791929
2546690617
2546101366
2545871899
2545005207
2544678816
2544288778
2543493267
2543440652
2542601481
2542103374
2542026135
2541294665
2540573428
2540156843
2540120393
2539132113
2538643369
2538045572
2537194051
2536151246
2536055324
2535868169
2535622342
2535325054
2533230906
2532820338
2532662956
2532263013
2531494774
2530072885
2529682972
2528579296
2527057758
2526670377
2526292795
2526193914
2526187860
2525357859
2524093921
2523883836
2523456686
2522026517
2521950321
2521547480
2521397013
2520399271
2520366558
2518845249
2518830242
2517827405
2516977240
2516064629
2515635301
2515490014
2515209825
2514782496
2513476356
2512303511
2511352678
2510242330
2510067024
2509572367
2509462602
2509455717
2509404349
2508772581
2508094800
2507626905
2505560588
2505271355
2505097939
2504865091
2504480139
2504395197
2503331896
2502889712
2502311390
2501977874
2501775493
2501335275
2500789520
2500230369
2499509907
2498649909
2498441924
2496328121
2495429810
2495111998
2494785788
2494619151
2494479267
2494387270
2494087438
2494083264
2494061616
2493533779
2492989972
2492830859
2492600438
2492492107
2492050780
2491351251
2490208757
2489704982
2489434664
2489065266
2487861619
2487350432
2486762397
2486370385
2485639733
2483957018
2483546421
2482658800
2482501216
2482270996
2481634617
2481176075
2481150394
2480565033
2479479928
2479394786
2479365079
2478044676
2477461282
2476942647
2476778670
2476646820
2473788370
2473191046
2473090186
2472985168
2472411974
2470948169
2470758406
2470631465
2470484154
2470007721
2469854491
2469158907
2468166962
2468049800
2467667852
2467368127
2466115441
2466015730
2465608182
2465404609
2464938302
2464828146
2464396331
2463862603
2463539906
2463127997
2462742247
2462358734
2462354643
2461686778
2461329620
2458742728
2458095999
2457132829
2456457695
2456196959
2455996018
2455787364
2455700548
2455271811
2455041268
2454324761
2454041085
2453860992
2453272788
2452755103
2452033593
2452017584
2451985767
2450195141
2449642450
2449080534
2448947449
2448354386
2448174751
2447684502
2446968629
2446959303
2446357455
2446146352
2445418316
2445341625
2445316265
2445045483
2444956264
2444629894
2444253209
2444247326
2444198125
2443818596
2443742403
2443022793
2442738260
2442538609
2442452270
2442061993
2441505266
2441413665
2441247390
2440299910
2439727190
2438998230
2438201908
2437496217
2437014124
2436066323
2435358865
2435357409
2435238989
2434456151
2433173813
2432853190
2432209412
2431942634
2431462730
2430570645
2430408362
2429886877
2429660164
2428680676
2428249954
2428101607
2427888859
2427610316
2427509813
2426924387
2425783723
2424356244
2424149868
2423843186
2423349660
2422342039
2422023355
2421161838
2421115446
2419047590
2418713507
2418357741
2417272275
2416884601
2415595309
2414813398
2414508005
2414161448
2413925899
2413589901
2413587429
2413386213
2412903963
2412577187
2412504582
2412227552
2412157841
2412124215
2411343605
2410681487
2410208957
2409622210
2409394783
2409188493
2409139019
2407955203
2407792077
2405576844
2404867838
2404808333
2404782950
2404752395
2404701576
2402006499
2401188804
2400471347
2399983324
2399464371
2398313834
2398111295
2397487483
2397076359
2395439832
2395430805
2394623020
2393948741
2393755896
2393648750
2392644388
2392198558
2391978150
2389211718
2385984344
2384474181
2384169291
2383730704
2383600451
2383533342
2383371350
2383368994
2383291712
2382927310
2380859718
2379314993
2378161570
2377812420
2377763480
2377054968
2376731542
2375797235
2375742439
2375228378
2373898939
2373339827
2372617474
2372235628
2372064958
2371534667
2371260724
2371214153
2370870444
2370177905
2369939650
2369415914
2367947110
2366849078
2366567266
2366201530
2364096670
2363827938
2363337423
2362175035
2361567843
2361003644
2359731042
2359730225
2359707157
2359596728
2359151063
2358176418
2357618170
2356971762
2356650108
2356218868
2356026594
2355317550
2353732162
2352575056
2352569610
2351358112
2350628913
2350510211
2350157966
2348914203
2347833079
2347515293
2347077947
2346761592
2346709056
2346586329
2345850644
2345755086
2345235163
2344220545
2343899875
2343239941
2342614906
2342234255
2342043874
2341774377
2339826963
2339453680
2339066532
2337686778
2336090912
2334685872
2334401722
2333990968
2333973655
2333268317
2333266143
2333210133
2333026543
2332840174
2332630483
2332387502
2332027030
2331730011
2331646361
2330966591
2330956903
2330908796
2330779057
2330243345
2329692136
2329690312
2328445222
2327755165
2327675700
2327394135
2327272567
2327178007
2326970762
2326945433
2326224523
2325349435
2325117927
2324942083
2322435481
2321818957
2321343969
2318544865
2317174978
2316100593
2315373020
2315297845
2314898380
2314693955
2314098798
2313285898
2312407880
2312394826
2311946992
2311788851
2311053150
2310237571
2310044759
2309458191
2309291989
2308448078
2308034662
2307434514
2307429022
2307254888
2306283167
2304589229
2302511561
2301467884
2301424252
2300673033
2300612134
2300294162
2299977359
2298365056
2298263348
2296619327
2296331514
2294539310
2293936219
2293114359
2290629682
2290412436
2290347776
2290208711
2288528326
2288300477
2288261777
2288223118
2287548760
2287446394
2287254358
2286660165
2286616396
2286407082
2285548897
2285356291
2284497323
2283607671
2283561074
2282939465
2280513201
2280353224
2280264316
2280165863
2279981216
2279702003
2278662842
2276453069
2275166119
2274195435
2273403961
2272183752
2269858442
2268962618
2268812092
2268719267
2268296363
2268075777
2268052840
2267438458
2267055412
2266745983
2266460982
2264944113
2264575082
2264527166
2262896258
2262361773
2261698643
2260347122
2259893256
2258632769
2257467203
2257432413
2257290386
2257204037
2256912887
2256122525
2255939761
2255855963
2254903345
2253441473
2253283877
2252797859
2251318822
2249906926
2249736022
2248616845
2248609380
2247125884
2246962277
2246611304
2246156080
2246069229
2245956722
2245550756
2245017091
2244420361
2242834786
2242670715
2241510414
2240328929
2239904179
2239568231
2239498465
2238061728
2237024435
2236370254
2236338410
2235768220
2234950921
2232694406
2231457606
2230880722
2229801039
2229634753
2229458921
2229416151
2229221097
2228810611
2228736053
2228695001
2227966507
2226367197
2226153400
2225967347
2225574701
2225238693
2224669584
2224324910
2224037908
2223552648
2222521234
2222385312
2221977562
2221729936
2221593613
2221400556
2221366475
2220996949
2220290501
2219908007
2219691431
2218097179
2215324550
2214694324
2213281887
2212871904
2211271365
2211229644
2210944128
2210778614
2210473533
2210458312
2209136124
2209058456
2207532761
2206542948
2206390895
2206257419
2205213431
2203921773
2203243352
2202799445
2202525937
2201709285
2201421057
2201094626
2200909910
2199578673
2199522579
2199485847
2197237091
2196988195
2196824484
2195186131
2194064048
2193818072
2193806153
2193416486
2193191814
2193021487
2192419107
2191490135
2191166498
2190772268
2190497997
2188589095
2188169778
2186322903
2186099726
2185865215
2185221483
2184742364
2184004104
2182549618
2179892437
2179825327
2177809024
2177528179
2177503095
2177221073
2174993717
2174336475
2172769412
2172012516
2171907721
2171576907
2171319508
2171277359
2171202690
2170969503
2170093198
2169635668
2168613310
2168494031
2167879700
2166924346
2166535531
2166421929
2166327050
2165970926
2165713844
2165502548
2165457438
2165375011
2164788334
2163463121
2162723054
2162638559
2162524951
2162476828
2162417100
2162356318
2161968763
2161940684
2160974760
2160860301
2160567484
2160159052
2159947302
2159479387
2159421761
2159361068
2158914407
2158665021
2158443626
2158419026
2158177772
2157910881
2157670884
2157122223
2157086418
2156620420
2156533828
2156446358
2156262828
2155465712
2154770701
2153754904
2153030243
2152278327
2152098019
2149632784
2149631680
2149272324
2148960830
2148515938
2147699863
2147469232
2147271343
2147152727
2145674276
2145618546
2145361493
2145089870
2144497557
2144366767
2144168818
2143657023
2143281294
2143113732
2142987580
2142878287
2141846691
2141397199
2140831319
2139516389
2139378670
2139136796
2138762745
2137497606
2137399091
2137292156
2137284736
2137246011
2137038659
2136904491
2136332139
2135585377
2135495372
2135093143
2134847378
2134842576
2134613951
2132642518
2132594219
2131657651
2131518669
2131312578
2129314060
2129164577
2128202097
2127267448
2127097541
2126967792
2126739065
2126404548
2125923307
2125793559
2124876243
2124863406
2124589041
2124184851
2123640220
2122903792
2122474956
2121309281
2120739596
2120080955
2119729190
2119689319
2119611212
2118853332
2117854305
2117737750
2116417192
2116348859
2116258127
2115625837
2115155306
2114806378
2114527124
2114258052
2113795694
2113256669
2110016288
2109134200
2109121586
2108491491
2108022274
2107956720
2107004959
2106674624
2106493057
2105721129
2105574675
2105344147
2105177923
2103896331
2103534776
2103093735
2102954471
2102894443
2102469019
2101283487
2100903219
2100720410
2100363702
2099942852
2099269043
2098259081
2097392266
2096995739
2094419648
2093281879
2093095071
2092875059
2092851484
2092200755
2092021982
2091734220
2091516360
2091423697
2091350698
2090821952
2090480311
2090071092
2089840607
2089100607
2088902020
2088468219
2087694000
2087658696
2087523285
2087326105
2087135026
2086826929
2085950742
2084996112
2084810311
2082437482
2080733511
2080117963
2079767751
2078345488
2077508513
2076889858
2076540206
2075709579
2075584851
2075311945
2073755633
2073118384
2072704063
2071951260
2071051745
2070730573
2069853679
2069626942
2069560413
2068482665
2067872560
2067836703
2067705179
2067526571
2066983123
2066626183
2065890452
2065409986
2064812650
2064381120
2063730250
2063583633
2062681034
2062518425
2062410935
2062408094
2061600753
2060005247
2059509919
2059244031
2058763549
2058714335
2058108927
2057061202
2056707406
2055822823
2054993976
2054411509
2053383997
2052654488
2050897806
2049537817
2048154990
2047679224
2046699598
2045980103
2045880341
2045455097
2045221997
2045148813
2044160975
2043438802
2043291429
2042858509
2042689349
2042530285
2042419906
2042134400
2041531490
2040954741
2040936521
2040696179
2040413729
2040310243
2040101843
2036805992
2036743602
2036299661
2036121128
2035614650
2034269426
2033297426
2032876897
2032231804
2032212464
2031436799
2031422191
2031159149
2027821911
2026881461
2026418421
2026213801
2026063436
2023823577
2023166628
2022061940
2021398533
2021087550
2020931330
2020803878
2020574135
2020521116
2020228388
2020162383
2019718069
2019656292
2018554566
2018193940
2017290983
2015824549
2014685596
2014552043
2013633126
2013488508
2012970475
2012917260
2012877497
2012640033
2012448845
2012202223
2012196349
2012038123
2010713804
2010628180
2010136306
2009222277
2008810849
2008791430
2008491804
2008166046
2007959985
2007468699
2006899989
2006167487
2006132079
2006105356
2006101652
2005382540
2005286406
2004662252
2003316742
2003297942
2002227986
2002036932
2001457632
2000779539
2000666492
2000224287
1999865735
1999662424
1998430094
1998393263
1998127977
1997974466
1997637350
1996663925
1996580660
1996019107
1995822430
1994776454
1994745674
1994309119
1994267582
1993495268
1992446214
1991502586
1990779898
1990262954
1989332213
1988978041
1988224221
1987656791
1987335574
1986907956
1986745198
1986501510
1986406751
1985121698
1984690891
1983838178
1983308172
1983157137
1983139220
1982849023
1982291799
1982198563
1982066068
1981228786
1981219410
1978935285
1978757655
1978425669
1978407945
1978009423
1977308720
1976868919
1976669234
1976494214
1975687576
1975627173
1974900240
1974898143
1973530332
1973282134
1973066679
1972740235
1972576915
1972345735
1972010423
1971723352
1971477040
1971448773
1970921603
1970375704
1969897827
1969343319
1967351128
1967034635
1965090425
1964650536
1964625736
1964490622
1963058952
1962067300
1961563855
1961338918
1960273472
1960245055
1958595560
1957583948
1957515532
1956786513
1956208991
1955766046
1953219370
1952731676
1952101580
1951774500
1951610163
1951097104
1950943089
1950203343
1949282559
1948859590
1948003119
1947695586
1947404050
1946949816
1946809759
1946744625
1946560090
1946412181
1945196177
1945140706
1943934392
1943378228
1943211463
1943185136
1943135051
1943094286
1942832153
1942201563
1941414780
1940746288
1939360108
1939124733
1938937283
1937170766
1936759806
1936538751
1936399115
1936167655
1935176512
1935041130
1934957339
1934903698
1934833215
1934098467
1933435420
1932272571
1931308580
1931207097
1931033088
1930764903
1930234456
1930225598
1930011693
1929890930
1929347576
1928574592
1928510628
1928471847
1927448868
1925328885
1925096391
1924735437
1924580333
1924195159
1924116106
1923188323
1922637708
1922348888
1921821292
1920367511
1920067103
1920051372
1918923841
1918563704
1918076615
1917802586
1917171152
1915233457
1915221381
1915171577
1915021288
1914927118
1914855294
1914089594
1914004967
1913779582
1913669727
1913534839
1913066873
1912869948
1912859696
1912794355
1912215932
1911759305
1911434714
1911107840
1910801948
1910520773
1910362456
1909959437
1909625147
1909491653
1908540057
1908474490
1908385087
1907227714
1906835700
1904866603
1904442614
1903626821
1903172406
1903116138
1903108684
1901537410
1900857357
1900329521
1900065266
1897867118
1897634090
1897143051
1897057915
1897022112
1896254728
1895816376
1895473337
1895389796
1895373951
1894849332
1894825740
1894540443
1894423484
1893427078
1892805674
1892159834
1891619813
1891547910
1890683396
1889851470
1889454929
1889199156
1888883780
1887886078
1887347314
1886892276
1886748744
1886276438
1885225043
1885107035
1884920199
1884059814
1883227904
1882608481
1882448151
1881511625
1880690583
1880497713
1879958543
1879489709
1879156143
1878043931
1878040753
1877579668
1876344039
1875972689
1875789562
1875466507
1874197772
1873992962
1872963487
1872904977
1871872391
1870829357
1870421903
1870384329
1870161093
1869432329
1869009719
1868855378
1868619309
1866578438
1866548250
1866292104
1866089088
1865902227
1865843405
1865771656
1865646617
1865274593
1864881039
1863308307
1863210119
1861709769
1861218170
1859680176
1859586723
1859386372
1859373451
1858858146
1858474062
1857797092
1856761146
1856495968
1855098047
1854913137
1854260979
1853894510
1853533527
1853454668
1853425675
1852872418
1852132787
1852069674
1851862733
1851595290
1851301843
1851004004
1850816008
1849838211
1848534952
1847916520
1847856196
1846856541
1846790038
1846603532
1845900716
1845851705
1845688158
1845295568
1845001027
1844646301
1843873214
1843480962
1842606923
1842462107
1841962533
1841936856
1841871086
1841811149
1841548328
1841073569
1840611611
1840441057
1839589102
1838897930
1838599581
1837990633
1837831900
1837648205
1837268622
1836508638
1835948012
1835750077
1835122253
1835063573
1834648783
1834313517
1834187912
1833568264
1833461017
1833127185
1832708966
1832222130
1831821600
1831745256
1830603809
1830582953
1830575329
1830378808
1830008565
1829804772
1829348817
1829165589
1828532485
1827866567
1827033508
1826256841
1826077570
1825734343
1824610255
1824249347
1823962448
1823304817
1822386205
1822289686
1822051816
1821751997
1820080820
1819467053
1818614856
1818530727
1818243821
1817473710
1816901524
1815089217
1814355780
1814337503
1811858735
1811436216
1811173058
1810627029
1809933441
1809817958
1809808397
1808182104
1808066500
1806261603
1806140525
1804227200
1802928367
1802872593
1801386963
1801371027
1801351547
1800559997
1800400443
1800206457
1800149767
1799976475
1799867667
1799631582
1799092942
1796698894
1796434825
1796259722
1795648944
1794477542
1794430250
1794034401
1793566063
1792895666
1792792613
1792724882
1792150857
1791983140
1791501614
1789920914
1788764606
1788762180
1788442283
1786187127
1786120221
1785863854
1785701525
1785024816
1784793731
1783961006
1782031438
1782008136
1781761599
1781311420
1780238945
1780208267
1778705146
1777726417
1777424014
1777324536
1776723991
1776699886
1776106537
1776055614
1775716533
1775676746
1775597424
1775132912
1774846097
1774127343
1772997417
1772231189
1771432752
1770734494
1770251599
1769856508
1769425987
1769423927
1769197630
1769069239
1767963832
1767945195
1767884375
1767581819
1766952680
1766222130
1765094358
1765003367
1764989669
1764824087
1764205609
1762240051
1762185665
1761275417
1760900119
1760632953
1760370195
1759708185
1759316620
1758681603
1758290186
1758061975
1756507867
1756123899
1755674047
1754822041
1754495931
1754219908
1754105419
1754001709
1753775199
1753283656
1752461282
1750515017
1750208121
1750081492
1748780362
1748391547
1747218354
1747179584
1745989761
1745572698
1745565896
1745271918
1743331885
1742663638
1741742055
1741642324
1740481779
1740438487
1740267311
1739018257
1738854018
1738217059
1737688442
1737450128
1737405813
1737345747
1736240428
1734916919
1734811565
1734475600
1733551485
1733058669
1731124474
1730848117
1730524497
1730364687
1730251509
1730187299
1729998386
1729229902
1728968381
1726471412
1725968485
1725856266
1724443518
1724104548
1724026184
1724019148
1723813136
1723447022
1722307297
1722146070
1722088147
1721913138
1721330355
1720574400
1720452363
1720427142
1720316058
1719345643
1719149064
1719082144
1718410891
1718073119
1718058985
1716519324
1716246454
1715741229
1715646555
1715564722
1715001659
1714575963
1713972997
1712837240
1712414396
1712209582
1712139457
1711718631
1711410260
1710446907
1710164582
1710162824
1709677540
1709674070
1709175102
1708800343
1708497470
1707505279
1707035539
1706206895
1705545722
1705074340
1704829733
1704797501
1704600264
1704199041
1703132245
1702420090
1701622887
1701113830
1700822515
1700405402
1700118511
1699837820
1698998738
1698845200
1698478843
1697802372
1697063046
1696240561
1695806303
1695764449
1695684696
1693988945
1693829155
1692875485
1692770594
1692718777
1692350120
1690342433
1690253747
1690193320
1690121978
1687905141
1687747306
1687310511
1686991100
1686576947
1686554587
1686533281
1685859209
1685830750
1685342484
1685031311
1684837577
1684755343
1684535018
1684130640
1683039059
1682911217
1682392686
1682258700
1682007836
1681466488
1680151737
1679552241
1679298233
1678709608
1678223788
1677948950
1677005178
1676347379
1675856576
1675808319
1675337998
1674928508
1674886860
1674801345
1674781227
1674024970
1673695371
1673581888
1672260911
1672245392
1671719550
1671551232
1671484512
1671389563
1670343898
1669977905
1669352760
1668339922
1667242008
1667019843
1666135420
1665950294
1663786661
1662370726
1662048783
1662030638
1661952400
1661544320
1661100671
1660848103
1660751967
1659621297
1659585781
1658374854
1658071231
1656977255
1656657232
1654555461
1653752952
1653595878
1653366430
1652904391
1652441776
1652412766
1652145456
1650566434
1649376008
1648724469
1647580670
1647494576
1646458988
1645387946
1644975833
1644721088
1644243577
1643918189
1643394967
1643303159
1641618704
1641237359
1640669962
1640144988
1638863167
1638544314
1638376156
1638152703
1637879305
1636691677
1635137982
1634890351
1633968883
1633563872
1632380877
1631901215
1631614586
1630579406
1630354847
1627347082
1626731144
1625712182
1625224620
1624847315
1624827267
1624720660
1623555218
1623517860
1621994531
1620528268
1620265297
1620040792
1619199771
1619165435
1618798553
1618697119
1618160356
1616861547
1616446084
1616369376
1616351376
1616323173
1615981113
1615910947
1615597798
1615140427
1614439731
1613471947
1612264180
1611844365
1611568616
1611547771
1611119849
1611038073
1610646580
1609833951
1609754748
1609424222
1609390558
1608448730
1606947086
1606588262
1606459567
1606382786
1606011371
1605972626
1605792675
1604354566
1602184665
1601785684
1601048850
1600670226
1600251984
1599337637
1599285621
1599270947
1598385723
1597752935
1597535241
1597533766
1597353106
1596677203
1596124604
1596074898
1595733633
1594552979
1594477883
1593311813
1593261878
1592852996
1592582948
1592454715
1592134984
1590510321
1589614277
1589460735
1588258972
1588010659
1587576738
1586935283
1585985448
1584482745
1583685903
1583421417
1582934222
1582623514
1581804736
1581752663
1578889540
1578531566
1578056846
1577176155
1576305433
1575654551
1575325818
1574675681
1573670011
1573247422
1573194418
1572527953
1571933510
1571474890
1570928194
1570890630
1570678890
1569934520
1569866218
1567951001
1567745818
1567534465
1567115460
1566503594
1566321361
1565036191
1564128002
1563051817
1562059483
1561554892
1561211548
1560504621
1560282319
1559716576
1558860223
1558554466
1557627785
1557324305
1556902275
1556577785
1555503752
1554546986
1554468832
1554224337
1554042746
1553752775
1553740586
1550668146
1550159327
1548101578
1547981485
1547446051
1547091992
1546930948
1546168831
1545294783
1545273671
1545244062
1544850720
1544711642
1544253750
1544169955
1543385033
1543140950
1543104100
1542993146
1542791109
1542589134
1542156281
1541725052
1541244890
1541206226
1540335168
1539744112
1539426427
1539391414
1539204202
1538413789
1537150171
1536902127
1536693849
1536254555
1536167492
1536029656
1535991525
1535865397
1535197451
1535106938
1534858384
1533957620
1533376783
1533275447
1532940888
1530741187
1530056661
1529719426
1528712175
1528456026
1528420679
1527588476
1527469262
1525974399
1525693333
1524399925
1523065745
1522584316
1521894824
1521401848
1521071608
1520661218
1520598142
1520262726
1520049416
1519965728
1519727461
1518943145
1517879791
1517735460
1517361176
1516911300
1515490443
1514690067
1514369387
1513231538
1513107133
1512714766
1512167305
1511932256
1511920865
1510728786
1510168008
1509692164
1508412832
1507960478
1506855808
1506633756
1506132893
1505919462
1505616181
1504597804
1503752661
1503699501
1503492187
1502436680
1502365337
1501652368
1501645275
1501580451
1501578940
1501166194
1500957566
1500582331
1500189747
1499613405
1499055839
1498838169
1498772748
1498612587
1497727878
1496010851
1495459655
1493559323
1493421941
1492971034
1492260080
1491218271
1491095460
1490846264
1490699427
1490687031
1489853141
1489502939
1489228313
1488519847
1487839180
1487668353
1486378260
1486260009
1485749476
1485168139
1485010008
1484538329
1484095552
1483977119
1483747384
1483621348
1483369475
1483140267
1482250962
1482053475
1481590691
1481408772
1481115243
1480661775
1479678119
1479340854
1478827287
1478354437
1477925609
1477768491
1475873813
1475712469
1475514051
1475194455
1475138875
1473909383
1473815836
1473698460
1473582696
1472715699
1471493201
1471413252
1469539154
1469486351
1468857895
1468752251
1468365871
1467703563
1467562890
1467553036
1466828796
1463400803
1463041768
1462140094
1461791594
1461668349
1460822955
1459349903
1458662948
1458494415
1458262553
1458097232
1457968908
1456560571
1455902472
1455812203
1455570656
1455389916
1455088670
1454487216
1453446848
1452603132
1451214291
1451018093
1449835957
1449629668
1449015191
1448416885
1448196811
1448029829
1447830168
1447560314
1447428558
1447053660
1446209082
1445744128
1445663284
1445036288
1444677072
1444644614
1443375950
1442317647
1442311790
1442270686
1441691983
1441055879
1440610329
1439408374
1437787792
1437498884
1437199151
1436553224
1436043322
1436012815
1435909416
1435584310
1434376649
1433958622
1433213290
1432695120
1432555529
1432523877
1432222499
1432164589
1432038090
1431703985
1431189282
1430604518
1429736632
1428956139
1427351775
1426676778
1426604114
1426363121
1426201886
1425228243
1424092750
1424026369
1423631018
1423084908
1422998978
1422760059
1422605104
1421335983
1421202469
1421058515
1420961179
1420526667
1416937268
1416894206
1416779700
1415788890
1415578172
1415259735
1414824066
1414628249
1414193193
1414087389
1413730792
1413053378
1411560911
1410511511
1410360341
1410339746
1410000087
1409997055
1409410434
1408939717
1408498460
1408163931
1407792151
1407406924
1407180061
1406053762
1405264609
1405051805
1404963910
1404785203
1404461035
1404435549
1404040420
1403663180
1403455431
1403279099
1403074455
1402793822
1402537263
1400483842
1400465162
1400161718
1399194626
1398638573
1398312497
1398094414
1397679569
1397280402
1396693222
1396265557
1396187685
1395314583
1394138262
1394113285
1393974198
1393864747
1393794385
1393598857
1393409088
1392415280
1391757784
1391667800
1391408652
1390911139
1390422353
1390282659
1389188990
1389018731
1388737867
1388727421
1387465283
1387345465
1387276839
1385740041
1383106114
1383099018
1382834369
1381940503
1380580893
1380392958
1380378526
1380371076
1379834264
1376182558
1375870614
1374486121
1374214834
1373912540
1372763101
1372324150
1372245263
1372177653
1371901155
1370269855
1370079321
1369503796
1369300901
1369297031
1369137765
1368984850
1368573016
1368416294
1368041635
1367191157
1367166248
1365981622
1365746839
1365719526
1365600382
1365099491
1365050655
1364845975
1363961023
1363760658
1363396938
1363336301
1362936783
1362925389
1362644079
1361488198
1361225273
1360839300
1359277715
1358413901
1358304555
1357365008
1354663518
1353773039
1353767721
1350833037
1350155931
1348376542
1347537476
1347165290
1346556601
1346159357
1345909540
1344933745
1344920719
1344323243
1343476682
1343005404
1342944444
1342740612
1341889387
1341834821
1341618680
1341447672
1341221846
1341149021
1339499538
1339469428
1337415082
1337340319
1335587972
1335289930
1334958981
1334613711
1333346762
1332768621
1331251468
1331037560
1330845543
1330677174
1329541994
1329295198
1328690307
1328558570
1328473400
1327394317
1326961832
1326446575
1324966307
1323761650
1322953616
1322616052
1322307361
1322089118
1320943088
1320566590
1320035683
1319393030
1319245574
1318736707
1317601882
1316971365
1316624909
1316457006
1316235934
1315962038
1315528297
1315467041
1314185816
1311869196
1311300454
1310904039
1310708969
1310682186
1309653787
1309363849
1309000622
1308417590
1308265610
1308203858
1307856507
1307342033
1307322910
1307071756
1306829335
1305769337
1303478409
1302974936
1302927433
1302063695
1301689907
1301310568
1300625683
1300284528
1300121926
1299879088
1299485368
1299124717
1297998281
1297370812
1296971285
1294482514
1293846136
1293728321
1293491973
1293219081
1292250616
1291104034
1291103497
1290983690
1289735603
1289693583
1289686731
1289635903
1287323064
1287180991
1285262837
1284957926
1284695808
1284180754
1283855947
1283447341
1283414257
1283194674
1282887737
1281334329
1281039017
1280090902
1280053781
1279040146
1278442429
1277570379
1277003965
1276892610
1276259341
1275671559
1274182347
1273593758
1273212721
1272390516
1271760163
1271236537
1270877721
1270644773
1270593289
1270014403
1269863352
1269774469
1269504409
1267857288
1267008447
1266920982
1266258726
1264524964
1263683445
1263117970
1262490491
1262223785
1262202649
1261779399
1261722504
1261595518
1261000381
1260948307
1260784281
1260574189
1260450077
1259163375
1258843086
1258735997
1258195371
1257668585
1257562587
1256929747
1256829127
1255161140
1255148701
1254664377
1254261922
1253363426
1253317315
1253020917
1252893575
1252700680
1251932376
1251880180
1251672892
1251286544
1250660626
1249988568
1249818510
1249759869
1247974289
1247674679
1247028414
1246811678
1246226948
1245879222
1245445702
1244885017
1244783695
1244524440
1243994061
1243985343
1243982433
1243431430
1243025276
1242602815
1242044449
1241912600
1241101569
1241096386
1240989780
1240413202
1240279608
1238638747
1237850544
1237844653
1237064924
1236680281
1236069249
1236063194
1235563981
1235493770
1235133336
1235091397
1234742678
1232657173
1232589110
1231318395
1231294487
1231035454
1228504452
1228395471
1228277663
1228275693
1228121892
1227257249
1227082079
1226899479
1225099063
1224891040
1224298394
1224288234
1223269309
1222745714
1222666171
1222541837
1222332560
1221528464
1221063707
1218690115
1218662417
1216948650
1216886832
1216773646
1216165591
1215257768
1214812995
1214008570
1213596595
1213238281
1213042782
1211752910
1211615672
1211429389
1209994690
1209819015
1209768422
1208999779
1208233689
1208122069
1207882484
1207812373
1207675389
1207560254
1206705035
1206169146
1205923989
1204194016
1203917629
1203738580
1203711396
1203543898
1203395769
1202979509
1202518526
1202487610
1201827868
1201123102
1200933593
1200590467
1200469661
1199804187
1198948882
1198605216
1196575523
1195734677
1195178437
1194942114
1194429721
1194362315
1193762428
1193236760
1192603456
1192471092
1192320329
1192296190
1191106044
1190677499
1190444083
1190411269
1189013125
1188995112
1188987134
1186161779
1186077954
1185508248
1185388059
1183812162
1183187901
1182592432
1182171753
1182158294
1182047495
1181997471
1180882032
1180781531
1179675863
1178767099
1178368276
1177569801
1177122702
1176847384
1176046940
1175595741
1175485884
1174513105
1174308846
1174298070
1173766351
1173510986
1173077373
1172950528
1172851824
1172141904
1171390772
1171174574
1171148762
1170915792
1170575117
1170398985
1169448600
1169145379
1168845299
1167213397
1167194426
1166984220
1166718861
1166653831
1165856176
1164451223
1164305247
1164069264
1162259334
1161497283
1161233757
1160568892
1159763360
1159569434
1159330601
1159247003
1158917826
1158750575
1158346910
1157314972
1156601412
1155876978
1155849742
1153738844
1153456520
1153256638
1152876603
1152522878
1151619630
1151332476
1150617331
1150329219
1150041503
1149940891
1149131229
1148565932
1147210309
1147131717
1147101602
1146985971
1146061065
1146002203
1145694084
1145071342
1144442681
1143949018
1143841869
1141142921
1140691724
1139851144
1138632530
1138383431
1137728881
1137085694
1136953840
1136834656
1136739931
1136681927
1136274564
1135396075
1133884765
1133638335
1132764027
1132288664
1132241715
1132041558
1131749387
1131276691
1130900994
1130530774
1130366724
1130074560
1129976110
1129596435
1128857636
1127366505
1127235532
1126474674
1125917087
1125772706
1124883272
1124620457
1123027331
1122724305
1122318536
1122026572
1120722414
1120634920
1120345771
1119453149
1119440199
1119356898
1119339279
1118962453
1118783585
1118536551
1117174783
1116500932
1115872498
1114689932
1114128909
1113910156
1113243512
1110779198
1110625229
1109949021
1109899340
1109753899
1108722842
1106454476
1105784049
1104941071
1104382650
1104188406
1102570733
1101825899
1101313612
1100280862
1097954219
1097215805
1095565528
1095330248
1094464810
1093263571
1092879949
1092877933
1091313975
1091028763
1090665557
1090402147
1089994458
1089161697
1088690630
1088364236
1087883212
1087090339
1086749441
1085943291
1085839480
1085285784
1085153286
1084729519
1084719445
1084000234
1083517191
1082793396
1082655220
1081971883
1080292295
1080119648
1079768490
1079547582
1079178492
1078223564
1076472711
1075002441
1074577678
1073198957
1072962041
1071914287
1071474525
1071339614
1071304710
1071073482
1070741705
1070309919
1069678983
1068969921
1068915681
1067251236
1067195426
1067135292
1066151946
1066055271
1065983474
1065852061
1065259172
1064896917
1063590699
1062863943
1061381344
1061021769
1060583442
1059856429
1059370553
1059251663
1059005675
1058052069
1057966992
1057435342
1056757459
1055970871
1055917632
1055475981
1054415300
1053745848
1052449020
1052133162
1051151732
1051058478
1050745022
1050558341
1050516131
1050262900
1049396170
1048565851
1047688119
1047013772
1046662057
1045291098
1044956161
1044543440
1044374105
1044340731
1043945554
1043693427
1043628190
1042855925
1042684166
1041488876
1040582771
1037923947
1037715115
1037578941
1037182607
1036604848
1036455758
1036344832
1036079228
1035439295
1035151310
1034725086
1034559370
1033536573
1031651152
1030508072
1030236920
1029903093
1029738105
1029380220
1029053105
1028987719
1028432961
1028204206
1028134671
1026769852
1026102073
1025918061
1025291800
1024871161
1024256005
1024227796
1023692800
1022288418
1021527788
1021048563
1020800369
1019992210
1019359649
1019311514
1019035086
1018912268
1018485790
1018305988
1018151173
1017401092
1017396767
1017362048
1017201687
1016614259
1016150472
1015891217
1015855978
1015783779
1015446484
1014930372
1014664563
1013707696
1013324870
1013144772
1012216807
1011447850
1011275427
1011002854
1009326901
1008911354
1008652266
1008135912
1007884648
1007837957
1007122190
1005142063
1004778662
1004653422
1004515469
1003993876
1003477735
1003299652
1003189084
1002714174
1001380203
1000760796
1000601727
1000317812
1000240109
999806765
999510299
999424323
999305415
998922117
998840514
997647909
997641500
996617298
996593201
995854392
995690018
995306308
994867568
994612565
994151630
993933660
993671869
992781152
992292088
992217499
992191404
992052868
991115391
991107257
990542148
989851289
987645157
987151905
986985764
986950446
986309165
985615217
985105403
985032395
983272480
983213003
983060151
982544646
981784610
980781222
980674803
979926564
979907172
979669613
979657635
979199608
978707198
978639316
978532760
978383523
977933707
977308340
977297579
977096028
976900990
975553715
975441598
975430315
974981358
974914848
973759328
973189467
972374349
972313533
971130334
970786231
970239735
970139168
968987007
968790814
968615824
968597057
968051867
967355003
967268190
966844583
965961664
965371245
964636813
964508701
964296154
964116048
963591066
963547639
963493734
962774630
961807092
961709756
960720173
959810183
959790570
959133335
959065435
957106837
956747504
956571672
956568345
956454774
955296870
955122284
954450657
954132189
954050892
953272288
952593694
952185732
951580801
951362494
951140231
951101505
950774354
950500130
950356346
950333611
949620834
948396258
947955501
947564225
947456133
946807369
946462033
945543676
945165549
943725031
942761385
942725049
941024330
940440134
940020252
938891555
938863050
937527808
936635674
936132977
936078623
935401464
934856859
934570328
934194855
933957943
933078424
932914414
932350188
931811417
929596379
929023537
928951705
928172036
927916588
926745904
926462720
926461839
925874498
925060609
924686829
924357300
924300220
923114684
922954611
922639089
921515278
921354095
920244446
919909504
919723942
919267630
919111659
918271691
917227619
917137104
916955628
916713659
916142257
915658623
915640017
915059699
914573026
913987829
911283803
909689126
909536468
909036002
908992548
908563633
908548965
908461077
907881003
907745397
906945434
906774712
906485012
905916872
904296775
902901350
902630115
902466901
902418609
902228309
901915756
901511492
901117059
900830188
900457636
900262655
899605695
899457789
899283840
899268294
899074758
898476493
898070341
897779585
897436484
896854351
896732357
895633337
893778749
892375150
891714345
891705599
891287353
890779877
890331059
889844606
888617156
888118230
888062640
887473222
886805942
886374966
885812720
884770476
884262857
880981442
880649345
879718480
879489354
879319919
878481738
878271582
878036466
877983082
877725064
876360822
875721923
874839472
874635901
874188565
874026316
873820866
873632692
873093934
871465392
870868056
870072306
869527126
869455191
869310486
869305861
869295290
868177535
867867331
867645108
867468808
867247770
866637914
866024958
865762587
865182378
864793177
864746927
862618206
862326492
861991523
860557299
860066100
859833611
857887164
857744752
857551235
856908259
856374223
856339795
856302661
856200795
856113396
854415488
854194740
853634954
853589978
853294395
852693791
851951889
851734744
851428202
851188575
850736232
850586715
850017872
849904025
849425942
849421374
849353018
849344790
847606523
846876514
846871147
846595000
846417603
846213242
845866599
845821649
845399751
845289160
844062225
842943789
842802966
842722042
842714947
842561265
841858311
840235522
838713872
838268050
837016864
836066010
834606476
834379925
834114634
833845091
833337103
832233292
831290437
830907972
830824065
830757406
827803313
827166263
827159570
826125259
825463901
825206268
824785885
824573047
822784207
821662820
821643854
821246462
820429356
820299616
819417669
819379917
818807083
817532612
816358834
814717762
814056788
812666302
812393561
812362001
811760903
811753295
811375447
810236681
810138507
809593050
809404860
809039045
808805273
808693564
806297042
806246677
804974742
804561634
803399507
803010681
802704066
802477958
802228093
801563488
801330961
800452935
799652231
799295124
798454360
798225970
798004059
797515616
796984946
796405972
796310194
795678283
795199383
793562938
792906902
792327960
791920090
791784243
791519861
791370165
790592204
790275868
790221784
789973784
789133051
789063902
787892892
787243468
787163193
786372048
785227335
784816362
784587772
784435143
783615364
783582698
783286277
782865793
782796880
782618167
782501611
781843733
781555191
780365875
780322398
779583443
779306954
778975553
778466460
777778981
777701695
777570466
776328367
776057575
775925202
775358308
774473205
773953288
773866214
773239370
772251878
772250967
772220495
770411695
770326990
769960280
769252660
768855390
766574592
766515823
765237841
765173900
765081950
764499854
763449966
763442207
763128961
762696610
761918836
760326464
760173834
759310187
759267430
759057950
758578502
758164037
757495154
756717966
755373863
755141783
754741584
753883697
752932251
752571361
752446575
751459453
751238948
750148546
748312690
748089427
746671908
746650660
745841889
745350988
745249682
744919367
744763674
744649684
744440769
744230925
744162261
743389267
743143531
741723411
741084134
741061705
740962913
740937321
740471203
739399533
739197388
738830991
738808095
738317225
738130905
737665430
737041745
736192646
736151828
735604768
735134921
733512292
733166839
733129041
732795607
731285506
731064568
730564544
729223863
729193401
728854754
728395251
727983114
727921250
727832469
726724978
726067718
724932707
724843036
724287892
723049008
722261368
721896514
721882672
721723835
721581518
720747269
720673159
719594475
719384064
718127399
718093966
717805123
717775384
717632692
717365968
716800431
715921509
714600646
714149214
714047452
712954367
711455514
710484682
709458355
709292659
709273647
709087794
708338704
708015123
707889203
707219190
706890791
706361519
705866443
705395700
704357043
704033273
703661203
703295550
702760807
702197365
702097060
701975986
701541952
701140754
699934474
699895605
697890532
697631255
697480260
696905050
695682532
695539642
695308220
694851877
694088831
693761436
693372160
692903683
692767010
690695574
689856422
689474281
688992631
688864930
688844875
688672261
688400189
688393375
688013830
687256546
687165380
686742062
686136427
685496289
685257703
685250286
684787725
682978921
682310451
682059273
681100552
680941708
680896906
679842630
678359293
678069005
677502448
677383428
677352920
677006785
676150235
676141153
676092607
674601279
674551183
674357854
674017080
673977151
673250600
673196498
673163080
672966543
670846097
669980288
669722085
669305831
669015128
668785396
668209576
667599692
666970589
666925185
666375516
666230466
665621692
665083652
664777726
663888794
663505709
663365680
662013801
661557427
661402865
660680509
659975997
659860504
658936681
658806241
657902817
657709126
657593677
657220499
656890203
655272346
654317420
653250065
650776378
649965623
649393890
648794052
648584604
647947085
647022527
646908005
645420400
645001678
644599068
643665928
643621448
643303601
643188038
642307213
642295385
642194530
641025556
640387978
640362962
639868751
639848510
638215301
638095877
637726854
637480553
636963709
636558529
636413644
635089697
634431441
634249865
632820969
632045779
630970648
630595395
629238305
629213218
628215115
627736404
627149275
626096784
625683569
625479833
625103361
623778147
623402841
623088853
623082932
622847940
622348925
622330053
622218571
622188342
621919951
621658233
620894276
620735161
620592705
619157424
618668513
618528567
618333558
618190251
616224746
616145429
616119891
615638939
615434488
614454739
613874969
613516075
613467915
612567304
612288233
612225652
611966428
611456893
611218787
610763712
610520046
609968263
608764063
608604078
608223193
607613200
607312517
605833607
605580933
604889931
604844184
604503025
604352387
604284446
604248906
604180104
603851821
603785032
603467568
603011857
602395397
601835957
601492699
601438918
600851724
600729540
600715258
600493574
599086094
598221995
598110783
597588649
596072310
595940149
595851145
595731125
595194216
593967801
593805254
593578171
593179783
592393856
591978982
591062371
591002593
590129938
588750655
588669637
587173291
587116631
585572569
584899817
584660691
584202695
583717441
582760960
581709399
580995325
580833255
580677659
580333912
579930746
579918859
578868383
577948650
577906510
573420371
573325180
572281709
570961619
570608734
570005666
569996092
569827880
569755108
569552666
569289957
568957586
568812724
566902248
566711096
566625154
566304885
566286576
566247965
566096287
566089556
565528411
564933373
564638233
564433084
564215984
563904694
563242504
562272241
562212285
561833346
561534578
561519235
560940535
560524648
560375282
559704398
559625970
558194629
557929325
557307072
557242134
557141516
557006805
556969245
556854185
556370660
556064164
554547211
554512214
550441399
550257098
549471426
549318483
548930234
548434389
548189870
547505315
545921514
545603451
543344125
543008525
542885682
541851809
540068435
539390920
539198452
538818028
535014126
534826376
534713072
534387726
532290485
532056588
531725184
531505521
531034693
530781587
530563066
529900916
529173933
528898406
528774958
527835110
527548886
527392438
526035874
525727779
525409015
525129434
524975687
523887395
522549304
522224562
521870628
521670994
520986902
520862247
519577870
517630349
517508323
517128932
515105259
514976640
513929377
513235645
513217190
512982200
512751234
512605285
512563883
511987174
511170445
510980718
508616973
508477057
508135116
507654100
507516370
507292719
506517563
505456593
505376309
505361642
505196292
504879585
503807968
503740276
503196584
502504846
502000260
501870838
501009360
500373914
498694797
498101845
497392939
496561662
495980650
495652555
495501311
495189694
495088529
494450048
494215040
493112896
493042425
490542108
490338144
490132352
489827646
488577173
487651288
487604571
486832409
486402185
486302571
486104107
485805305
485518828
485242057
484374446
484316433
483521550
483046676
483036326
482888401
480204275
480046738
479286794
478969641
478436837
477576523
477426312
476290410
476113001
476077511
475677770
474980011
474627215
473923041
472168062
471223313
471054072
468423527
468385759
466588245
465759829
464360267
461274410
461238295
460970885
460795662
460647369
460543764
459719470
459456424
459319138
459078393
458871971
458753389
458753106
458484200
458318515
458027086
457597691
457582908
456340193
456126369
455780491
455579100
455576564
455066404
454925897
454843980
454597704
454547517
453981779
453368075
453214426
452235204
451370455
451124114
450905056
449808102
449648207
449477057
447439179
446868198
446417357
445336059
444533930
444059242
443014794
441297657
440874732
440186562
439797840
439247916
439194443
438189589
437558143
436338363
435738651
435546499
435088944
434468006
433580818
433165340
431754804
431418957
431019054
430812317
429737505
428680469
428639547
427823855
427572333
427050441
426751108
426575062
425176994
424512254
423823819
423752918
422449349
421883392
421067857
420710179
420170336
419764448
419182228
418716041
418096228
418079311
417752939
416665736
416302837
414972675
414869091
412732514
412370586
411083398
410435650
409470260
409056224
408227862
408198877
407569297
406496834
406344067
404613818
403923860
403784333
403513445
403070061
402799202
402420656
401648373
401623844
400616773
400554608
400337619
400032517
399910028
399444968
399226412
398508720
398265735
397851602
397427131
396825462
396425400
395996722
394518453
392101502
391981332
391945769
391593777
391353088
391299459
391100398
390507770
390087939
389724877
387927950
386585885
385748192
383126166
381455107
381266176
380204498
379048002
378982937
378932717
378690462
378203239
378027617
377519750
377318629
376451338
376071130
375410147
375044242
374844001
374616224
374535695
374113605
373748919
373621709
373574313
373535775
373178021
372655790
371610443
371402365
370106521
369839080
368373760
367922328
367717510
366977688
366819208
364224732
364060186
363676702
363446371
361748770
361342666
360805864
360147143
359991293
359792003
359753666
358304717
356939745
356903591
356819400
356672398
356321019
356312952
356241240
355211576
354753818
354197441
353998250
353959344
353530967
353397815
352514499
351956702
351572669
350989239
349510857
349473063
348015545
348013745
347832100
347416628
347411208
347314166
347079461
347017728
346968354
346882026
346874376
346531645
345985900
345579161
344904604
344305652
344230554
344188493
344170738
343803973
343569576
343257133
343024388
342552027
342086827
341394451
340629759
339972838
339708075
339102623
338613056
337977694
337153290
335974583
335717859
335487342
335215941
334799707
334408986
333464345
332255653
332202266
331068490
330839830
330644412
330630179
330289790
329992763
329934731
329175896
328876235
327932445
327899392
327519469
327513369
327411870
326818542
326803922
326271626
326099510
325598689
324943124
323164038
322722517
321541547
321352852
320809686
320658135
320166817
319610499
318962942
318319621
318270783
318167951
316305728
316265352
316185540
315596138
315306626
314665629
314583599
313984641
313682436
313634212
313551334
313500307
312630435
312587281
312393844
312031038
311487411
310486983
309550369
309428909
306051550
305454019
304960217
304702454
302883683
302725573
300944519
300884980
299715056
299474443
299199432
298754709
298156484
295257178
293978480
293971591
293116493
292905066
292728758
292697753
291758323
291476241
291396230
291132735
290233996
289550324
289357599
289008486
287847409
285827141
285749624
285447349
285250776
284978110
284567665
283524187
282903190
282706227
281492629
281440618
281268166
281067587
280299783
279983027
279655630
278318416
277951871
277941012
277873429
277679077
277531234
277486900
277039214
276785919
275983374
274936704
274790594
274524820
274338320
274183972
272321109
271961708
269196761
268668483
268099358
267461975
267112912
266504755
266482947
266057488
265382441
265088359
264063004
263747453
263475806
263111923
262647978
262573132
262463001
261588671
260642829
259717518
258597581
258548594
258010174
257411113
256967198
256797597
256437534
255325095
254978708
254870213
254326778
253642896
253544164
252755831
252508425
251207638
251125994
250836218
250817617
250571779
250431740
250399395
250009838
249838587
249500801
249492254
248526217
248505345
248436203
247955427
247638414
247380479
247344746
245875705
245655775
245214278
245166756
241750474
241488408
241412254
240765108
240487949
240043718
240037370
239715040
239665971
239587964
238839908
238688576
238334879
238200347
237966040
237621495
237355121
237308503
237121570
233789144
233483869
232821832
232655624
232134424
231645724
230966556
229898596
229730332
229372112
228161964
227732017
227678935
227558280
227381327
227002594
226862674
226857308
226530474
226226087
226014242
225814300
225518794
225061526
224393757
223863354
223418541
222161518
221648469
221276859
221023582
220160421
219248350
218889239
218718788
218143567
217123979
217080887
216863462
216525254
216176213
215852319
215731265
214155101
214151341
213733866
213267593
212335089
212190770
211874752
211159151
210546918
209829754
209282454
209035303
208778303
208662563
207841717
206768876
206718731
204546715
203528042
203428633
202836219
202796840
202240150
202024457
201593152
201256327
199934113
198718043
198243822
197304398
196751483
196705157
196268615
193846409
192820465
192815436
191075916
189732637
189227680
189087725
188880872
188489419
188304270
187660439
187589836
187071213
186228109
185318590
185203655
184824838
184350874
183928838
183748538
183446384
183051873
182449428
182268841
181828951
180946901
180798900
180718006
178549734
178183585
177910333
177710365
177643555
177421199
175793849
175609627
174342812
174279578
174023904
173380888
173310543
173097554
172278491
172254287
171712741
170713371
170653745
170514732
170204945
169621747
169527150
169136190
167269909
166598072
166100592
165367885
164822061
164180773
163394715
162802239
162733554
162334639
162033278
161694026
161065393
160303888
159235276
158554984
158506814
158315613
158266133
157461072
156664142
155483062
154120776
153798258
153297084
153295068
153263517
151264826
151251653
150824859
150803104
149703754
147582776
146921934
146732273
146550505
145921365
145052376
144898800
143774498
143740757
142899086
142437178
141455728
140258555
140038653
139274895
137715854
137390957
136625379
136102548
135254460
134978725
134956788
134669033
134193803
133451151
133133982
131373300
131353811
129767431
129565957
129423219
129117538
129012727
128970202
128578877
126932248
126290360
126219901
126153075
126095161
124494405
124492737
123783252
123553045
122675842
122416054
120548794
119652426
118028916
117776256
116475453
116121029
115785287
113746516
113713125
112206944
111875326
111721280
111539722
111361295
109942891
109861313
109357216
109215834
108013968
107693718
107147213
107025203
106383264
106187356
106029391
105415567
105244029
104569609
103628490
102559504
101768510
101555342
99786523
99476145
99344749
99153796
97958431
97570857
96046909
96042592
95386802
94301577
93647286
92843692
92655347
92173894
92084138
91635198
91118258
90967278
90807118
90562175
89620506
89353615
88379759
87659445
86574757
86464368
86217100
85430891
85261768
84715937
84414934
84397465
84292227
83283317
82370651
81888921
81104539
80969186
80756429
80721973
78997814
78544993
78157519
77673015
77608300
76769484
75813295
75490996
75462721
74469440
74439564
74173734
73911131
73547315
72889329
72216503
71651298
70501235
70302836
70287295
69146465
68809702
68492208
68374976
68366219
68355726
67778247
67468324
67266815
67034883
66524087
66337296
66097613
65926770
65807679
65223012
64669120
64390701
64061783
63762954
63326867
62130073
60511006
60460699
59908115
59869146
59515011
59374292
59222889
58972698
58935000
58659719
57935402
57290685
56882530
56011379
55867079
54184041
54056117
53897780
53824330
52542506
52276126
51418176
51126446
50737890
48908592
48775895
48697269
48478918
48310668
47942868
47735921
47213171
46731186
46577571
46294792
46032515
45403449
45070661
44993215
43898383
43873572
43676094
42697620
40928431
40571216
39914995
39664357
39608099
36789272
36422944
35517457
34106252
33425132
33180748
32376479
31801033
31551353
31213447
30988594
29165860
28608142
28118870
27740049
27450764
26870950
24634578
23087110
20572462
20366691
18741831
17985919
17456489
16628191
16523783
16325596
14531847
14376441
13840073
13544655
13451789
13352785
10548749
10290789
9749829
8613405
7883495
7552457
7551660
6789112
6687319
6317669
5887319
5496383
4482157
4408198
3906072
3652981
2350823
1721558
1186810
537063
