537063
1186810
1721558
2350823
3652981
3906072
5496383
5887319
6317669
6789112
7552457
10548749
13451789
13840073
14376441
14531847
16325596
16523783
16628191
17456489
17985919
18741831
20366691
20572462
23087110
24634578
27450764
28118870
28608142
30988594
31213447
31801033
35517457
36422944
36789272
39608099
40571216
42697620
43898383
44993215
46294792
46731186
48697269
48775895
50737890
51418176
53897780
54184041
55867079
56011379
57935402
58659719
58935000
58972698
59222889
59515011
63326867
65926770
66097613
66337296
66524087
67034883
67468324
67778247
68366219
68374976
69146465
70287295
70501235
73547315
73911131
74173734
74439564
74469440
76769484
78157519
80756429
81104539
81888921
82370651
83283317
84292227
84414934
86217100
86464368
87659445
89353615
90562175
90807118
92084138
92173894
93647286
96042592
96046909
101768510
103628490
106029391
106383264
107147213
107693718
109215834
109357216
109861313
109942891
111361295
111721280
112206944
113746516
117776256
119652426
122675842
123553045
126095161
126153075
126219901
131373300
133451151
134193803
134956788
137390957
137715854
139274895
140038653
140258555
141455728
142437178
142899086
143740757
144898800
145921365
146550505
146732273
150803104
150824859
151251653
151264826
153295068
153297084
155483062
157461072
158315613
158554984
160303888
162334639
162733554
166100592
166598072
169136190
169527150
170204945
170653745
173097554
173310543
174342812
175793849
177643555
177710365
180718006
181828951
182268841
184824838
186228109
187071213
188304270
189227680
192815436
192820465
196751483
201593152
202240150
202796840
206768876
208778303
209035303
209829754
210546918
211159151
212190770
213267593
213733866
214151341
214155101
215731265
215852319
217080887
217123979
218718788
221023582
221276859
221648469
222161518
223863354
224393757
226530474
226857308
227678935
227732017
229730332
233483869
233789144
237355121
238688576
239665971
240037370
240043718
241412254
241488408
245655775
248436203
248505345
249838587
250399395
250431740
250817617
251125994
252508425
253642896
254870213
256967198
258010174
258548594
259717518
261588671
262573132
262647978
263111923
263475806
265088359
265382441
266482947
268668483
269196761
271961708
274183972
274524820
277679077
277941012
277951871
279655630
281268166
281440618
281492629
282903190
283524187
284567665
285447349
285749624
289357599
289550324
290233996
291396230
291476241
291758323
292728758
292905066
293978480
298156484
299199432
299715056
304960217
305454019
306051550
310486983
311487411
312393844
312587281
312630435
313551334
313682436
314583599
314665629
315306626
316265352
318167951
318319621
318962942
320166817
320809686
321352852
323164038
324943124
326271626
326818542
327411870
327513369
329934731
330630179
330839830
331068490
332255653
334408986
335215941
337153290
339102623
339708075
339972838
340629759
343024388
343257133
343803973
344170738
344188493
345579161
345985900
346874376
346882026
346968354
347314166
347416628
347832100
348013745
349473063
350989239
351956702
352514499
353397815
353530967
353959344
354753818
355211576
356312952
358304717
359792003
359991293
360805864
363446371
364060186
366977688
367922328
371402365
372655790
373535775
373621709
373748919
374535695
375044242
376071130
377318629
378690462
381455107
385748192
386585885
387927950
390087939
390507770
391299459
391593777
394518453
395996722
396825462
398265735
399226412
399444968
399910028
400337619
400616773
401648373
402799202
403070061
403784333
403923860
404613818
406344067
408198877
410435650
412370586
412732514
414869091
414972675
416302837
416665736
417752939
418096228
418716041
419182228
420170336
421067857
421883392
424512254
425176994
426575062
426751108
427050441
427823855
428680469
431754804
433165340
433580818
434468006
435088944
436338363
437558143
439194443
441297657
444059242
444533930
446868198
447439179
449477057
451124114
451370455
452235204
453214426
453368075
454547517
454597704
454843980
455066404
455579100
456126369
457582908
457597691
458027086
458753389
458871971
459319138
460543764
460795662
466588245
468385759
471054072
471223313
472168062
474627215
474980011
475677770
476290410
477576523
478436837
478969641
480204275
482888401
483036326
483046676
484316433
485518828
486832409
487604571
488577173
490132352
490542108
493042425
495088529
495189694
495501311
495980650
498101845
500373914
502504846
503807968
504879585
505376309
506517563
507292719
507654100
508616973
510980718
511170445
511987174
512563883
513217190
513235645
513929377
517630349
520862247
521670994
521870628
522224562
525409015
525727779
527392438
527835110
528898406
529173933
529900916
530563066
530781587
532056588
534387726
534713072
534826376
538818028
539198452
539390920
541851809
545921514
548189870
548930234
549471426
550257098
550441399
554512214
554547211
556064164
556854185
557141516
557307072
557929325
560375282
562212285
563242504
563904694
564215984
564433084
564933373
565528411
566096287
566286576
566304885
566625154
566902248
568812724
568957586
569289957
569552666
569755108
569827880
570005666
570961619
577906510
577948650
578868383
580333912
581709399
582760960
583717441
584899817
587116631
588669637
588750655
590129938
591062371
591978982
592393856
593179783
596072310
597588649
598221995
600715258
601438918
601835957
603785032
603851821
604180104
604284446
604503025
605833607
607312517
607613200
608223193
608604078
609968263
611218787
611966428
613516075
614454739
615434488
618190251
618333558
618528567
619157424
620592705
620735161
621658233
622188342
622218571
622330053
623082932
623088853
623778147
625103361
625683569
626096784
629213218
630595395
630970648
632045779
635089697
636413644
636558529
636963709
637480553
638215301
639868751
640362962
641025556
642307213
643188038
643665928
644599068
645001678
647947085
648584604
649393890
649965623
650776378
653250065
654317420
656890203
657220499
657709126
657902817
658806241
659975997
661402865
662013801
663505709
665083652
666230466
669015128
669305831
670846097
672966543
673163080
673196498
673250600
674017080
674551183
676092607
676141153
677006785
677352920
677383428
678069005
679842630
680896906
681100552
682059273
685250286
685257703
686136427
686742062
687256546
688013830
688400189
688864930
689856422
692767010
692903683
693372160
693761436
694851877
695308220
695539642
695682532
697480260
697890532
699895605
699934474
701541952
701975986
702097060
702197365
702760807
704357043
705866443
706890791
708338704
709087794
709273647
711455514
717365968
717775384
719594475
720673159
720747269
721581518
721723835
721882672
721896514
722261368
724287892
724843036
726067718
726724978
727921250
729223863
731064568
733129041
735134921
735604768
736151828
737041745
738130905
738317225
738808095
738830991
739197388
740962913
741061705
743143531
744649684
744763674
745841889
746650660
748089427
751459453
752446575
752571361
752932251
753883697
757495154
758578502
759057950
759267430
760173834
761918836
763128961
763442207
763449966
765173900
765237841
766515823
766574592
769252660
770326990
770411695
772250967
772251878
773239370
773866214
774473205
775925202
777570466
778466460
782501611
782796880
783615364
784587772
784816362
785227335
786372048
789063902
789973784
791784243
795199383
795678283
796310194
796984946
797515616
799652231
801330961
802477958
802704066
803010681
803399507
804974742
806297042
809039045
809404860
809593050
810138507
810236681
811375447
811753295
811760903
816358834
819379917
819417669
820299616
821246462
824573047
824785885
830824065
834606476
836066010
837016864
838268050
838713872
841858311
842561265
842714947
842943789
845289160
845821649
846213242
846417603
846871147
846876514
847606523
849353018
849421374
849425942
850736232
851428202
851734744
853294395
853589978
854415488
856200795
856339795
856908259
857551235
857744752
861991523
862326492
865182378
865762587
866024958
867247770
867468808
867867331
868177535
869295290
869305861
869455191
869527126
870072306
874635901
874839472
875721923
876360822
877725064
878481738
879319919
879489354
879718480
880649345
886374966
886805942
887473222
888062640
888617156
889844606
890331059
890779877
891705599
895633337
896854351
897436484
897779585
898070341
899268294
899605695
900457636
901915756
902228309
902418609
902901350
907745397
907881003
908461077
908548965
908992548
909689126
913987829
914573026
915640017
915658623
916142257
916955628
919111659
919267630
919909504
920244446
921354095
921515278
922639089
922954611
924686829
925060609
927916588
928172036
933078424
934194855
934570328
935401464
936078623
936132977
936635674
938863050
945165549
947456133
948396258
949620834
950333611
950500130
951101505
951580801
952185732
955122284
955296870
956454774
959065435
959133335
959790570
959810183
960720173
963493734
964636813
965371245
966844583
967355003
968615824
968790814
968987007
970786231
974981358
975430315
977933707
978707198
979657635
980781222
981784610
982544646
983213003
983272480
985032395
986985764
989851289
990542148
992191404
992217499
992292088
992781152
993671869
993933660
994151630
995306308
995854392
997641500
997647909
999305415
999424323
999510299
1000601727
1000760796
1001380203
1003477735
1004515469
1004778662
1007122190
1007837957
1007884648
1009326901
1011002854
1011275427
1011447850
1013324870
1013707696
1014930372
1015891217
1016150472
1016614259
1017201687
1018151173
1018305988
1019035086
1021048563
1021527788
1022288418
1023692800
1024227796
1024871161
1025918061
1028134671
1028204206
1029053105
1029738105
1029903093
1033536573
1034725086
1035439295
1036344832
1036455758
1036604848
1037578941
1037715115
1040582771
1042855925
1044956161
1046662057
1047013772
1047688119
1050262900
1051058478
1052133162
1052449020
1055475981
1058052069
1059005675
1059251663
1064896917
1065259172
1066151946
1067135292
1067251236
1068969921
1070741705
1071073482
1071304710
1071339614
1071914287
1073198957
1074577678
1079178492
1080292295
1081971883
1082793396
1084000234
1084719445
1085153286
1085839480
1088364236
1088690630
1090402147
1090665557
1091313975
1092877933
1092879949
1095330248
1095565528
1101313612
1101825899
1102570733
1104188406
1105784049
1109753899
1110779198
1113243512
1114128909
1119339279
1119440199
1119453149
1122026572
1122318536
1125772706
1125917087
1126474674
1127235532
1129596435
1130074560
1130366724
1131276691
1131749387
1132041558
1132241715
1132288664
1132764027
1133638335
1135396075
1136274564
1136681927
1137085694
1137728881
1139851144
1141142921
1143841869
1143949018
1144442681
1145694084
1146985971
1147131717
1148565932
1149940891
1150041503
1150329219
1150617331
1151332476
1152522878
1153256638
1155849742
1155876978
1156601412
1158346910
1158750575
1159330601
1159569434
1159763360
1160568892
1161497283
1162259334
1164069264
1164305247
1165856176
1166984220
1167213397
1168845299
1171148762
1171390772
1172851824
1173077373
1173510986
1174298070
1175485884
1175595741
1177569801
1178368276
1178767099
1180781531
1182158294
1182171753
1182592432
1183187901
1183812162
1185388059
1185508248
1190411269
1190677499
1192320329
1193236760
1193762428
1194362315
1194942114
1195178437
1195734677
1198605216
1198948882
1199804187
1200469661
1202487610
1203738580
1206169146
1206705035
1207560254
1207812373
1209768422
1209819015
1211615672
1213042782
1213596595
1216773646
1221528464
1222332560
1224298394
1225099063
1226899479
1227082079
1228275693
1228277663
1228504452
1231035454
1231294487
1232589110
1234742678
1235091397
1235133336
1236069249
1237850544
1238638747
1240989780
1241096386
1241101569
1241912600
1242044449
1242602815
1243025276
1244524440
1244783695
1245445702
1245879222
1246226948
1246811678
1249759869
1250660626
1251286544
1251932376
1252700680
1253020917
1253363426
1255148701
1255161140
1259163375
1260948307
1261722504
1261779399
1262223785
1269863352
1270014403
1270877721
1274182347
1280090902
1283414257
1283855947
1284180754
1284695808
1285262837
1289686731
1289693583
1289735603
1291103497
1292250616
1293491973
1293728321
1294482514
1299124717
1299485368
1300625683
1301310568
1301689907
1303478409
1305769337
1308203858
1308265610
1308417590
1309653787
1310682186
1315528297
1316235934
1316457006
1316624909
1317601882
1319245574
1319393030
1323761650
1326446575
1326961832
1327394317
1328473400
1328558570
1328690307
1329541994
1330677174
1330845543
1333346762
1334613711
1334958981
1335289930
1335587972
1337415082
1341149021
1341221846
1342740612
1343005404
1343476682
1344323243
1344920719
1344933745
1346556601
1347165290
1347537476
1348376542
1350155931
1353767721
1354663518
1358304555
1359277715
1360839300
1361225273
1361488198
1362644079
1362936783
1363336301
1363961023
1364845975
1365050655
1365600382
1365719526
1365981622
1368041635
1368416294
1368573016
1369137765
1369300901
1370079321
1370269855
1372324150
1373912540
1374214834
1374486121
1375870614
1376182558
1379834264
1380371076
1380378526
1381940503
1382834369
1383099018
1387276839
1387345465
1387465283
1388727421
1390911139
1391667800
1393409088
1394113285
1394138262
1395314583
1396187685
1397280402
1397679569
1398312497
1398638573
1399194626
1400161718
1400465162
1402793822
1403279099
1403455431
1404040420
1404435549
1404461035
1404785203
1405264609
1406053762
1407180061
1407792151
1408163931
1408498460
1408939717
1409410434
1409997055
1410339746
1410360341
1410511511
1411560911
1413730792
1414087389
1414193193
1414824066
1415259735
1420526667
1422605104
1422760059
1422998978
1423084908
1423631018
1424026369
1425228243
1427351775
1430604518
1431189282
1432038090
1432164589
1432222499
1432555529
1432695120
1433958622
1436043322
1436553224
1437498884
1441691983
1445036288
1445744128
1447053660
1447428558
1448029829
1449629668
1452603132
1455088670
1455389916
1455812203
1456560571
1458494415
1458662948
1459349903
1462140094
1463041768
1463400803
1468857895
1469539154
1471493201
1473909383
1477768491
1478354437
1481115243
1481408772
1481590691
1482053475
1483140267
1483369475
1483621348
1483747384
1483977119
1484095552
1486378260
1487668353
1487839180
1489228313
1489502939
1490699427
1491095460
1491218271
1492971034
1493421941
1496010851
1497727878
1498612587
1498838169
1499613405
1500582331
1500957566
1501578940
1501580451
1501652368
1502436680
1503699501
1503752661
1504597804
1505919462
1506132893
1507960478
1508412832
1509692164
1510728786
1511932256
1513231538
1514369387
1514690067
1516911300
1517735460
1517879791
1518943145
1519727461
1519965728
1520262726
1521071608
1521894824
1522584316
1523065745
1525693333
1527469262
1527588476
1528712175
1529719426
1530741187
1532940888
1533275447
1533957620
1536902127
1537150171
1539391414
1539426427
1539744112
1540335168
1541206226
1541244890
1542589134
1542791109
1542993146
1543140950
1543385033
1544169955
1544850720
1545244062
1545273671
1545294783
1546930948
1547091992
1547981485
1550159327
1550668146
1553740586
1554042746
1554468832
1554546986
1555503752
1557627785
1558860223
1560282319
1561554892
1563051817
1564128002
1567534465
1567745818
1567951001
1569866218
1569934520
1570678890
1570890630
1573194418
1573670011
1574675681
1575654551
1577176155
1578889540
1582934222
1583685903
1584482745
1586935283
1588258972
1589460735
1589614277
1590510321
1592582948
1592852996
1593311813
1594477883
1594552979
1595733633
1596074898
1596124604
1596677203
1597752935
1598385723
1599285621
1599337637
1600670226
1601785684
1602184665
1604354566
1605792675
1606382786
1606459567
1606588262
1608448730
1609424222
1609833951
1611038073
1611119849
1611547771
1611568616
1612264180
1613471947
1614439731
1615597798
1616323173
1618697119
1619199771
1620265297
1621994531
1623555218
1624720660
1625224620
1626731144
1627347082
1632380877
1633968883
1634890351
1635137982
1636691677
1637879305
1638152703
1638544314
1640669962
1643394967
1644243577
1644975833
1645387946
1647580670
1650566434
1653366430
1653752952
1654555461
1656657232
1656977255
1658071231
1658374854
1659585781
1660751967
1660848103
1661100671
1661544320
1662030638
1663786661
1665950294
1666135420
1668339922
1669977905
1671389563
1671484512
1671551232
1671719550
1673581888
1674781227
1674801345
1674928508
1675856576
1678223788
1679552241
1680151737
1681466488
1682007836
1682258700
1684130640
1684535018
1684755343
1684837577
1685830750
1686533281
1686576947
1686991100
1687310511
1687747306
1690121978
1692770594
1692875485
1693829155
1693988945
1695764449
1695806303
1696240561
1697063046
1698845200
1699837820
1700405402
1700822515
1701113830
1701622887
1702420090
1704199041
1704797501
1705545722
1706206895
1708497470
1708800343
1709677540
1710446907
1712414396
1713972997
1715001659
1715564722
1715646555
1715741229
1716246454
1718073119
1719082144
1719149064
1719345643
1720316058
1720452363
1720574400
1721913138
1722088147
1723447022
1724019148
1724026184
1724104548
1724443518
1725856266
1733058669
1733551485
1734916919
1736240428
1737345747
1738854018
1740438487
1740481779
1741642324
1742663638
1743331885
1745271918
1745572698
1745989761
1747179584
1748780362
1750081492
1750208121
1750515017
1753283656
1754001709
1754105419
1754219908
1755674047
1756507867
1758681603
1760370195
1760632953
1760900119
1761275417
1762185665
1765003367
1766222130
1767884375
1767945195
1769069239
1769197630
1769423927
1770251599
1774846097
1775597424
1775676746
1775716533
1776055614
1776106537
1776699886
1777324536
1777424014
1780208267
1782031438
1784793731
1785863854
1788764606
1789920914
1791983140
1792724882
1793566063
1795648944
1796434825
1796698894
1800559997
1801351547
1801386963
1802928367
1806140525
1806261603
1808182104
1809817958
1811173058
1811436216
1814355780
1815089217
1818243821
1818530727
1821751997
1822051816
1823304817
1824249347
1827866567
1829165589
1830008565
1830378808
1830575329
1830582953
1830603809
1831821600
1832222130
1832708966
1833127185
1833568264
1834313517
1835063573
1835122253
1837268622
1837648205
1837990633
1838897930
1840441057
1841073569
1841548328
1841936856
1842606923
1843480962
1844646301
1845295568
1845851705
1847856196
1851004004
1851301843
1851862733
1852069674
1852132787
1853425675
1853454668
1854260979
1856495968
1857797092
1858474062
1858858146
1859373451
1861218170
1863210119
1863308307
1864881039
1865646617
1865771656
1865843405
1866089088
1866548250
1866578438
1868855378
1869009719
1869432329
1870161093
1870384329
1870421903
1870829357
1871872391
1872904977
1872963487
1873992962
1874197772
1875466507
1877579668
1878040753
1879489709
1879958543
1882608481
1883227904
1884920199
1886892276
1887347314
1888883780
1889454929
1890683396
1892159834
1894540443
1895373951
1895473337
1897057915
1897867118
1900857357
1903116138
1906835700
1907227714
1908385087
1909491653
1909959437
1911759305
1912215932
1912869948
1913066873
1913534839
1913779582
1914004967
1914855294
1915021288
1917171152
1917802586
1918563704
1918923841
1920067103
1920367511
1922348888
1923188323
1924195159
1927448868
1928510628
1929347576
1930011693
1930225598
1930764903
1931033088
1931207097
1932272571
1933435420
1934833215
1935041130
1935176512
1936167655
1936399115
1936538751
1942832153
1943185136
1946412181
1946744625
1946809759
1946949816
1947404050
1948859590
1950203343
1951610163
1951774500
1952731676
1953219370
1955766046
1956208991
1956786513
1962067300
1963058952
1964625736
1964650536
1967034635
1969897827
1970921603
1971477040
1971723352
1972740235
1973530332
1974900240
1975627173
1975687576
1976669234
1978009423
1978757655
1978935285
1981219410
1982198563
1982849023
1983838178
1985121698
1986406751
1986745198
1988978041
1990779898
1993495268
1994309119
1994745674
1996580660
1997637350
1997974466
1998430094
1999865735
2000666492
2001457632
2002036932
2003316742
2005286406
2006101652
2006105356
2006167487
2007468699
2007959985
2008166046
2008791430
2008810849
2010136306
2012038123
2012196349
2012640033
2012877497
2014685596
2015824549
2017290983
2018193940
2018554566
2019656292
2020931330
2021087550
2022061940
2023166628
2026063436
2026213801
2026881461
2031159149
2031422191
2032212464
2032231804
2033297426
2034269426
2035614650
2036121128
2036299661
2040413729
2040696179
2041531490
2042134400
2042858509
2044160975
2045221997
2045980103
2046699598
2048154990
2050897806
2052654488
2053383997
2054411509
2056707406
2057061202
2058108927
2058714335
2058763549
2059509919
2060005247
2062681034
2063583633
2063730250
2065409986
2066626183
2067872560
2068482665
2069560413
2069626942
2069853679
2070730573
2071951260
2072704063
2073755633
2075311945
2076540206
2077508513
2079767751
2080117963
2080733511
2084996112
2085950742
2086826929
2087523285
2087658696
2088468219
2089840607
2090071092
2090821952
2091350698
2091516360
2091734220
2092021982
2092200755
2092851484
2092875059
2093095071
2093281879
2096995739
2097392266
2098259081
2099942852
2100720410
2102894443
2102954471
2105177923
2106674624
2107956720
2108022274
2108491491
2109121586
2110016288
2113256669
2113795694
2114258052
2114806378
2115155306
2116258127
2116417192
2117854305
2118853332
2119611212
2119689319
2119729190
2121309281
2122903792
2123640220
2124184851
2126739065
2127097541
2127267448
2128202097
2131312578
2132594219
2132642518
2134842576
2135093143
2135585377
2136332139
2137246011
2137284736
2138762745
2139136796
2139378670
2139516389
2140831319
2143281294
2144168818
2144366767
2145674276
2147152727
2147271343
2147469232
2147699863
2148960830
2152098019
2152278327
2153030243
2153754904
2154770701
2156262828
2156446358
2156620420
2157086418
2157122223
2157670884
2158419026
2159421761
2160860301
2162356318
2162417100
2162638559
2163463121
2165375011
2165457438
2165502548
2166327050
2166421929
2167879700
2168494031
2171202690
2171576907
2172012516
2172769412
2174336475
2174993717
2177221073
2179825327
2179892437
2186322903
2188169778
2188589095
2193191814
2193806153
2194064048
2195186131
2200909910
2203921773
2209058456
2210473533
2210778614
2211229644
2214694324
2218097179
2219691431
2219908007
2220996949
2221593613
2222385312
2222521234
2223552648
2224037908
2224324910
2225238693
2225967347
2228736053
2229458921
2229801039
2230880722
2236338410
2236370254
2237024435
2239498465
2242834786
2244420361
2245017091
2245550756
2246156080
2246611304
2246962277
2247125884
2249736022
2249906926
2253283877
2253441473
2255939761
2256912887
2257432413
2260347122
2262361773
2262896258
2264527166
2266745983
2267438458
2268962618
2269858442
2272183752
2273403961
2274195435
2275166119
2276453069
2278662842
2279702003
2280165863
2280264316
2283561074
2283607671
2284497323
2286616396
2287254358
2287446394
2287548760
2288300477
2290208711
2290347776
2293936219
2294539310
2298263348
2299977359
2300612134
2302511561
2307254888
2307434514
2309458191
2311053150
2311788851
2311946992
2313285898
2314098798
2314898380
2315297845
2315373020
2317174978
2321343969
2321818957
2325117927
2325349435
2326224523
2326945433
2326970762
2327178007
2327272567
2327394135
2327675700
2327755165
2328445222
2329692136
2330243345
2330779057
2330908796
2330966591
2331730011
2332027030
2333026543
2333990968
2334401722
2334685872
2337686778
2339453680
2344220545
2345235163
2345755086
2345850644
2346586329
2346709056
2347077947
2347515293
2347833079
2350510211
2352569610
2355317550
2356218868
2356650108
2356971762
2357618170
2358176418
2359151063
2359596728
2359707157
2359730225
2359731042
2361567843
2363337423
2364096670
2367947110
2369415914
2371260724
2372064958
2372617474
2373339827
2373898939
2375228378
2375742439
2375797235
2376731542
2377054968
2377763480
2377812420
2378161570
2379314993
2380859718
2383371350
2383533342
2383600451
2384474181
2389211718
2391978150
2392198558
2392644388
2393948741
2395430805
2395439832
2397076359
2397487483
2398313834
2399464371
2399983324
2404782950
2404867838
2405576844
2411343605
2412157841
2412504582
2412577187
2413587429
2413589901
2413925899
2414161448
2414508005
2417272275
2418713507
2421115446
2421161838
2422342039
2423349660
2423843186
2424149868
2424356244
2427610316
2427888859
2429660164
2429886877
2430408362
2431462730
2431942634
2433173813
2437014124
2438201908
2440299910
2442738260
2443742403
2443818596
2444629894
2445316265
2446146352
2446357455
2447684502
2448174751
2449080534
2452755103
2453272788
2455700548
2455996018
2456196959
2458095999
2462358734
2463862603
2464828146
2465404609
2465608182
2466115441
2467667852
2468049800
2470948169
2472411974
2473788370
2476646820
2476942647
2477461282
2478044676
2479365079
2479394786
2480565033
2481176075
2481634617
2482270996
2482501216
2482658800
2485639733
2486370385
2486762397
2487861619
2489065266
2489434664
2492050780
2492600438
2492830859
2492989972
2493533779
2494083264
2494087438
2495111998
2495429810
2496328121
2498649909
2500230369
2500789520
2502311390
2503331896
2504395197
2504480139
2504865091
2505097939
2505271355
2507626905
2508094800
2508772581
2509404349
2509572367
2510067024
2510242330
2515209825
2515490014
2517827405
2518830242
2520366558
2520399271
2521547480
2523456686
2523883836
2525357859
2526187860
2526193914
2526292795
2526670377
2530072885
2532263013
2533230906
2535325054
2537194051
2540120393
2540573428
2542026135
2542103374
2544288778
2544678816
2546690617
2547059356
2547507509
2548228583
2550324920
2553609415
2554993857
2555857733
2556185683
2557042692
2557124063
2557263392
2557863510
2558456168
2559025200
2559467470
2560576999
2562393231
2563947031
2564534614
2565955399
2566167960
2567244505
2567508206
2567827511
2568123146
2568514417
2572570139
2573436038
2575285106
2575820615
2576317085
2576492574
2576775977
2577282087
2578220535
2582096418
2582498274
2583311641
2588401441
2588482907
2590295882
2590895579
2591460570
2591974475
2593585600
2595271907
2595742373
2597243796
2597538424
2598182077
2598286902
2599679065
2600560431
2601309301
2602587002
2603538295
2604121790
2605325178
2606605589
2606958865
2607392354
2611877162
2615574192
2616828115
2618961284
2619032753
2619712735
2622070367
2623531961
2624745258
2626587046
2626736012
2627481866
2634973211
2636536660
2636770959
2637429337
2638768653
2638778236
2640947600
2640980760
2641522084
2643320478
2646027109
2646182428
2647247552
2648655318
2648655642
2649297516
2649912501
2654575959
2657978907
2658505484
2658821274
2659201030
2659555636
2659606407
2661426131
2663736446
2665383392
2665448282
2665711449
2666474507
2666581277
2666746644
2671346582
2671631341
2674134295
2674434611
2675659043
2678214814
2678710476
2681068024
2682848979
2683342641
2684251184
2684953199
2685770732
2687179271
2687387036
2687724523
2687998956
2690267801
2691472148
2692714197
2694349999
2694741676
2697080712
2697743750
2697973438
2698128231
2699869890
2700941944
2701401673
2701478029
2703843195
2707655589
2707667814
2707992019
2708035260
2709078181
2709341870
2712906318
2713102148
2714451957
2715181103
2715769579
2717444434
2718132887
2720404177
2721137318
2721885254
2723708822
2723894990
2724397895
2725348753
2725915262
2727601218
2729614861
2730132173
2733107570
2733432814
2733870256
2734538709
2734587236
2736963017
2738145630
2740131255
2741476838
2742460940
2742492059
2742879151
2744225894
2745129228
2745994709
2748072967
2749295396
2751074585
2753799079
2754238384
2755935721
2756543798
2757263009
2757353243
2757505331
2758384316
2759021010
2760023661
2760243447
2760962760
2761272642
2761522318
2762356687
2762443638
2764553012
2768089397
2768105088
2769595821
2770845569
2773435316
2774004355
2775420595
2776249611
2776739622
2776758113
2777586069
2780371708
2780829073
2781091579
2781912019
2781947840
2782342742
2782478800
2782514597
2782732484
2783869704
2784674005
2784722883
2784861855
2789415094
2789486857
2789637667
2791083519
2791494234
2793294879
2793722375
2794173232
2795078059
2796203388
2798862105
2798964048
2799524978
2800028706
2801636973
2804028334
2804373650
2804626771
2806247294
2806363833
2807969108
2808499213
2810863825
2812247916
2812792360
2812866627
2813928276
2817770606
2818167989
2820616796
2820686941
2821708147
2822233346
2823324780
2823384343
2823472980
2823514732
2825253566
2825598727
2825699090
2826279212
2826443637
2827920071
2832999502
2834406439
2835244387
2836496483
2836890780
2838237091
2841482902
2842125195
2846251277
2847196245
2848128077
2848136823
2848299189
2851223179
2853292482
2853572516
2854519494
2856394662
2859738410
2860418810
2860929714
2862768651
2863871656
2864447763
2865279221
2865318552
2865467792
2867130399
2867403891
2868012721
2869161746
2872545321
2873226281
2874145245
2874870399
2875510125
2875627523
2875670660
2875818493
2877585981
2878907395
2879680256
2879833734
2879895436
2880026345
2881156285
2881773022
2882267649
2882352143
2883233895
2883469255
2884289274
2884962170
2885106405
2885456292
2886742924
2887326814
2888478232
2888854196
2889011769
2889933836
2890936967
2891050194
2892779102
2892820232
2893038034
2893759577
2894773386
2895108732
2896234006
2896423066
2896599727
2896669437
2898002691
2898012557
2903394704
2904235532
2905472359
2905955773
2905982185
2906156386
2907505060
2907739184
2909515786
2910641078
2910776164
2911142959
2912131982
2914394898
2914605777
2914816722
2916837140
2918321989
2919310250
2920046127
2920320208
2921419798
2922074980
2922253998
2923919832
2924548535
2925402165
2927882003
2929556914
2929706017
2930253582
2930273394
2931059529
2931667437
2932756962
2932775252
2933383774
2935269419
2935418342
2935995318
2936773394
2936809522
2936841891
2940753146
2941029983
2941499169
2941661070
2941937259
2942744380
2944421775
2945859246
2946166658
2947547524
2950175104
2952349667
2953585515
2953743007
2954327728
2956468740
2959168453
2959763472
2961114522
2963685772
2964516873
2965093347
2965128127
2965744766
2966779881
2967653012
2967772254
2967835667
2969233749
2969900409
2972490749
2973320955
2974088529
2975390291
2976483961
2976522808
2977003634
2978110231
2979499835
2979792403
2979943927
2981027116
2981471558
2982528234
2987208189
2988482086
2989100031
2990243758
2991648598
2993696574
2996652222
2996703926
2997064407
2997298864
2997549752
2998180355
2999166630
3000615866
3001054541
3001522162
3003787487
3004806761
3005020993
3006031943
3006920908
3011711773
3011736626
3011957469
3014669777
3014863805
3016628994
3016654673
3017712690
3018537818
3019715898
3021072505
3023253141
3023563177
3023588698
3025885801
3027571850
3027869293
3030164822
3031860119
3032436008
3032937589
3034333678
3034693936
3035352520
3035920565
3036795645
3043366213
3045211096
3049351310
3050426994
3050430758
3052933473
3054606671
3054797562
3055350166
3056454936
3056481829
3057319737
3057623237
3058806744
3061327094
3061406512
3061465437
3063219786
3064728315
3065507711
3065628869
3065695285
3066143015
3067068491
3067899634
3068050292
3069218116
3069780078
3071534886
3072337155
3072497262
3073987452
3074857273
3074960377
3075713340
3076521540
3078256955
3079655010
3080672730
3080752878
3081583103
3086066146
3086751421
3087768354
3088754226
3089386321
3090434015
3093080862
3093262263
3093966619
3095860761
3096534460
3099853993
3100049625
3100275533
3100738317
3101518034
3101723145
3102349718
3102377286
3103348687
3103513546
3105834680
3106874327
3107292087
3108507086
3110839343
3112290349
3113070511
3113529199
3118621848
3119098761
3121278078
3122136697
3122702695
3123695363
3126075585
3127496280
3128357783
3130958349
3131329872
3131687726
3133653089
3134533876
3134802000
3134868829
3135010287
3135072271
3135598346
3136023120
3137545651
3138073788
3138281992
3138796814
3139062830
3139759097
3141255890
3142219371
3144841481
3145150115
3145352669
3145826924
3146055512
3146825724
3149401285
3150992188
3152840823
3153791593
3153812989
3154315153
3154982594
3155150802
3155407831
3155706047
3155955379
3156340748
3156852979
3157451769
3157830383
3159142581
3165979186
3166305950
3171161909
3171852600
3173713933
3175128975
3175860122
3182151184
3183087919
3185232773
3186108828
3187299051
3187560777
3187722211
3189058966
3189070228
3189853168
3190116145
3190930231
3190999295
3191003213
3192058886
3193835984
3196216033
3196518325
3197209776
3197442178
3197497318
3197554726
3198898117
3199610315
3201754466
3202986637
3205767408
3206772690
3207478606
3208128596
3208290995
3209304612
3210935332
3211775872
3211927414
3212339369
3212709094
3213271686
3214457750
3218305908
3218754913
3221076718
3221217521
3223599326
3224366651
3225824274
3226484348
3227773551
3228468174
3229321639
3230134157
3230874547
3231035885
3231858971
3232093197
3232817059
3233246313
3235057070
3238089711
3239415826
3241244755
3241484506
3241826733
3241835661
3241910531
3244138661
3244543478
3245058714
3245288454
3245393913
3247222413
3247715952
3247787200
3249376683
3249403839
3250080051
3250898027
3256270354
3257729779
3258674577
3259090565
3259364676
3259573637
3264226706
3264439801
3265216459
3266179075
3268083272
3268139664
3268617502
3268791838
3270161120
3271212069
3271455879
3273645362
3274108034
3279799922
3280083155
3280394144
3280925875
3281281401
3281399660
3282090018
3283090390
3283480905
3285424147
3286450890
3286521207
3286758594
3288472747
3289891292
3290113224
3290993585
3291084085
3291116514
3292116560
3292335074
3293809685
3295742716
3296015325
3296233216
3297198677
3299076839
3303329357
3303464664
3304332846
3306844960
3307214494
3307315700
3310135829
3310644244
3310836697
3311670225
3312980884
3314190101
3314930341
3315619044
3316045445
3317946355
3321455920
3322163187
3322466071
3324835450
3325417752
3325633847
3326513704
3327594498
3329492108
3329539033
3331431806
3331879705
3332066120
3334292502
3335382053
3335592425
3336306566
3336434895
3336760689
3339607499
3340817725
3342130547
3345305193
3346167511
3346241570
3347821603
3350455784
3352000982
3353068685
3353517774
3354858289
3356279684
3357163039
3360203831
3361454090
3363282962
3363343840
3363352808
3365112331
3365934617
3366736181
3371876574
3372354148
3372918381
3373843477
3374273966
3375632021
3376827532
3378333771
3380018548
3381124066
3383230589
3385435960
3385595065
3385630873
3387874958
3393115619
3393660205
3394301001
3395217666
3396183080
3397700030
3397721774
3398384529
3399987815
3403909551
3405245382
3405976281
3406952165
3407689765
3408073235
3408492953
3410263159
3413101081
3413165521
3415781989
3416091142
3416339640
3417644559
3418724616
3418903046
3419408156
3419609671
3420665324
3421202434
3422442452
3423445941
3423571814
3424841320
3426005864
3426471420
3427625397
3427680133
3429560789
3429755429
3432155010
3432269417
3433638736
3434469539
3434764779
3436830405
3439022778
3440362175
3441490098
3443631126
3444571601
3447236977
3447893316
3448152393
3448205135
3449161053
3449210223
3449289869
3449335002
3450243892
3451072370
3451189530
3451302421
3452173589
3454579552
3456467262
3456491346
3456960148
3460531233
3461153812
3462644731
3464433230
3464728557
3464789405
3465415382
3466849616
3467699560
3467982836
3468294988
3469439959
3471318651
3472912555
3474582394
3476693968
3476845229
3477598796
3478489822
3478722354
3479579261
3481108992
3482912462
3485526603
3486177888
3488718295
3490914832
3491659512
3492618467
3493437501
3493658235
3493790396
3494386896
3497256671
3497767734
3498086568
3498573490
3498715182
3498735940
3498756270
3498769812
3500014800
3500539411
3509082274
3510725395
3512872663
3513817940
3515566231
3517890913
3518581251
3519523400
3519802917
3521286621
3522022863
3523307834
3523998376
3525121659
3526086554
3528482689
3529071533
3530232862
3530990717
3531051381
3532353908
3532467119
3532989365
3534411787
3534924290
3534935985
3535002166
3535800373
3536043144
3539324205
3539368486
3539471521
3541574821
3541975956
3542007184
3544518193
3545092855
3548157556
3548459573
3549743644
3550764254
3554223966
3554586735
3555308006
3555967927
3557210650
3558175867
3559261031
3562121757
3562341694
3563581069
3564383202
3566860775
3567016112
3567533944
3569716545
3572209798
3573473374
3573546071
3575295906
3575434878
3577863937
3579041723
3579434400
3584216711
3584490804
3584724270
3586797418
3587441001
3588197095
3589228852
3589910503
3590129876
3591504995
3591698274
3591750008
3592139072
3592765306
3593655321
3593757660
3594285446
3594742869
3598722508
3600015372
3601195926
3601671071
3603276822
3603312531
3604012854
3604568117
3605924326
3606751675
3609231513
3611178795
3611467036
3611711594
3613924801
3614704067
3615729945
3616103218
3617007924
3617119563
3619606440
3620642070
3621952224
3622061858
3622095942
3622747948
3623725533
3623841881
3626596382
3626659362
3627159585
3628392914
3628500592
3628656164
3630472848
3630603107
3630637317
3631947952
3634443094
3634612189
3634844516
3636948199
3636959077
3636981669
3637877528
3638618110
3640352486
3640710239
3642397842
3642624778
3642945490
3644050512
3644974506
3645202102
3650020935
3650933808
3651302643
3656372467
3658040977
3658178689
3658497942
3660221127
3661781727
3662058813
3662167933
3662604606
3665035158
3667165988
3667244273
3668306238
3668549929
3670270431
3670363727
3670423863
3671663594
3672631916
3673041643
3674496014
3674719359
3675325566
3675859316
3677268221
3679275600
3680609180
3680725201
3681788486
3682978723
3684321191
3686148416
3686875758
3688590570
3691296261
3692742263
3693782635
3694648450
3695345031
3697158446
3698281525
3698551001
3698829879
3699331826
3703210987
3706213029
3706786266
3714071683
3714965274
3715511902
3715515203
3716733005
3716939748
3716981446
3717500686
3717830149
3718170274
3720194046
3720475412
3721312527
3725127219
3729759245
3731497220
3732070184
3732572959
3733477007
3734336691
3735101555
3736774060
3738836216
3740462951
3741171434
3742161334
3746515677
3748420495
3750718421
3750853247
3751588005
3752492640
3755888716
3762170900
3764737663
3765805167
3767349325
3768621231
3768912162
3769257406
3769632224
3769641112
3771230339
3771838317
3772301833
3772795699
3773064667
3774314539
3774599454
3775285921
3775387076
3778135812
3778346496
3778539137
3778674972
3780493955
3783954599
3786026683
3786737538
3787103400
3787623698
3788814830
3789053429
3790712022
3791188276
3791995970
3792281505
3792642519
3792908801
3793468990
3793801162
3795818650
3798408844
3798731824
3799850266
3801850922
3803556093
3804015944
3804410653
3805238694
3806023290
3806188998
3806742742
3807751742
3808955596
3809245522
3810723467
3812664971
3814055498
3814789295
3815217831
3815755473
3817087021
3819637764
3821608184
3821724764
3822075358
3824045188
3824978621
3826658947
3828135103
3828371168
3830054582
3831097391
3832132452
3833475974
3834572625
3835007915
3836016611
3838420403
3838757688
3840108146
3841671323
3842094575
3843753600
3843968528
3844558089
3845212896
3847790045
3848178186
3848194743
3849527358
3850273988
3850412321
3850508641
3850734297
3851169398
3852227939
3854273897
3856244976
3859340446
3860576989
3860623867
3863698963
3864101468
3864694997
3864912638
3866014975
3866532347
3868214663
3868371651
3868981281
3869996255
3870324606
3872873339
3872880496
3873241005
3875067448
3876128903
3878550246
3878972043
3879899053
3881095959
3882198440
3882954324
3887054239
3887756654
3888972993
3892507276
3893149034
3894678369
3896522812
3897812615
3898485615
3899741241
3900390128
3901873615
3903546469
3904310682
3904558402
3910750123
3910898418
3911008968
3911125921
3911420879
3912471910
3912827516
3914677972
3915161021
3915752464
3916018476
3916277048
3916408932
3917121792
3917596962
3917688002
3918633934
3920326615
3920552939
3920691302
3921619606
3924758287
3927809464
3928804769
3929341453
3929498801
3932154015
3932524656
3933682102
3934148413
3935716963
3936252808
3937927683
3938465146
3939575638
3944743402
3948574527
3949825717
3951318964
3951411072
3953199641
3954151593
3954978137
3955182308
3955935586
3957470091
3957727460
3961177575
3961639187
3961964288
3962018698
3963505652
3968013542
3968734131
3976504856
3977688481
3977930829
3978780773
3979727192
3981181130
3982407627
3983225334
3983534393
3985531632
3986753062
3988559998
3993529757
3994312665
3994480973
3995833918
3996365401
3996400783
3998724571
3999653743
4001651782
4004768936
4005662937
4006223803
4006451829
4007176442
4009282057
4010703916
4010939588
4012781895
4014121200
4015043300
4016230154
4016499673
4016681576
4017473519
4018341268
4019322422
4019553223
4019634439
4021731822
4023353281
4024414316
4025868832
4025883625
4027472375
4028001506
4028423318
4029333346
4029969474
4031856632
4032282837
4034955999
4035192448
4035351474
4036905705
4039393947
4039508944
4041618179
4041842507
4042322340
4043067635
4045031942
4045773305
4045825694
4048076155
4048578669
4051078989
4051676842
4053879156
4053997718
4054025845
4054356217
4054843631
4056697956
4061083842
4061495738
4061616011
4063842285
4066645252
4067388631
4068187055
4070393420
4070441756
4071626017
4071668735
4072821403
4073115043
4073214963
4074698565
4077738180
4078413220
4079067376
4079686853
4080752583
4082520938
4083388501
4084352934
4084546418
4084879462
4085722632
4085754204
4086022933
4088743093
4089835757
4090448381
4090607541
4091837190
4094735130
4096135466
4096744735
4097300672
4097598502
4097823149
4098632929
4101645196
4101735324
4102210838
4102232446
4103223716
4103238682
4105643565
4107191313
4107471175
4108107449
4108837746
4112187004
4112835124
4113223033
4114113470
4114972306
4116394602
4116588012
4116974038
4117423460
4119057762
4119788025
4120248989
4120736951
4121945231
4122206674
4126084911
4126415729
4126692191
4128241874
4129060117
4130462365
4130988079
4132486636
4133168065
4133523920
4133680549
4134535928
4135367841
4137661898
4140274802
4141045372
4142984256
4143175869
4145136108
4145835754
4146531634
4146851159
4147335423
4148136835
4148558480
4149059022
4149256166
4151063657
4151705095
4154390583
4155316522
4155327651
4155937683
4156196149
4157679210
4157776651
4158068056
4158944849
4160384538
4160632530
4161587009
4162724123
4165046352
4166842306
4167056799
4167836468
4168035943
4169004862
4169087988
4169284244
4170428497
4171098896
4171764911
4172039116
4172395924
4173030924
4173055117
4173765219
4175473599
4176025464
4176313692
4176577586
4176792242
4177050902
4178085938
4178467932
4178977257
4180293533
4180723034
4181119832
4181388995
4182338045
4182484749
4182686171
4182715191
4182992158
4183664435
4183765664
4184202878
4184321848
4184409731
4187048211
4187372277
4187691267
4189231164
4192339316
4193688514
4193817032
4194969491
4197894497
4198461957
4198626365
4199136065
4199415137
4199589827
4204316769
4205990354
4206362070
4206648613
4207000292
4207635324
4207731117
4211051191
4211321542
4212265945
4212292314
4212365736
4214040188
4214090248
4215740489
4216420280
4216975970
4217655164
4217713350
4219951919
4220510754
4220611616
4221502733
4221836810
4223464367
4225411239
4226200561
4227811998
4228358110
4229093467
4229434429
4230246964
4232750497
4232949225
4233883328
4235488334
4235909111
4238570821
4239756701
4242143350
4243293994
4243337088
4243587912
4243854676
4245469212
4247047698
4247936777
4248534898
4251075204
4252192418
4254151649
4257459097
4258805716
4259694557
4259928666
4260023578
4260765726
4261733153
4261846417
4262909568
4263446274
4263546674
4264283137
4269134521
4270106681
4270507168
4273273620
4274950561
4276110144
4276284432
4276486453
4276583713
4278120165
4281256306
4281665424
4285258315
4286374289
4289502074
4290009792
4292624026
4294162050
4293432641
4292613336
4292133488
4288739109
4288507936
4288360282
4288176579
4286756273
4285569290
4281033300
4279023260
4277677429
4277360238
4277099152
4274857157
4273793064
4271699208
4271295186
4269718798
4269619928
4266906726
4265779627
4260540320
4259808355
4259678603
4259452776
4259253043
4258336432
4255302529
4254927252
4254369450
4253598602
4252810923
4252049928
4250932753
4249463262
4248209565
4247394685
4243295200
4243242101
4241795885
4241031088
4240472648
4239075799
4238329926
4237751649
4236973753
4231996609
4231701156
4230707689
4229803951
4229369615
4226660589
4225163474
4224665664
4224367930
4223282733
4218970118
4218783289
4217899343
4217637401
4217313565
4215556961
4214875276
4213892813
4212980820
4210495870
4209291538
4206534973
4205118945
4205110355
4204300619
4204164664
4203869455
4203760247
4201346023
4201277886
4198186669
4198093920
4191443525
4190567305
4189952309
4189797582
4188952414
4188461057
4187265230
4186981158
4185188207
4183750866
4181841459
4181838677
4181230175
4179986775
4179846879
4178736962
4177835583
4175175138
4173550900
4173264712
4170787383
4170296417
4169902291
4168416984
4168030415
4167517537
4166712584
4166709736
4165647405
4163806601
4160425432
4159996131
4158740311
4157250844
4155727588
4155028037
4154494702
4152592245
4152499724
4151984392
4151857713
4151366054
4151143177
4147930313
4147113564
4145483944
4142597663
4141675342
4140986016
4139004142
4137937398
4136842957
4135914567
4135470759
4133794506
4132844889
4132210535
4129548003
4129468975
4129290635
4129137110
4128693192
4128689193
4125688397
4115580440
4113015885
4112685444
4112480696
4111236590
4110351966
4108131530
4107702498
4105598246
4102800284
4101015173
4099976266
4099211196
4098740102
4098053221
4093009229
4091464390
4090834317
4090811368
4088952601
4085853538
4081981558
4081394765
4079003050
4078707073
4078258287
4077969314
4077830143
4076984942
4075820569
4074123314
4072100509
4070526400
4067736666
4066394641
4066214778
4066069158
4065579948
4064795442
4063400896
4061186992
4061095370
4060870469
4060442017
4060098733
4056154103
4056125493
4055788725
4055372900
4055307282
4055201606
4053652080
4053201977
4052384738
4051418550
4051371884
4050960614
4049000981
4047644529
4046912429
4046839339
4046469236
4046365545
4045279166
4040705936
4040680005
4040511528
4040289445
4039914186
4038085193
4033499826
4032245291
4028950691
4027918669
4025036198
4023488926
4023240321
4022027394
4021278747
4020923199
4019969600
4019963108
4018811556
4018531304
4017421676
4015857113
4015848379
4015528150
4015401683
4013808858
4013280722
4008754838
4008474519
4008253679
4007642470
4002609020
4001888018
4001565740
3999202675
3998301196
3997001906
3995589332
3994339405
3994167237
3994108683
3992822977
3991408833
3990658320
3989702369
3989257701
3989078995
3989017071
3988549728
3987882230
3987282540
3982975714
3982892072
3979707210
3979620773
3978252198
3976902698
3975349023
3975099070
3973618820
3970698957
3969023592
3968889688
3967445785
3960019453
3957885203
3955854611
3954477148
3952835912
3952037969
3951840182
3950841225
3949425003
3948683404
3948571567
3948222442
3945726359
3945197504
3944528613
3944115480
3942796712
3942391487
3942049418
3942040823
3941241338
3941199916
3941144207
3938055824
3936447105
3935368646
3934947957
3934499639
3934127468
3934030810
3933122234
3932779107
3932677052
3929868774
3929360901
3929161514
3929078625
3926395177
3926291419
3926055259
3920679891
3917352965
3916173706
3916138986
3916026529
3915318044
3913839247
3912575086
3912149843
3911862342
3910370900
3907833473
3907644613
3906298909
3904828764
3904104228
3902801374
3902568281
3902479760
3902082595
3900171261
3899078266
3897942708
3897690539
3897074341
3896152736
3894794254
3894580815
3894527980
3891435558
3890005874
3888909735
3887938480
3887825137
3887484970
3886533602
3885367966
3885126766
3885110727
3884909539
3884867578
3883926992
3879400290
3876810004
3876151240
3876103915
3875127906
3875087266
3873035479
3871432946
3870274216
3870016562
3868841822
3868366579
3868342787
3867794598
3865033834
3862484526
3861866214
3861295134
3860854892
3858427663
3857128956
3856802881
3854112532
3853731534
3853687088
3853601547
3853326656
3851949500
3851055649
3850702994
3849269849
3847858581
3845981222
3845257740
3844760383
3844529927
3843312649
3842767284
3840568524
3839333544
3837901830
3837846826
3837202695
3836933822
3835387243
3835363661
3834540102
3834189135
3834034766
3833887894
3832447189
3832373742
3831794989
3831349265
3830797261
3830229964
3828059792
3827878015
3827279529
3827104915
3825828869
3825314307
3823476488
3822709486
3822540422
3822170546
3821935109
3821420336
3820935027
3820185472
3818954212
3817465703
3816207222
3815724840
3814597030
3814058393
3813875679
3812855409
3812377425
3811924619
3806460434
3805971816
3805451462
3804463720
3803718415
3803525878
3803259686
3802820291
3802048653
3800528082
3800157355
3798956417
3796419642
3795667476
3792912742
3792703263
3790457378
3784321841
3783375078
3780122009
3778804527
3778291813
3777992863
3777978374
3777785668
3775684044
3774815672
3774518462
3773475604
3772793282
3770833168
3770795651
3769265601
3768185480
3767749062
3767011864
3766710626
3765963187
3765662548
3764078616
3761387013
3761338684
3761168840
3760734172
3759756566
3759580203
3759399779
3757303999
3757025792
3756788901
3755266836
3754498999
3752406119
3751981091
3751968827
3751114947
3749500995
3748802843
3748577068
3747938207
3747622537
3747283463
3746704358
3746029252
3745754608
3745730902
3744896445
3744060918
3744004018
3742647514
3741646347
3741198643
3739956689
3737333804
3736650292
3736542472
3736475241
3736296746
3736174186
3736152482
3736051023
3735953766
3734862167
3734246534
3734067275
3733462987
3733237399
3732722792
3732681654
3732102736
3731784786
3731749564
3728441907
3726020584
3723286520
3722520151
3721059233
3721057130
3720381076
3716320228
3716178833
3714308626
3713069548
3710821757
3709004817
3707895661
3707354972
3706724968
3706324114
3705531974
3704617987
3702636152
3700832606
3700776643
3698504983
3698344971
3697791366
3697409857
3696518616
3695742880
3692714270
3690618039
3690538047
3690115036
3689154203
3686939382
3684382055
3683511661
3681786479
3679378468
3677873576
3675585013
3674881099
3673770874
3673659615
3671032976
3670045300
3669705167
3668512846
3668110309
3662031302
3661267755
3660842846
3659687382
3659573975
3659422193
3655657426
3653056028
3652996670
3651149045
3650066360
3647405326
3647025625
3645470288
3644571973
3643344191
3642596932
3640460254
3638958760
3638362594
3636426900
3635295357
3634663482
3631666973
3630223958
3629936326
3628738691
3626154868
3623884425
3623110407
3622803795
3621993408
3619693669
3617912130
3616564327
3615629328
3615398457
3613506478
3613111546
3610090238
3607245588
3604763583
3603991088
3603854549
3603227375
3600644225
3598087949
3598015897
3597734311
3597444197
3596602506
3595336725
3595241171
3592028205
3592004703
3591307728
3589047056
3588789790
3588727985
3586424331
3586410996
3586076661
3585739863
3584763123
3584755049
3584654008
3584281238
3584004996
3582575970
3581868062
3581443166
3581217006
3579966946
3579921204
3579790575
3579778800
3579193001
3578975729
3578572084
3578364878
3578166156
3578039129
3577601244
3576553021
3570848336
3570732765
3569419091
3568208260
3566537978
3564321938
3561937434
3560167369
3559657658
3558663219
3558360634
3556951019
3556448477
3555374527
3552501392
3550590584
3550542347
3548801100
3548053643
3545214064
3544452179
3544059489
3543171201
3542393775
3541927984
3539874078
3537753903
3537479249
3537301222
3536724038
3536567745
3536401093
3536219427
3534429221
3534126857
3533260214
3531989458
3531039615
3530971636
3530208769
3528754270
3528454859
3525249897
3524556082
3524019819
3522550313
3522458091
3522308507
3521810357
3518357524
3517581327
3514856344
3513895982
3512629186
3510318996
3508893329
3508478932
3507128114
3506769432
3506521541
3504477573
3504234567
3503323612
3503259182
3501647961
3501489906
3500509280
3500318893
3500167604
3499291621
3498043810
3496291740
3496107896
3491643853
3489458686
3489186117
3488498630
3488171956
3486307738
3483386419
3481589568
3481509046
3481014507
3479874287
3478118316
3477476327
3477365636
3477111023
3476222072
3476072138
3475490386
3475150349
3474740243
3473865351
3473118779
3472519860
3471946989
3471645917
3471645614
3470818849
3468938126
3468831557
3468020703
3467685283
3465801154
3464798098
3464071157
3463099206
3462276532
3461874054
3460627007
3459905100
3458506814
3456076406
3455495804
3454705938
3454149074
3453457811
3453369901
3450361962
3447139322
3446672324
3445717738
3444778846
3444266788
3443882342
3442995423
3436964020
3435293585
3435221827
3430124350
3429721116
3426622173
3424522751
3424069709
3420886274
3420005673
3419475728
3417498443
3417493486
3417186210
3414871355
3414684039
3413268068
3411397248
3410716955
3410553450
3409936003
3408992717
3408401617
3407164921
3407016592
3405778263
3402135535
3401628368
3401020346
3399982445
3399225935
3397598462
3397136988
3394701536
3392690472
3392623902
3392501818
3392328553
3388897070
3388669121
3388251525
3386214854
3386190392
3386157958
3385867963
3384169167
3379837986
3379015286
3377715458
3376077804
3375375963
3374641225
3374581594
3374561292
3374484514
3374397296
3374221592
3372639590
3372325714
3371854977
3371223958
3370646122
3370490506
3370182133
3368914528
3367644545
3364141479
3363193730
3363107090
3362690296
3362474310
3360634255
3356064332
3355265883
3355078863
3354511071
3350833003
3350688821
3346756592
3345792903
3345604453
3343497784
3343438541
3342481612
3342110203
3341677493
3340841063
3340082989
3339641703
3338648534
3338224469
3338068343
3337513776
3337198329
3336761619
3336156734
3335877071
3335117812
3334741623
3331046679
3331035852
3327513869
3325707812
3325446830
3324500103
3323767773
3320662139
3319617388
3319230162
3317003461
3316728651
3313712438
3309671574
3308595412
3308526903
3307029828
3305359820
3304311888
3303355411
3302727469
3302492817
3301842893
3299934491
3299234320
3298489723
3296997901
3295337005
3295280700
3294597764
3294344797
3293874398
3291863531
3291223367
3290879764
3289365300
3288722524
3287943057
3287335284
3286233497
3285132653
3280756919
3280487805
3279254215
3277606000
3277189329
3275910649
3275098493
3274795960
3274232774
3273353862
3271750970
3270918410
3266867305
3266709304
3266618736
3265790116
3264626902
3263589663
3263543534
3262817476
3261715236
3261380861
3261284119
3259126160
3258989514
3258752505
3257597012
3257235192
3256128100
3255320428
3254713851
3254296745
3253904789
3251381256
3250813269
3250466249
3250429787
3248393860
3248183746
3247965639
3247130092
3246961824
3246776460
3246209312
3246120516
3244992641
3243242763
3241552336
3241096660
3239788587
3239301905
3237613860
3237286813
3236796290
3235658360
3235186444
3233723376
3233640482
3233513391
3233459329
3232600951
3231435180
3228093867
3227974514
3226597328
3225715935
3225648241
3225473747
3225472057
3225039162
3224915083
3222080095
3221093814
3218375496
3218255235
3217191324
3216668149
3216238529
3215831445
3215431763
3215165320
3214394460
3212554620
3210390623
3209345242
3208916898
3208844225
3207990260
3206730341
3203186346
3201528086
3196118629
3195697604
3195687010
3194628202
3194563235
3192995703
3192868004
3192476305
3191162915
3190033156
3188019305
3187623411
3186189289
3185193500
3183281102
3182664329
3182072872
3181390554
3177956060
3177227332
3175931520
3173564739
3172239667
3171992153
3171868487
3168489914
3164377014
3162795130
3162428495
3158672593
3158667393
3156989065
3156613158
3155676951
3155033817
3154209253
3153370632
3153333712
3151847243
3150564810
3150468226
3148920006
3148389247
3148342773
3147519486
3147436129
3147127989
3146106707
3145820041
3145531746
3145078098
3144499195
3144075084
3139536480
3138854348
3136765951
3133895664
3131161060
3130713353
3129289194
3127315226
3126921702
3126074649
3125165578
3123378977
3121878322
3120345482
3119870668
3119623409
3118448032
3118107811
3117952874
3117000177
3115587054
3115356908
3114859347
3113454085
3111755036
3111733346
3111037344
3109649758
3109636632
3108108733
3105624182
3104150265
3102580217
3100684798
3099941176
3099869114
3099633005
3098331578
3097475341
3097297043
3097130904
3096014667
3094078072
3093707965
3093476375
3091766239
3091289154
3090848275
3088778256
3087156001
3087007832
3086243701
3082549172
3082469546
3081673800
3081161171
3079530618
3078588913
3077856198
3077333816
3077135913
3075670110
3072470701
3072431380
3071535733
3070339498
3069523707
3069426023
3068657845
3062397871
3058080036
3057679769
3057449708
3057414353
3055129133
3053866778
3053693930
3053630396
3053199827
3052957194
3052747151
3052105701
3052050539
3050146817
3049405853
3048632034
3046929002
3045503262
3044616997
3043130470
3042387995
3041969953
3039466627
3039419890
3037943446
3036374547
3032587942
3031076758
3028313451
3028124470
3027835569
3027724076
3027524937
3026405696
3025893117
3025590470
3024828835
3024734062
3022710495
3022139014
3021055546
3019466942
3019287962
3017620919
3014868240
3011397364
3010271287
3009842072
3009446677
3009016461
3007535701
3007104433
3006733927
3006530897
3005763003
3004703820
3003427496
3002789836
3002304558
3001910499
3001689108
3001588017
3000989003
3000813014
2998375098
2998005809
2997233472
2996744815
2994220713
2993878702
2993492850
2990621304
2989249709
2989013834
2987909762
2987767963
2984750814
2983377840
2983147628
2980532045
2979481240
2978874585
2978738076
2978159036
2976741930
2976024808
2975186988
2975106892
2974309542
2973933552
2973501738
2972337278
2971994842
2970876349
2970209262
2968981512
2965030389
2963982582
2963635557
2962666112
2962105736
2961285561
2956657249
2955294001
2950565179
2949506675
2948326639
2946329597
2943897470
2943143571
2942137575
2941765561
2941097949
2940727824
2940623228
2938748974
2938423273
2938051325
2938023935
2937173579
2935737467
2935510104
2933619240
2932929277
2932435706
2931325017
2931161551
2930500352
2930456218
2929483205
2929008406
2928537028
2927400439
2927217355
2924569105
2924533338
2923739140
2922315802
2920954805
2919623484
2916967062
2916527234
2915602614
2914179383
2912903106
2911131963
2910547338
2908561327
2908204173
2903317413
2901251149
2899549284
2899413551
2898322739
2897995025
2896351591
2896186561
2894905356
2893964810
2893240674
2891458562
2891296965
2891058273
2888406966
2888356673
2887119714
2886073143
2883490801
2882952481
2882272542
2879237985
2878450862
2877401550
2876849226
2876586750
2876479851
2873517339
2872519928
2871081503
2867833395
2866438994
2866052053
2864524578
2863917874
2863665567
2862562893
2862539820
2858297336
2857436676
2854157479
2853586680
2853516092
2850419989
2849371466
2849154317
2848473067
2847746208
2847200250
2846800301
2845972509
2844046432
2842876763
2836790747
2835211382
2832224907
2832039145
2828502569
2827660804
2826713149
2826006411
2824890466
2823763641
2822507535
2822219089
2822131810
2822042226
2820716222
2818472559
2817711011
2817501561
2816676717
2816589211
2816267006
2812128980
2812125525
2811372476
2809445721
2808337871
2806731457
2805170122
2801827149
2800351720
2799971246
2797748075
2795126772
2794799829
2794458665
2791224510
2791188538
2787880785
2787110690
2785652010
2785303346
2785253486
2783984510
2783929183
2782785433
2781624006
2781568033
2774937648
2773665181
2772929747
2771098187
2769869124
2767355075
2765913225
2765667236
2765447600
2765416819
2764948615
2763236370
2759968653
2757278949
2757164997
2756953814
2755174020
2754349374
2752865569
2752298691
2750007290
2749037667
2746703502
2746196431
2744921330
2744269613
2738856067
2738598987
2737480233
2737179444
2736301560
2736179397
2735632815
2732795209
2732636232
2731719207
2729501770
2728443546
2727953971
2726751034
2725403872
2723653842
2723070564
2722686203
2721599477
2719899970
2719597631
2718955808
2718445054
2717552430
2717281022
2716271538
2716229690
2713846465
2713410555
2712601256
2711949330
2711420709
2709075564
2706057081
2706006896
2705935956
2705921513
2703362279
2700948879
2699961477
2699786696
2699652238
2699611160
2699485568
2698121090
2697004090
2696999149
2695234576
2694870340
2694015374
2693978690
2692203539
2692129070
2687776595
2686928515
2686201888
2686109866
2686095191
2686062306
2685885331
2685660241
2685365207
2684929393
2684456337
2683865160
2683463990
2679858708
2679267021
2678116046
2676316980
2674658119
2674021602
2673929955
2672940559
2671523739
2669078627
2668391289
2666260256
2666087455
2665425900
2662470300
2662156098
2660501691
2659090173
2659076503
2657537404
2656433206
2654441270
2654191474
2653695386
2651883894
2650836622
2650596468
2650402755
2648266276
2647279098
2646376129
2646102159
2645983976
2644437010
2643910961
2642489558
2638774189
2638595326
2638480911
2637265409
2634256418
2633547782
2632631011
2630800699
2630695302
2630029745
2629698312
2629689031
2628742480
2628190321
2628054061
2627326034
2626472054
2625312107
2624497425
2623984196
2622853958
2622658822
2622305526
2621982894
2618766775
2618103135
2617412834
2617290704
2616402636
2612650162
2612320648
2609025565
2608518026
2608016803
2607517762
2605309977
2605114002
2604385430
2603656998
2603236400
2602398111
2601344950
2600185203
2599762006
2599222362
2598116590
2597001514
2596964753
2594245189
2593599635
2593474083
2591732916
2591448845
2591142081
2590025912
2589595465
2588622651
2588171702
2587797424
2587659448
2587019824
2585765034
2583711304
2582386575
2579803227
2578723798
2578374679
2578231738
2574092228
2573305571
2572458394
2570596261
2567469828
2567337672
2567123201
2566487250
2565090763
2564184810
2563012883
2562697403
2562155487
2561815456
2558261467
2556132122
2553816759
2553327794
2552337456
2552008411
2551783026
2551587967
2551471301
2551425298
2551383735
2551003093
2550873453
2550454535
2548928078
2548786552
2548046338
2546791929
2546101366
2545871899
2545005207
2543493267
2543440652
2542601481
2541294665
2540156843
2539132113
2538643369
2538045572
2536151246
2536055324
2535868169
2535622342
2532820338
2532662956
2531494774
2529682972
2528579296
2527057758
2524093921
2522026517
2521950321
2521397013
2518845249
2516977240
2516064629
2515635301
2514782496
2513476356
2512303511
2511352678
2509462602
2509455717
2505560588
2502889712
2501977874
2501775493
2501335275
2499509907
2498441924
2494785788
2494619151
2494479267
2494387270
2494061616
2492492107
2491351251
2490208757
2489704982
2487350432
2483957018
2483546421
2481150394
2479479928
2476778670
2473191046
2473090186
2472985168
2470758406
2470631465
2470484154
2470007721
2469854491
2469158907
2468166962
2467368127
2466015730
2464938302
2464396331
2463539906
2463127997
2462742247
2462354643
2461686778
2461329620
2458742728
2457132829
2456457695
2455787364
2455271811
2455041268
2454324761
2454041085
2453860992
2452033593
2452017584
2451985767
2450195141
2449642450
2448947449
2448354386
2446968629
2446959303
2445418316
2445341625
2445045483
2444956264
2444253209
2444247326
2444198125
2443022793
2442538609
2442452270
2442061993
2441505266
2441413665
2441247390
2439727190
2438998230
2437496217
2436066323
2435358865
2435357409
2435238989
2434456151
2432853190
2432209412
2430570645
2428680676
2428249954
2428101607
2427509813
2426924387
2425783723
2422023355
2419047590
2418357741
2416884601
2415595309
2414813398
2413386213
2412903963
2412227552
2412124215
2410681487
2410208957
2409622210
2409394783
2409188493
2409139019
2407955203
2407792077
2404808333
2404752395
2404701576
2402006499
2401188804
2400471347
2398111295
2394623020
2393755896
2393648750
2385984344
2384169291
2383730704
2383368994
2383291712
2382927310
2372235628
2371534667
2371214153
2370870444
2370177905
2369939650
2366849078
2366567266
2366201530
2363827938
2362175035
2361003644
2356026594
2353732162
2352575056
2351358112
2350628913
2350157966
2348914203
2346761592
2343899875
2343239941
2342614906
2342234255
2342043874
2341774377
2339826963
2339066532
2336090912
2333973655
2333268317
2333266143
2333210133
2332840174
2332630483
2332387502
2331646361
2330956903
2329690312
2324942083
2322435481
2318544865
2316100593
2314693955
2312407880
2312394826
2310237571
2310044759
2309291989
2308448078
2308034662
2307429022
2306283167
2304589229
2301467884
2301424252
2300673033
2300294162
2298365056
2296619327
2296331514
2293114359
2290629682
2290412436
2288528326
2288261777
2288223118
2286660165
2286407082
2285548897
2285356291
2282939465
2280513201
2280353224
2279981216
2268812092
2268719267
2268296363
2268075777
2268052840
2267055412
2266460982
2264944113
2264575082
2261698643
2259893256
2258632769
2257467203
2257290386
2257204037
2256122525
2255855963
2254903345
2252797859
2251318822
2248616845
2248609380
2246069229
2245956722
2242670715
2241510414
2240328929
2239904179
2239568231
2238061728
2235768220
2234950921
2232694406
2231457606
2229634753
2229416151
2229221097
2228810611
2228695001
2227966507
2226367197
2226153400
2225574701
2224669584
2221977562
2221729936
2221400556
2221366475
2220290501
2215324550
2213281887
2212871904
2211271365
2210944128
2210458312
2209136124
2207532761
2206542948
2206390895
2206257419
2205213431
2203243352
2202799445
2202525937
2201709285
2201421057
2201094626
2199578673
2199522579
2199485847
2197237091
2196988195
2196824484
2193818072
2193416486
2193021487
2192419107
2191490135
2191166498
2190772268
2190497997
2186099726
2185865215
2185221483
2184742364
2184004104
2182549618
2177809024
2177528179
2177503095
2171907721
2171319508
2171277359
2170969503
2170093198
2169635668
2168613310
2166924346
2166535531
2165970926
2165713844
2164788334
2162723054
2162524951
2162476828
2161968763
2161940684
2160974760
2160567484
2160159052
2159947302
2159479387
2159361068
2158914407
2158665021
2158443626
2158177772
2157910881
2156533828
2155465712
2149632784
2149631680
2149272324
2148515938
2145618546
2145361493
2145089870
2144497557
2143657023
2143113732
2142987580
2142878287
2141846691
2141397199
2137497606
2137399091
2137292156
2137038659
2136904491
2135495372
2134847378
2134613951
2131657651
2131518669
2129314060
2129164577
2126967792
2126404548
2125923307
2125793559
2124876243
2124863406
2124589041
2122474956
2120739596
2120080955
2117737750
2116348859
2115625837
2114527124
2109134200
2107004959
2106493057
2105721129
2105574675
2105344147
2103896331
2103534776
2103093735
2102469019
2101283487
2100903219
2100363702
2099269043
2094419648
2091423697
2090480311
2089100607
2088902020
2087694000
2087326105
2087135026
2084810311
2082437482
2078345488
2076889858
2075709579
2075584851
2073118384
2071051745
2067836703
2067705179
2067526571
2066983123
2065890452
2064812650
2064381120
2062518425
2062410935
2062408094
2061600753
2059244031
2055822823
2054993976
2049537817
2047679224
2045880341
2045455097
2045148813
2043438802
2043291429
2042689349
2042530285
2042419906
2040954741
2040936521
2040310243
2040101843
2036805992
2036743602
2032876897
2031436799
2027821911
2026418421
2023823577
2021398533
2020803878
2020574135
2020521116
2020228388
2020162383
2019718069
2014552043
2013633126
2013488508
2012970475
2012917260
2012448845
2012202223
2010713804
2010628180
2009222277
2008491804
2006899989
2006132079
2005382540
2004662252
2003297942
2002227986
2000779539
2000224287
1999662424
1998393263
1998127977
1996663925
1996019107
1995822430
1994776454
1994267582
1992446214
1991502586
1990262954
1989332213
1988224221
1987656791
1987335574
1986907956
1986501510
1984690891
1983308172
1983157137
1983139220
1982291799
1982066068
1981228786
1978425669
1978407945
1977308720
1976868919
1976494214
1974898143
1973282134
1973066679
1972576915
1972345735
1972010423
1971448773
1970375704
1969343319
1967351128
1965090425
1964490622
1961563855
1961338918
1960273472
1960245055
1958595560
1957583948
1957515532
1952101580
1951097104
1950943089
1949282559
1948003119
1947695586
1946560090
1945196177
1945140706
1943934392
1943378228
1943211463
1943135051
1943094286
1942201563
1941414780
1940746288
1939360108
1939124733
1938937283
1937170766
1936759806
1934957339
1934903698
1934098467
1931308580
1930234456
1929890930
1928574592
1928471847
1925328885
1925096391
1924735437
1924580333
1924116106
1922637708
1921821292
1920051372
1918076615
1915233457
1915221381
1915171577
1914927118
1914089594
1913669727
1912859696
1912794355
1911434714
1911107840
1910801948
1910520773
1910362456
1909625147
1908540057
1908474490
1904866603
1904442614
1903626821
1903172406
1903108684
1901537410
1900329521
1900065266
1897634090
1897143051
1897022112
1896254728
1895816376
1895389796
1894849332
1894825740
1894423484
1893427078
1892805674
1891619813
1891547910
1889851470
1889199156
1887886078
1886748744
1886276438
1885225043
1885107035
1884059814
1882448151
1881511625
1880690583
1880497713
1879156143
1878043931
1876344039
1875972689
1875789562
1868619309
1866292104
1865902227
1865274593
1861709769
1859680176
1859586723
1859386372
1856761146
1855098047
1854913137
1853894510
1853533527
1852872418
1851595290
1850816008
1849838211
1848534952
1847916520
1846856541
1846790038
1846603532
1845900716
1845688158
1845001027
1843873214
1842462107
1841962533
1841871086
1841811149
1840611611
1839589102
1838599581
1837831900
1836508638
1835948012
1835750077
1834648783
1834187912
1833461017
1831745256
1829804772
1829348817
1828532485
1827033508
1826256841
1826077570
1825734343
1824610255
1823962448
1822386205
1822289686
1820080820
1819467053
1818614856
1817473710
1816901524
1814337503
1811858735
1810627029
1809933441
1809808397
1808066500
1804227200
1802872593
1801371027
1800400443
1800206457
1800149767
1799976475
1799867667
1799631582
1799092942
1796259722
1794477542
1794430250
1794034401
1792895666
1792792613
1792150857
1791501614
1788762180
1788442283
1786187127
1786120221
1785701525
1785024816
1783961006
1782008136
1781761599
1781311420
1780238945
1778705146
1777726417
1776723991
1775132912
1774127343
1772997417
1772231189
1771432752
1770734494
1769856508
1769425987
1767963832
1767581819
1766952680
1765094358
1764989669
1764824087
1764205609
1762240051
1759708185
1759316620
1758290186
1758061975
1756123899
1754822041
1754495931
1753775199
1752461282
1748391547
1747218354
1745565896
1741742055
1740267311
1739018257
1738217059
1737688442
1737450128
1737405813
1734811565
1734475600
1731124474
1730848117
1730524497
1730364687
1730251509
1730187299
1729998386
1729229902
1728968381
1726471412
1725968485
1723813136
1722307297
1722146070
1721330355
1720427142
1718410891
1718058985
1716519324
1714575963
1712837240
1712209582
1712139457
1711718631
1711410260
1710164582
1710162824
1709674070
1709175102
1707505279
1707035539
1705074340
1704829733
1704600264
1703132245
1700118511
1698998738
1698478843
1697802372
1695684696
1692718777
1692350120
1690342433
1690253747
1690193320
1687905141
1686554587
1685859209
1685342484
1685031311
1683039059
1682911217
1682392686
1679298233
1678709608
1677948950
1677005178
1676347379
1675808319
1675337998
1674886860
1674024970
1673695371
1672260911
1672245392
1670343898
1669352760
1667242008
1667019843
1662370726
1662048783
1661952400
1659621297
1653595878
1652904391
1652441776
1652412766
1652145456
1649376008
1648724469
1647494576
1646458988
1644721088
1643918189
1643303159
1641618704
1641237359
1640144988
1638863167
1638376156
1633563872
1631901215
1631614586
1630579406
1630354847
1625712182
1624847315
1624827267
1623517860
1620528268
1620040792
1619165435
1618798553
1618160356
1616861547
1616446084
1616369376
1616351376
1615981113
1615910947
1615140427
1611844365
1610646580
1609754748
1609390558
1606947086
1606011371
1605972626
1601048850
1600251984
1599270947
1597535241
1597533766
1597353106
1593261878
1592454715
1592134984
1588010659
1587576738
1585985448
1583421417
1582623514
1581804736
1581752663
1578531566
1578056846
1576305433
1575325818
1573247422
1572527953
1571933510
1571474890
1570928194
1567115460
1566503594
1566321361
1565036191
1562059483
1561211548
1560504621
1559716576
1558554466
1557324305
1556902275
1556577785
1554224337
1553752775
1548101578
1547446051
1546168831
1544711642
1544253750
1543104100
1542156281
1541725052
1539204202
1538413789
1536693849
1536254555
1536167492
1536029656
1535991525
1535865397
1535197451
1535106938
1534858384
1533376783
1530056661
1528456026
1528420679
1525974399
1524399925
1521401848
1520661218
1520598142
1520049416
1517361176
1515490443
1513107133
1512714766
1512167305
1511920865
1510168008
1506855808
1506633756
1505616181
1503492187
1502365337
1501645275
1501166194
1500189747
1499055839
1498772748
1495459655
1493559323
1492260080
1490846264
1490687031
1489853141
1488519847
1486260009
1485749476
1485168139
1485010008
1484538329
1482250962
1480661775
1479678119
1479340854
1478827287
1477925609
1475873813
1475712469
1475514051
1475194455
1475138875
1473815836
1473698460
1473582696
1472715699
1471413252
1469486351
1468752251
1468365871
1467703563
1467562890
1467553036
1466828796
1461791594
1461668349
1460822955
1458262553
1458097232
1457968908
1455902472
1455570656
1454487216
1453446848
1451214291
1451018093
1449835957
1449015191
1448416885
1448196811
1447830168
1447560314
1446209082
1445663284
1444677072
1444644614
1443375950
1442317647
1442311790
1442270686
1441055879
1440610329
1439408374
1437787792
1437199151
1436012815
1435909416
1435584310
1434376649
1433213290
1432523877
1431703985
1429736632
1428956139
1426676778
1426604114
1426363121
1426201886
1424092750
1421335983
1421202469
1421058515
1420961179
1416937268
1416894206
1416779700
1415788890
1415578172
1414628249
1413053378
1410000087
1407406924
1405051805
1404963910
1403663180
1403074455
1402537263
1400483842
1398094414
1396693222
1396265557
1393974198
1393864747
1393794385
1393598857
1392415280
1391757784
1391408652
1390422353
1390282659
1389188990
1389018731
1388737867
1385740041
1383106114
1380580893
1380392958
1372763101
1372245263
1372177653
1371901155
1369503796
1369297031
1368984850
1367191157
1367166248
1365746839
1365099491
1363760658
1363396938
1362925389
1358413901
1357365008
1353773039
1350833037
1346159357
1345909540
1342944444
1341889387
1341834821
1341618680
1341447672
1339499538
1339469428
1337340319
1332768621
1331251468
1331037560
1329295198
1324966307
1322953616
1322616052
1322307361
1322089118
1320943088
1320566590
1320035683
1318736707
1316971365
1315962038
1315467041
1314185816
1311869196
1311300454
1310904039
1310708969
1309363849
1309000622
1307856507
1307342033
1307322910
1307071756
1306829335
1302974936
1302927433
1302063695
1300284528
1300121926
1299879088
1297998281
1297370812
1296971285
1293846136
1293219081
1291104034
1290983690
1289635903
1287323064
1287180991
1284957926
1283447341
1283194674
1282887737
1281334329
1281039017
1280053781
1279040146
1278442429
1277570379
1277003965
1276892610
1276259341
1275671559
1273593758
1273212721
1272390516
1271760163
1271236537
1270644773
1270593289
1269774469
1269504409
1267857288
1267008447
1266920982
1266258726
1264524964
1263683445
1263117970
1262490491
1262202649
1261595518
1261000381
1260784281
1260574189
1260450077
1258843086
1258735997
1258195371
1257668585
1257562587
1256929747
1256829127
1254664377
1254261922
1253317315
1252893575
1251880180
1251672892
1249988568
1249818510
1247974289
1247674679
1247028414
1244885017
1243994061
1243985343
1243982433
1243431430
1240413202
1240279608
1237844653
1237064924
1236680281
1236063194
1235563981
1235493770
1232657173
1231318395
1228395471
1228121892
1227257249
1224891040
1224288234
1223269309
1222745714
1222666171
1222541837
1221063707
1218690115
1218662417
1216948650
1216886832
1216165591
1215257768
1214812995
1214008570
1213238281
1211752910
1211429389
1209994690
1208999779
1208233689
1208122069
1207882484
1207675389
1205923989
1204194016
1203917629
1203711396
1203543898
1203395769
1202979509
1202518526
1201827868
1201123102
1200933593
1200590467
1196575523
1194429721
1192603456
1192471092
1192296190
1191106044
1190444083
1189013125
1188995112
1188987134
1186161779
1186077954
1182047495
1181997471
1180882032
1179675863
1177122702
1176847384
1176046940
1174513105
1174308846
1173766351
1172950528
1172141904
1171174574
1170915792
1170575117
1170398985
1169448600
1169145379
1167194426
1166718861
1166653831
1164451223
1161233757
1159247003
1158917826
1157314972
1153738844
1153456520
1152876603
1151619630
1149131229
1147210309
1147101602
1146061065
1146002203
1145071342
1140691724
1138632530
1138383431
1136953840
1136834656
1136739931
1133884765
1130900994
1130530774
1129976110
1128857636
1127366505
1124883272
1124620457
1123027331
1122724305
1120722414
1120634920
1120345771
1119356898
1118962453
1118783585
1118536551
1117174783
1116500932
1115872498
1114689932
1113910156
1110625229
1109949021
1109899340
1108722842
1106454476
1104941071
1104382650
1100280862
1097954219
1097215805
1094464810
1093263571
1091028763
1089994458
1089161697
1087883212
1087090339
1086749441
1085943291
1085285784
1084729519
1083517191
1082655220
1080119648
1079768490
1079547582
1078223564
1076472711
1075002441
1072962041
1071474525
1070309919
1069678983
1068915681
1067195426
1066055271
1065983474
1065852061
1063590699
1062863943
1061381344
1061021769
1060583442
1059856429
1059370553
1057966992
1057435342
1056757459
1055970871
1055917632
1054415300
1053745848
1051151732
1050745022
1050558341
1050516131
1049396170
1048565851
1045291098
1044543440
1044374105
1044340731
1043945554
1043693427
1043628190
1042684166
1041488876
1037923947
1037182607
1036079228
1035151310
1034559370
1031651152
1030508072
1030236920
1029380220
1028987719
1028432961
1026769852
1026102073
1025291800
1024256005
1020800369
1019992210
1019359649
1019311514
1018912268
1018485790
1017401092
1017396767
1017362048
1015855978
1015783779
1015446484
1014664563
1013144772
1012216807
1008911354
1008652266
1008135912
1005142063
1004653422
1003993876
1003299652
1003189084
1002714174
1000317812
1000240109
999806765
998922117
998840514
996617298
996593201
995690018
994867568
994612565
992052868
991115391
991107257
987645157
987151905
986950446
986309165
985615217
985105403
983060151
980674803
979926564
979907172
979669613
979199608
978639316
978532760
978383523
977308340
977297579
977096028
976900990
975553715
975441598
974914848
973759328
973189467
972374349
972313533
971130334
970239735
970139168
968597057
968051867
967268190
965961664
964508701
964296154
964116048
963591066
963547639
962774630
961807092
961709756
957106837
956747504
956571672
956568345
954450657
954132189
954050892
953272288
952593694
951362494
951140231
950774354
950356346
947955501
947564225
946807369
946462033
945543676
943725031
942761385
942725049
941024330
940440134
940020252
938891555
937527808
934856859
933957943
932914414
932350188
931811417
929596379
929023537
928951705
926745904
926462720
926461839
925874498
924357300
924300220
923114684
919723942
918271691
917227619
917137104
916713659
915059699
911283803
909536468
909036002
908563633
906945434
906774712
906485012
905916872
904296775
902630115
902466901
901511492
901117059
900830188
900262655
899457789
899283840
899074758
898476493
896732357
893778749
892375150
891714345
891287353
888118230
885812720
884770476
884262857
880981442
878271582
878036466
877983082
874188565
874026316
873820866
873632692
873093934
871465392
870868056
869310486
867645108
866637914
864793177
864746927
862618206
860557299
860066100
859833611
857887164
856374223
856302661
856113396
854194740
853634954
852693791
851951889
851188575
850586715
850017872
849904025
849344790
846595000
845866599
845399751
844062225
842802966
842722042
840235522
834379925
834114634
833845091
833337103
832233292
831290437
830907972
830757406
827803313
827166263
827159570
826125259
825463901
825206268
822784207
821662820
821643854
820429356
818807083
817532612
814717762
814056788
812666302
812393561
812362001
808805273
808693564
806246677
804561634
802228093
801563488
800452935
799295124
798454360
798225970
798004059
796405972
793562938
792906902
792327960
791920090
791519861
791370165
790592204
790275868
790221784
789133051
787892892
787243468
787163193
784435143
783582698
783286277
782865793
782618167
781843733
781555191
780365875
780322398
779583443
779306954
778975553
777778981
777701695
776328367
776057575
775358308
773953288
772220495
769960280
768855390
765081950
764499854
762696610
760326464
759310187
758164037
756717966
755373863
755141783
754741584
751238948
750148546
748312690
746671908
745350988
745249682
744919367
744440769
744230925
744162261
743389267
741723411
741084134
740937321
740471203
739399533
737665430
736192646
733512292
733166839
732795607
731285506
730564544
729193401
728854754
728395251
727983114
727832469
724932707
723049008
719384064
718127399
718093966
717805123
717632692
716800431
715921509
714600646
714149214
714047452
712954367
710484682
709458355
709292659
708015123
707889203
707219190
706361519
705395700
704033273
703661203
703295550
701140754
697631255
696905050
694088831
690695574
689474281
688992631
688844875
688672261
688393375
687165380
685496289
684787725
682978921
682310451
680941708
678359293
677502448
676150235
674601279
674357854
673977151
669980288
669722085
668785396
668209576
667599692
666970589
666925185
666375516
665621692
664777726
663888794
663365680
661557427
660680509
659860504
658936681
657593677
655272346
648794052
647022527
646908005
645420400
643621448
643303601
642295385
642194530
640387978
639848510
638095877
637726854
634431441
634249865
632820969
629238305
628215115
627736404
627149275
625479833
623402841
622847940
622348925
621919951
620894276
618668513
616224746
616145429
616119891
615638939
613874969
613467915
612567304
612288233
612225652
611456893
610763712
610520046
608764063
605580933
604889931
604844184
604352387
604248906
603467568
603011857
602395397
601492699
600851724
600729540
600493574
599086094
598110783
595940149
595851145
595731125
595194216
593967801
593805254
593578171
591002593
587173291
585572569
584660691
584202695
580995325
580833255
580677659
579930746
579918859
573420371
573325180
572281709
570608734
569996092
566711096
566247965
566089556
564638233
562272241
561833346
561534578
561519235
560940535
560524648
559704398
559625970
558194629
557242134
557006805
556969245
556370660
549318483
548434389
547505315
545603451
543344125
543008525
542885682
540068435
535014126
532290485
531725184
531505521
531034693
528774958
527548886
526035874
525129434
524975687
523887395
522549304
520986902
519577870
517508323
517128932
515105259
514976640
512982200
512751234
512605285
508477057
508135116
507516370
505456593
505361642
505196292
503740276
503196584
502000260
501870838
501009360
498694797
497392939
496561662
495652555
494450048
494215040
493112896
490338144
489827646
487651288
486402185
486302571
486104107
485805305
485242057
484374446
483521550
480046738
479286794
477426312
476113001
476077511
473923041
468423527
465759829
464360267
461274410
461238295
460970885
460647369
459719470
459456424
459078393
458753106
458484200
458318515
456340193
455780491
455576564
454925897
453981779
450905056
449808102
449648207
446417357
445336059
443014794
440874732
440186562
439797840
439247916
438189589
435738651
435546499
431418957
431019054
430812317
429737505
428639547
427572333
423823819
423752918
422449349
420710179
419764448
418079311
411083398
409470260
409056224
408227862
407569297
406496834
403513445
402420656
401623844
400554608
400032517
398508720
397851602
397427131
396425400
392101502
391981332
391945769
391353088
391100398
389724877
383126166
381266176
380204498
379048002
378982937
378932717
378203239
378027617
377519750
376451338
375410147
374844001
374616224
374113605
373574313
373178021
371610443
370106521
369839080
368373760
367717510
366819208
364224732
363676702
361748770
361342666
360147143
359753666
356939745
356903591
356819400
356672398
356321019
356241240
354197441
353998250
351572669
349510857
348015545
347411208
347079461
347017728
346531645
344904604
344305652
344230554
343569576
342552027
342086827
341394451
338613056
337977694
335974583
335717859
335487342
334799707
333464345
332202266
330644412
330289790
329992763
329175896
328876235
327932445
327899392
327519469
326803922
326099510
325598689
322722517
321541547
320658135
319610499
318270783
316305728
316185540
315596138
313984641
313634212
313500307
312031038
309550369
309428909
304702454
302883683
302725573
300944519
300884980
299474443
298754709
295257178
293971591
293116493
292697753
291132735
289008486
287847409
285827141
285250776
284978110
282706227
281067587
280299783
279983027
278318416
277873429
277531234
277486900
277039214
276785919
275983374
274936704
274790594
274338320
272321109
268099358
267461975
267112912
266504755
266057488
264063004
263747453
262463001
260642829
258597581
257411113
256797597
256437534
255325095
254978708
254326778
253544164
252755831
251207638
250836218
250571779
250009838
249500801
249492254
248526217
247955427
247638414
247380479
247344746
245875705
245214278
245166756
241750474
240765108
240487949
239715040
239587964
238839908
238334879
238200347
237966040
237621495
237308503
237121570
232821832
232655624
232134424
231645724
230966556
229898596
229372112
228161964
227558280
227381327
227002594
226862674
226226087
226014242
225814300
225518794
225061526
223418541
220160421
219248350
218889239
218143567
216863462
216525254
216176213
212335089
211874752
209282454
208662563
207841717
206718731
204546715
203528042
203428633
202836219
202024457
201256327
199934113
198718043
198243822
197304398
196705157
196268615
193846409
191075916
189732637
189087725
188880872
188489419
187660439
187589836
185318590
185203655
184350874
183928838
183748538
183446384
183051873
182449428
180946901
180798900
178549734
178183585
177910333
177421199
175609627
174279578
174023904
173380888
172278491
172254287
171712741
170713371
170514732
169621747
167269909
165367885
164822061
164180773
163394715
162802239
162033278
161694026
161065393
159235276
158506814
158266133
156664142
154120776
153798258
153263517
149703754
147582776
146921934
145052376
143774498
136625379
136102548
135254460
134978725
134669033
133133982
131353811
129767431
129565957
129423219
129117538
129012727
128970202
128578877
126932248
126290360
124494405
124492737
123783252
122416054
120548794
118028916
116475453
116121029
115785287
113713125
111875326
111539722
108013968
107025203
106187356
105415567
105244029
104569609
102559504
101555342
99786523
99476145
99344749
99153796
97958431
97570857
95386802
94301577
92843692
92655347
91635198
91118258
90967278
89620506
88379759
86574757
85430891
85261768
84715937
84397465
80969186
80721973
78997814
78544993
77673015
77608300
75813295
75490996
75462721
72889329
72216503
71651298
70302836
68809702
68492208
68355726
67266815
65807679
65223012
64669120
64390701
64061783
63762954
62130073
60511006
60460699
59908115
59869146
59374292
57290685
56882530
54056117
53824330
52542506
52276126
51126446
48908592
48478918
48310668
47942868
47735921
47213171
46577571
46032515
45403449
45070661
43873572
43676094
40928431
39914995
39664357
34106252
33425132
33180748
32376479
31551353
29165860
27740049
26870950
13544655
13352785
10290789
9749829
8613405
7883495
7551660
6687319
4482157
4408198
