2092952
2866480
3780843
5149225
6355620
6842915
7147772
7581963
8455383
8557040
9732297
10322977
11264780
11719517
11840854
12939268
13554535
16709322
18229571
21491727
21717382
22744493
24612625
24757861
27189251
27409387
27602136
29682695
29885917
31082445
34743391
35129609
35177309
36376234
37841948
42896944
46397897
46947251
47179619
48233097
48518870
52479676
53000358
53205423
53485588
58624896
60357441
60507272
60630078
63332002
63601381
63616334
67255040
67655664
70815368
70986948
74615999
75409231
77135706
77623199
78832310
78899538
79083625
81083397
82321865
84130577
84293869
84434361
84571366
85253162
85380193
86683748
87941842
88207013
89144525
89462028
90686638
91782238
92799643
93020197
93536771
93717980
95210446
97608525
98037261
99297814
101077260
102706274
104669641
104775073
105076452
105943753
111520721
112014583
114668989
115655610
115833529
116530714
117467922
117586500
118821940
120063099
121472726
122099614
122765257
123182280
123397356
124699993
127323635
127386675
128346455
130093111
130363393
134591731
137332439
137995651
138031765
138534798
139736397
139831508
139875641
141769261
141779210
142665881
142842431
143317140
143558598
145135840
148403557
148518800
149331138
149425525
150237940
150446893
150670566
155882839
156421807
158666155
160491995
161983230
161984184
164205182
166821318
167924260
168085225
171004842
171053059
172500534
172775236
173554191
174063523
174923845
175647244
176805196
177488494
178117628
178789918
179098532
181173225
184747569
185750236
187674733
188128848
188283686
188801140
189987863
190152224
193512608
194625918
195155428
198295046
202136085
203107854
203916288
206416203
206766252
206943020
207403497
208468759
210632037
210690207
214068966
214932464
215205654
215701070
217868111
218008493
218729911
219421282
220001801
221771967
223271993
223819167
226437114
226597876
227475852
229613668
232513446
233117953
234702261
235140027
235464397
235571436
235600985
240487206
241865010
243007020
244250853
249482785
251720840
251838970
252176154
252517433
252676985
252970623
254365927
254446219
254475753
259301160
263034248
263810665
264979354
266682850
267626154
268130787
268858935
269228657
272713067
272750322
275400077
276114425
276128235
276979396
278332923
279085778
279294123
280460821
280637864
280869557
281146135
281417960
282928551
283145931
285483416
286483126
287619170
288126226
288683961
289586133
289759126
290833458
292115515
294177022
294479722
296484500
300980483
301629147
302610684
306960312
307203962
307214304
307378065
309113115
310518249
312875996
314844835
315086242
315139996
315529289
315572929
315787196
316240931
317067160
317643481
318561927
320787518
320951947
322439853
323100204
324934774
325243397
325272741
327023621
327616681
327784697
329906113
329962421
331759180
331825073
332182305
332995946
334681962
335113187
336748250
337543009
342055775
342509941
342975991
344655997
348542297
349207019
350225528
350654930
351238182
351251401
353125978
356415123
356466225
357419777
360262154
360379714
362909660
363850301
365035510
365536539
365691034
367602599
368165674
369434980
372468749
374321540
375882171
378916324
380505401
381548372
383895574
383987834
385087005
387889421
389298970
389377482
390060232
392795310
392989073
393368193
393521056
396245367
397713189
399176111
400199836
402200271
404627502
407037836
408149733
408794333
409161091
409787401
410036945
413310452
414316626
414740021
414949873
415916100
416545194
416633387
417183949
419299113
420829739
423504258
424184803
424488506
424526344
427636294
429021269
429541753
430476917
430792895
431201625
431424207
432506044
432965029
433557791
435832034
436108622
437515097
438445219
439556798
441436638
441921861
444174855
444724700
446158766
447843708
448044151
448290915
449827227
450412123
450909063
451671172
452009901
454767888
455255235
456591979
456817993
457890336
458092863
458486160
459142595
460676275
462691421
463196412
464573433
467800700
467974861
470029336
470372087
470948982
471572001
471920846
472763173
474128403
475808127
476212486
477122544
477755525
477786346
477964055
478598831
479286775
479380968
480771251
480926831
481547024
481711124
481930212
482159575
483311287
484507860
484569390
487479963
489778093
489995679
491378993
499448254
500097043
501384438
503405401
504654127
505194526
505646317
506187112
507474640
510568532
512078594
520123581
522305870
522627803
523836323
525237397
526364194
526641803
527064148
528268592
529405938
529427111
529532734
529831209
532084399
532399834
533197605
535279427
537671127
540115191
540309493
540547889
541074781
541378098
543380250
543533698
543602692
544708809
546360968
548753281
549987923
550381076
550574178
551813043
553422305
554298870
554517431
556389288
556873917
557711621
558960267
562121943
562637783
565332190
566772052
569075424
569184644
570400157
572264238
572306871
572955577
573588112
573860792
576365431
576750333
578696855
581004114
582189040
583451577
584651420
585274156
586176343
586494347
586857455
587104432
588331405
588828841
589659700
591502273
594271923
595481206
596662719
596830828
598337215
598579443
603036617
603616743
605188946
605538507
606543094
606952365
607082300
607827499
608016271
609297381
610324130
610587048
610677243
611717287
612449997
613033147
614372435
614791190
614889406
617461062
617474105
621832541
621841494
622587623
623225770
623361323
623676559
624433192
625477524
626158254
626377115
626405270
628702408
629275389
630500117
631037512
631928108
632184331
633689955
633728558
634756369
635131281
636020756
636116345
636733218
637619010
638036190
638144871
640820788
641162279
641407435
643464169
644573335
646068908
647078583
647111478
648710089
649765023
650444199
653326230
660963748
661006341
661749455
664459929
664750608
664951498
667278350
668718339
671132458
673252804
675080011
675451780
677758956
678028231
681087012
682017848
682321418
682729220
685429616
685699498
686949877
687520641
689047413
689325827
691972008
694518602
696428192
696697642
696758934
697370415
697932784
699165235
699896550
700119778
700378970
701512985
702544571
703073146
704043020
704457050
704694290
705148783
705516049
705682903
707097549
707553346
709709058
710212352
714689870
716507369
719018877
719027750
722082191
722919990
725794251
727500035
727961061
730441823
734374387
738143151
738201245
739037919
739498295
740348341
740564238
740623169
740958115
740993648
741785029
744490374
745232466
747442960
749478906
750185643
750544855
753405543
756576829
759460631
760721667
763063738
763239458
763816718
764676603
766095312
770798540
771369499
771731651
773001239
776509613
776863618
780314096
780874032
782436337
783529804
784029625
786883006
788567955
790574811
791291023
793291871
793926585
794208551
795125806
795164140
795783716
797699955
797844722
797976460
798453455
799539393
800270508
802254246
802613578
802913192
805655847
806345634
806581085
807695432
809904409
810252429
810461554
810481865
810653385
811321589
812956855
813193461
814524308
815284846
817187904
817722547
817762997
817895187
818248091
819768271
819822207
821431707
821459463
821692306
821759540
823039410
823501411
824230619
824318196
824345266
825220633
826194333
826413633
828146504
828302866
830597187
832036043
832440230
832570340
834050459
834385513
834492995
835574590
836170272
836393956
839767300
842180869
842252058
843732148
845629307
847936391
848065787
848656239
849141362
849748791
851404073
854786285
855404177
855651169
856141919
857568112
858906412
859780597
861193755
861487479
868216231
869161955
869371311
870219082
871042360
873342169
873427154
873899221
874293085
875432280
878417004
878661887
880814105
881736654
883116958
883377113
883621056
883842480
885582036
885788934
885918940
886367319
887021014
887207320
887285675
891437344
893089500
893477144
893633918
893709653
894188534
894207563
896138143
896640616
897056132
897730038
898778527
900596654
900850133
903315637
904447561
905443479
907910277
908821896
910681700
911295981
911691912
912213996
914040686
914321429
915002442
915878984
915912452
920236646
921090954
921609083
922867739
924188073
924806023
925318507
927331614
928787369
929256166
929594273
930676141
931030489
931324935
933453483
934087482
935887193
935908997
936079164
938928732
940260291
941318037
941660091
944253176
946498471
946841551
947153324
947460152
947988729
948841188
952793374
953761178
954294845
958524905
958948180
960254124
961222684
964984497
965165741
965814790
966625584
966815699
967185850
967842266
969432329
969704423
970281263
972039566
976808841
976867257
978865052
979162553
980000728
980386706
981772102
982963506
983235552
983467611
984744596
985274104
985338359
985622215
986361326
986528711
986743554
986926502
987241649
987291041
987661648
989035905
990266412
994200149
994253853
994896480
995249061
996311763
997178591
997276967
997551141
999307000
999793764
1000487367
1000615542
1000934733
1002753803
1003480456
1004902241
1005426070
1006544102
1008015143
1011111517
1011914910
1013266280
1014721776
1016182986
1018658773
1020677586
1021470080
1026229789
1031297819
1031330783
1031958639
1032313459
1032964716
1041641608
1042393862
1042881958
1045538732
1046383299
1047874573
1052312618
1052735271
1052759748
1057304210
1058289709
1059663640
1061432555
1061539069
1063152391
1064108944
1066254640
1066293131
1067010221
1068124619
1069171553
1069173928
1069268153
1069420585
1070428373
1070473657
1071525278
1072705733
1072737469
1073515650
1073678897
1076027289
1076281444
1076695794
1077304641
1077757965
1078463111
1080336382
1080591106
1081663491
1082353775
1082650058
1082997225
1083692401
1084375212
1086096456
1086170966
1087004005
1088194287
1089418455
1090415356
1090684196
1091154726
1091579855
1091584724
1093009139
1093312196
1097047804
1098953333
1102386622
1104117693
1104376254
1104898031
1105706394
1106517262
1109492378
1111530483
1112966855
1113737536
1113773830
1114255450
1114472396
1116570121
1117054128
1118234367
1118330475
1118663570
1119574082
1121055074
1121849608
1123209039
1123876939
1124208628
1124443853
1124486123
1124756311
1127194473
1127331254
1130408979
1130532660
1133221336
1134635001
1134743936
1135309179
1135651078
1136772251
1137863508
1140094982
1140817303
1142353669
1143000411
1143169588
1146780373
1147641840
1149045736
1149210645
1149408432
1150426401
1150815060
1151042737
1154244153
1155751564
1156259452
1156648439
1158259759
1159437713
1161338715
1161620703
1163539777
1165477756
1166674678
1166898733
1168718206
1168746929
1169714477
1170351504
1171241447
1171751964
1172588554
1172628596
1173039283
1174117425
1174240857
1175890775
1176939002
1179754603
1181744394
1181789560
1184326858
1186719533
1186739277
1187622018
1187868153
1189168289
1190202850
1192715352
1193066967
1193942034
1194045678
1196016202
1196463969
1196618349
1196750234
1197973484
1198101794
1198543487
1198660005
1199774805
1200278192
1202036461
1204763868
1205098829
1207707361
1208577867
1210081891
1210141366
1212242939
1212877658
1213057977
1216683219
1217148794
1219340961
1219718212
1222988003
1223474465
1228195451
1229044975
1230454718
1231431690
1231934057
1232843215
1232862748
1232981754
1234405445
1234774477
1235756592
1236939537
1236958400
1237912376
1238005272
1240007990
1243668989
1244169297
1245608297
1247895625
1249299841
1249869961
1251352643
1251749821
1252405714
1253041891
1254365258
1254564759
1255909856
1258174395
1258905849
1259310305
1259409925
1259801373
1262177620
1264072928
1264223817
1264368492
1268310486
1268950739
1269102408
1269333216
1269430876
1269437571
1269671947
1270265179
1271437966
1271527834
1275580873
1276936451
1277365996
1281940231
1282923504
1284836323
1285930130
1286292625
1286864651
1287829027
1288088615
1288332041
1290534801
1291580862
1292550058
1292613250
1292800975
1293841701
1296015618
1297073170
1297394014
1297711665
1298531433
1301124806
1302023232
1302383776
1304974211
1305593860
1307175819
1307292897
1307996427
1309566249
1310384847
1312300744
1312829048
1315135147
1315396820
1317243041
1317275351
1320387746
1320432078
1325063984
1325314378
1325563001
1325873493
1326802014
1326939764
1328545630
1329409466
1329563986
1330542233
1330892160
1331209563
1334451693
1336996400
1338302993
1338311147
1338589754
1338871904
1339242369
1342344950
1342394485
1342674371
1343504427
1345449241
1346573899
1348028449
1349136856
1352979445
1356220915
1356264391
1356581030
1358299582
1358755034
1359552126
1361440964
1362330942
1364183117
1364861328
1365283725
1365527908
1367647057
1367764889
1367886676
1368591153
1370063443
1370649256
1372280587
1376230180
1376375348
1377441707
1377742255
1379161585
1379947480
1381369748
1384872587
1385306799
1385523557
1385564177
1386549596
1387195465
1387445612
1387707463
1389406361
1389478612
1390067422
1390497494
1391317385
1391957585
1393284282
1393321337
1393582244
1398081643
1398677780
1398957274
1399283409
1399362865
1399806734
1399823036
1400564892
1402404745
1403065418
1403155655
1405417220
1405627627
1406247717
1407033736
1407987759
1411099094
1411559032
1411581269
1411590798
1411707830
1411747719
1412181763
1412902358
1413236605
1413721189
1413803396
1416675268
1416927728
1417307126
1418789254
1419572492
1421357185
1421390616
1422117319
1422471946
1422992950
1426896394
1428100606
1428891908
1429157600
1429447718
1431495978
1432082735
1432381779
1434776703
1436920952
1438793044
1438938983
1439885551
1442153991
1443438405
1443661348
1444219206
1445043550
1445357096
1446552201
1446795640
1447637373
1448343149
1449340801
1449452435
1452581181
1453881798
1456841892
1458064111
1458290074
1458370381
1460416413
1460593707
1460897209
1461000218
1461394285
1462123030
1463611145
1465710738
1465987441
1466277422
1469915223
1472151829
1472919013
1473392124
1474024297
1474560683
1475552199
1479053315
1480804401
1481089305
1481780907
1482766059
1483432417
1483531027
1486079989
1486189382
1487581746
1488907974
1490429257
1491854449
1492520031
1493237980
1494333504
1496907341
1498111255
1499488230
1502270919
1502390695
1505010201
1505727394
1506036889
1506562794
1506984933
1508022346
1508126782
1509691943
1510316060
1511119484
1511928500
1513555805
1513723804
1516807693
1520633130
1522416373
1523444313
1524743055
1524905407
1526248247
1527787518
1528422350
1529475316
1533077935
1533668102
1535739769
1535830780
1537264382
1538995727
1539529318
1541959221
1542548688
1548058463
1548418123
1548740758
1549256797
1551386954
1552131726
1553929629
1554572852
1555436554
1555472221
1555724103
1556114147
1556631485
1557065140
1559893228
1561671020
1562621686
1563509761
1567022483
1568426568
1569433937
1570308640
1570728990
1570929328
1570950533
1570955713
1573203237
1575397949
1577198408
1577678271
1578440719
1578940745
1578968273
1579762850
1581392640
1581582914
1582616022
1583522524
1583598287
1583857725
1585925843
1591623386
1592411505
1592546179
1592963737
1593240882
1593264285
1594756213
1596233897
1596359315
1596793630
1597301667
1599294862
1599368117
1599769094
1599905154
1601332821
1601734744
1603903103
1605464097
1606640166
1606961340
1607047148
1608237890
1608643487
1608932983
1609956042
1610628570
1610914093
1611546434
1611593861
1611958612
1612461588
1612488303
1615463847
1616291962
1618361350
1619982771
1620018122
1620195220
1622536930
1623310564
1623718524
1623740942
1623988582
1626567420
1627272552
1627588723
1629306451
1630374039
1630917493
1630958311
1631356904
1632473289
1632649256
1632662951
1632677892
1632798144
1636790007
1637574652
1639852079
1641036818
1642129373
1643808483
1645945587
1646343489
1646375812
1647642201
1648572978
1649531515
1652235100
1653261002
1654670652
1656261229
1656660893
1657036246
1658770190
1659044446
1660510889
1663013988
1665053422
1666997699
1667744885
1668113433
1668253128
1669330089
1669772984
1669809780
1672044302
1672685695
1676587971
1677553853
1679287698
1682251899
1683069627
1683471953
1684053555
1684285328
1685755785
1686085710
1686151610
1686200434
1688465938
1691448474
1691799413
1695635590
1696805586
1697813562
1699585933
1700885238
1701841217
1707461914
1710894223
1712017873
1712600655
1712910539
1714376472
1714415105
1714617783
1715614272
1716162541
1716545401
1716642074
1717110991
1717880767
1719964386
1720836739
1721890377
1722352434
1722861149
1723080527
1724767151
1726926830
1727305562
1730378754
1734930697
1735216512
1735217393
1735409251
1737482370
1737945414
1743178198
1744532107
1744542985
1744846328
1746354949
1748191729
1748911265
1749802367
1751985977
1752384677
1753047480
1753076765
1755002796
1755999799
1756615304
1757497099
1757826014
1758096603
1758713708
1758913583
1762683871
1764442011
1764625911
1765905105
1766043557
1769853227
1770207982
1770861904
1772337277
1772382008
1772854676
1773034139
1773638190
1774493658
1774628932
1775065775
1780053083
1782204701
1782288047
1782659177
1782725102
1783141732
1783610896
1783771905
1788737613
1789151294
1789874096
1790388199
1792254035
1795732600
1796933663
1803153883
1803320713
1803426106
1803618849
1803809566
1804762040
1804990305
1805058365
1805194754
1805250313
1805263512
1806803961
1809117485
1809265626
1809691678
1810761170
1817406282
1818471252
1821503052
1822127227
1822160585
1822879632
1822888195
1822916142
1824061525
1827785110
1828958454
1830019146
1832791167
1833001178
1833681915
1834593039
1834801342
1837939380
1838294642
1839956231
1841431391
1842376134
1842665088
1845248581
1845984511
1847428243
1849662797
1849855491
1849970324
1850526942
1851202993
1851500485
1852192155
1852316999
1854958569
1856653388
1857599628
1861042459
1862161886
1863621428
1865837666
1866780221
1867393292
1870145787
1871667664
1874095887
1875196901
1875597670
1877797774
1879098394
1879172371
1879981031
1880338818
1882794509
1883795502
1884496174
1886682992
1887297018
1887453237
1887919267
1888469163
1889997827
1890669056
1893035820
1893981758
1894820324
1895870792
1897540628
1897682477
1897848269
1898186683
1899093541
1899851268
1900986386
1902288414
1903694812
1904176046
1905038160
1905564693
1905790027
1905862161
1906299050
1906558443
1908955581
1909905225
1912937552
1913023255
1916476880
1917462315
1917774778
1918556168
1918767089
1920843358
1920906950
1920990429
1921835234
1922961848
1923834797
1924796749
1925720023
1925822644
1926434663
1928164048
1928339095
1930556741
1930670587
1930759954
1931125196
1932181790
1932650270
1933411453
1933430588
1934000209
1934036798
1934079439
1935033069
1938520876
1939810566
1941237556
1942726318
1942890945
1945902389
1946651166
1946823020
1948497626
1948569585
1948925047
1949409733
1949527064
1950338042
1950962601
1951782200
1952389820
1953450459
1955376937
1957217168
1957941980
1959072055
1959680373
1962587711
1962971537
1963675260
1966812120
1968085959
1969900171
1970904308
1974031074
1974391042
1975468927
1976127800
1976784503
1979832020
1983114591
1983392703
1984585236
1985548133
1987659612
1988394416
1991038950
1991514478
1993935376
1994054829
1994211053
1994430358
1994664990
1996017233
1997574311
1998741532
1999394450
2004691303
2004855293
2006597271
2011369428
2011442397
2012867622
2013646045
2015585926
2016073801
2016999330
2017628640
2019603784
2020861524
2022880625
2024569397
2024960476
2026025958
2026034400
2026489692
2027028278
2028014770
2028302709
2030383176
2030419312
2031109530
2031401014
2032090691
2032093096
2033412303
2035180595
2035563658
2035738580
2035807339
2035842094
2036218834
2040221427
2040998822
2041016100
2041249538
2042688671
2044634482
2045872715
2046214961
2046647154
2047128260
2048952177
2049092803
2049374344
2050111416
2052610183
2053246022
2054554418
2054803114
2056230013
2057503097
2058846098
2059944471
2063186418
2065081488
2065852386
2065941780
2066057703
2066078987
2066832029
2066943456
2067544827
2067598365
2067757466
2068762170
2069645005
2070361328
2071070513
2072251293
2072314839
2072389561
2074692321
2074980951
2074989759
2077496080
2077595688
2080649955
2080662313
2081541724
2082103158
2083138375
2087342162
2089025543
2090044948
2091027256
2091762292
2093034120
2094515444
2095519928
2096041171
2097229298
2097295378
2099979307
2101447893
2101631518
2101782269
2101942371
2102662579
2102740363
2104388708
2105974626
2106442289
2106648938
2106879655
2107197188
2108122567
2108704872
2108773061
2110179842
2111489856
2112112435
2112725773
2114360306
2114993579
2117006190
2117031577
2120074188
2120940951
2122991523
2123004805
2124144745
2125617087
2126971997
2127135068
2127425133
2129908295
2131603164
2132635101
2133239712
2135926216
2139128125
2140847342
2142423723
2143280718
2147103003
2150274040
2150561824
2151032664
2151063056
2152618202
2152879568
2154155647
2154574227
2155245111
2155679827
2155823330
2155920476
2156061453
2156115200
2157062892
2157404487
2157923784
2159018184
2160917048
2161393477
2162771267
2163490137
2164605623
2164703294
2165500200
2165547008
2165568033
2165664624
2166562687
2168748715
2168781762
2169362544
2173275394
2173798762
2174857150
2175801721
2177169890
2177700395
2178763847
2178933197
2179914756
2180404327
2182177753
2183118381
2183161064
2184555733
2187349904
2187382177
2187518180
2188584597
2188645894
2190154570
2191441070
2191765155
2192360259
2192560772
2192681257
2193469934
2193509669
2194527844
2194965446
2196366950
2196648411
2198272615
2198327064
2198969800
2199305959
2200109704
2201079876
2201234879
2201575836
2202600701
2203373498
2203967484
2204591080
2204952071
2206334187
2207546334
2209270219
2209412354
2209890062
2210829066
2214310938
2214460032
2214869422
2215568055
2217738443
2217871811
2218560071
2219926999
2220588065
2221594618
2221766231
2222068340
2222761024
2226666698
2227582786
2228363088
2229295845
2230851605
2233972948
2237398039
2238104658
2238403679
2238642785
2238897924
2238981403
2239885299
2240928675
2241661577
2241701828
2247596882
2249190950
2251042135
2252002669
2252369671
2253192789
2253366476
2253532614
2254076277
2254222501
2254697437
2254742631
2256122448
2256573092
2256661842
2256758329
2258504928
2258784055
2262211324
2263729293
2264224622
2266182985
2267010489
2267020988
2267737717
2269655212
2269929684
2272414822
2272776094
2276999989
2277333208
2280348407
2281367475
2281447268
2282388556
2283987350
2284081678
2285432870
2287965803
2288256011
2288612712
2288711290
2290564177
2292986947
2293125411
2294016884
2294681869
2294989779
2295748455
2297098001
2298121747
2298518953
2299217850
2299382531
2300054318
2300926689
2303372675
2303541957
2304970449
2308444861
2308996044
2309187188
2313723337
2313735720
2316537048
2316878648
2317358375
2317644295
2318497023
2319150767
2320430150
2321699609
2322103883
2323075697
2323901874
2324829497
2324836223
2325134573
2327041621
2328188241
2328228691
2328453088
2330383902
2330918028
2331928802
2334123498
2334683076
2335500413
2335943715
2336909058
2337727180
2341266456
2341699357
2342430377
2342594710
2342881107
2343594854
2345850036
2348598186
2348847085
2349121521
2351147425
2352083672
2352497097
2352986587
2353050051
2353184054
2355254222
2355296234
2357044992
2357549334
2358802583
2358883318
2359768678
2359789605
2360357254
2360887975
2362234567
2362336726
2365309341
2367461352
2367870229
2368766352
2369331681
2369820917
2374750600
2376079152
2377472833
2378351987
2378828094
2380201485
2382034621
2382331998
2382879148
2383862078
2385710616
2386010824
2386255980
2387561092
2387763459
2388408808
2391346078
2391495201
2391986945
2396014954
2396016099
2397112988
2397880335
2398104576
2399219402
2399511361
2401665307
2403465388
2404205525
2404274278
2404522250
2404687849
2405357143
2405634333
2405773860
2406411446
2406731971
2407664244
2409134846
2409893185
2410293299
2410568277
2411710303
2411733238
2411925136
2413088059
2413195909
2413319727
2417157844
2417474169
2417480382
2418007561
2420562333
2420871298
2421407776
2423014252
2424086138
2424218335
2424452012
2427269016
2429098096
2429679116
2430225267
2431707116
2432581738
2432725607
2433679530
2434765513
2440206552
2441728002
2442425719
2442527341
2443240561
2444022892
2444548273
2445098339
2445767887
2446875483
2447893970
2448451499
2449426070
2450871972
2453300932
2455655891
2457327455
2457769492
2459629865
2462423259
2462850479
2463199016
2463558192
2464278827
2464309896
2465132505
2467355503
2469157285
2477763565
2479579768
2480755917
2482025734
2482604140
2484589696
2485379590
2485726654
2487452951
2487716222
2488630003
2490063299
2490438869
2491491090
2492337512
2494102751
2497434479
2499196952
2499776278
2500092247
2500409504
2500491647
2501252373
2501927310
2502648732
2503581943
2504191686
2505974029
2506480895
2507292878
2507587732
2509257520
2510299209
2511395682
2513305923
2516666766
2518926108
2519885631
2520209739
2521161626
2522132541
2523611447
2524747615
2524979491
2525523737
2525907004
2527633686
2528887657
2529900869
2530816349
2533024807
2534905204
2535613717
2535817890
2536963152
2538396938
2542505989
2543241748
2545363937
2545764831
2546281635
2547071758
2547727001
2548614487
2548742392
2550069048
2550436575
2551497891
2551866442
2552365172
2553197630
2553528262
2554289313
2554810042
2556820389
2558121274
2558908042
2559479383
2560420539
2560843358
2561570994
2563530439
2564107535
2565692066
2565943779
2567346497
2568727096
2569776315
2570043886
2572238692
2572924133
2573339864
2573893501
2575539448
2575891725
2576268003
2577893415
2578180490
2580066443
2581482673
2581812067
2582554596
2582861481
2583192809
2584403733
2584810427
2585555417
2588730172
2591213393
2592854015
2594167705
2594598221
2595419349
2596380064
2597454145
2597519994
2599376157
2600397418
2604291725
2604778827
2606565697
2608437489
2608456108
2608765418
2609011129
2609304548
2609805827
2610539522
2611069698
2611995892
2612691946
2613394816
2613439786
2613828969
2614040694
2614525248
2614563694
2615394937
2615996247
2617721410
2618826203
2619673434
2620338395
2621574856
2621894623
2622379742
2624167338
2629010656
2631458300
2635806666
2635961058
2636535011
2638839557
2638884190
2640081703
2640930392
2641913070
2642698630
2643821277
2644015616
2644157004
2644639136
2645343076
2645565317
2645891744
2646214921
2647618105
2649429991
2649941064
2652693736
2653420182
2653527656
2653730240
2654918388
2656062836
2657873076
2658187879
2658304281
2658440718
2658621621
2659428661
2659936904
2660329364
2660612490
2664057044
2667981116
2668665589
2669183032
2671614271
2673210495
2673781316
2678008527
2679817860
2680479765
2686227448
2686401891
2686515052
2686871415
2688350214
2688417645
2690154685
2691455421
2692016674
2693635263
2694695931
2695121477
2695479652
2695869322
2696383837
2696439732
2696571738
2696783248
2696996309
2698640247
2699410324
2699421027
2700116309
2701692672
2704019056
2705200388
2705650085
2705879659
2706380132
2706562505
2709044399
2710488471
2711428925
2711507127
2716019608
2719601823
2721016210
2721141253
2721205853
2722325563
2722396954
2724267959
2725877394
2726022939
2727871127
2728007928
2728508136
2729585970
2730866071
2732505017
2733761740
2736166583
2736462493
2738155650
2739340051
2744186355
2744228533
2744274312
2744669746
2744989470
2746188298
2746513299
2747017789
2747419909
2747989276
2749609320
2749834567
2751037071
2752707145
2752870082
2755187039
2755637290
2756826108
2757351577
2757460797
2757465451
2757720196
2758413563
2758718218
2761267752
2761727720
2762207365
2762576078
2762687123
2764388255
2764716982
2765263074
2766642460
2767065506
2767359802
2768719494
2769599470
2771655389
2772828231
2778885193
2779156561
2780438421
2781881860
2785098814
2785317654
2785518501
2786098710
2786570560
2786720826
2787105120
2787677038
2787893725
2787941388
2788106067
2788577471
2788845458
2789745945
2789855529
2790034781
2791981482
2792158505
2794153961
2794712983
2795714326
2797164307
2797381239
2797417127
2798323403
2798423478
2799371569
2800822848
2801212675
2801781802
2807434489
2808357883
2809114193
2809869167
2810516471
2810844680
2811265537
2813025415
2813508256
2814502033
2816244427
2816733588
2817687002
2818236601
2818360169
2820276894
2820353913
2823179166
2824748707
2825397141
2826629912
2826694053
2829049337
2829653283
2831904528
2833000795
2833555218
2833595015
2834463702
2834818192
2835073496
2835759950
2837201335
2839328180
2839478777
2839719111
2841570855
2841783417
2842052520
2842796591
2842952529
2844245158
2845148330
2845243498
2845430604
2845835046
2845937710
2846286936
2849841716
2850887614
2852350091
2852891121
2853270527
2854130837
2855549044
2856345256
2856999681
2857547301
2859309266
2859598888
2860174860
2860388282
2860528183
2860798045
2861199409
2862214771
2862892666
2863986196
2864064314
2865527428
2866085693
2866124561
2866838875
2866882133
2867432219
2876381426
2877392357
2880229700
2880580819
2881549676
2882169859
2885262709
2885346927
2887951998
2889977861
2891218720
2891857556
2891928910
2892159140
2893627600
2893882522
2894280410
2894655588
2897679611
2899658514
2900937975
2901911459
2902344435
2903615452
2907338666
2907441854
2908567009
2909582976
2910779637
2912080491
2912949965
2915315566
2915800515
2919962212
2920108626
2920484359
2920490171
2921092546
2921603911
2921797754
2922537403
2923604298
2928557777
2928676079
2928851429
2929072236
2932061965
2932402614
2932521620
2934354141
2934951666
2938696940
2939202757
2939914137
2940722648
2941614977
2942686685
2943592357
2944824760
2945019929
2945407985
2945435713
2946071778
2946842507
2950076015
2953453318
2954391971
2958828909
2959347504
2959608134
2960477692
2960911153
2961763695
2962350884
2962457237
2964353188
2966438703
2967653636
2968236082
2972266625
2972303397
2972896914
2973212468
2974392320
2974414935
2974748665
2975403713
2976385358
2976816042
2977527614
2978722825
2979934859
2980136812
2980754788
2981517571
2984362027
2984882076
2986520789
2986746087
2987015287
2987015389
2988511032
2989578421
2990185260
2991286643
2993719510
2995085713
2995220828
2996242566
2996716694
2996876698
2999001618
2999651569
3000982039
3001175353
3002219888
3002356539
3004322505
3004771538
3004925123
3004975834
3005639117
3009139806
3009843930
3010046467
3010526712
3013916149
3013949924
3014174415
3014919028
3015525235
3017812997
3018083742
3019140976
3022299614
3022670413
3023574195
3023864912
3023932583
3025296948
3026499147
3027146963
3029043917
3029776039
3029933863
3030155906
3030191900
3031631629
3032179560
3032554767
3033180026
3034872495
3035306693
3037165510
3037971224
3040111749
3041378691
3042049057
3044480484
3044649518
3045155435
3046804573
3047143445
3049139478
3051177192
3051367214
3052971633
3053824639
3054570266
3055825537
3056093502
3058613720
3058990313
3061681966
3062031458
3062417494
3064785038
3068220937
3069447157
3070037295
3070166184
3070874901
3076559084
3077956716
3078151953
3078815709
3085143849
3085412673
3086343698
3086810377
3087805496
3087947670
3089300720
3089535056
3089620250
3091455076
3092403051
3094598786
3094965578
3100217606
3100674930
3102119900
3102653287
3102913690
3102935212
3103454423
3103769995
3104347257
3106818310
3112603830
3112658020
3112780241
3112803361
3112928699
3114124814
3114634486
3114643767
3114816807
3117296178
3117496072
3117819531
3119223990
3120450532
3120654733
3122012632
3122091258
3122507935
3122761969
3124310205
3125718584
3128193754
3129995277
3130115013
3132887507
3137129371
3138938193
3140115768
3140971218
3141505163
3143925297
3146042791
3147871614
3149682739
3151031099
3153099771
3155002778
3155253588
3155617177
3155845416
3155879671
3156106185
3156825392
3157573913
3159020285
3159020838
3160387353
3161321875
3161734434
3162230419
3163210823
3164069910
3165949035
3168329152
3169486757
3173247568
3174082910
3175650865
3176389968
3176491814
3177036577
3180432903
3180721189
3180799151
3180893967
3182617073
3183056595
3183814100
3184183208
3186615806
3186777653
3186973965
3187205665
3187344781
3188789437
3190463396
3191141755
3192055830
3192879508
3193518544
3194441316
3197094823
3198295158
3201458089
3202903874
3204915202
3206974785
3207778833
3207819045
3208895603
3209395241
3209427554
3209666101
3210887218
3211123712
3211472206
3211639793
3214108480
3214696559
3216387410
3216857056
3216908120
3218206120
3218573241
3219371886
3219960506
3220072114
3220349568
3220593862
3221298807
3221956615
3222007203
3222332725
3222380726
3222439892
3222874077
3225100213
3225430745
3226677552
3227709249
3228570659
3230295418
3230392852
3230594128
3231368178
3232575465
3235577847
3235616109
3235738633
3235982259
3237566560
3240722356
3240838283
3241097490
3241466148
3243651167
3245064652
3245154953
3246957270
3247937460
3248030586
3249504547
3249743014
3254479595
3255478917
3256556222
3256908668
3257258228
3258010897
3261184934
3262430038
3263175367
3263732399
3266133326
3266791237
3267302117
3268288427
3271173390
3271820523
3273161482
3276220628
3277642412
3281945561
3282141179
3282312479
3283074921
3283875278
3284195875
3285232471
3285459649
3286742363
3288133796
3289272915
3291332649
3296632037
3296824630
3298759220
3298882847
3298929823
3299076345
3299470311
3299997821
3301474899
3301566839
3302337323
3304504540
3305136479
3306743523
3308856469
3308892027
3309208959
3310761559
3310803350
3311154365
3311238922
3312521683
3313875212
3314774735
3314924462
3315192572
3315396434
3316352154
3316534314
3316731942
3317829924
3319116672
3319887720
3320006584
3320793230
3323115303
3326026329
3326553182
3328179601
3328726295
3328739825
3329456012
3329581770
3330569001
3330673262
3330985894
3331037410
3333248379
3333355144
3333693480
3334010479
3334058719
3335136024
3335214442
3335765254
3337710206
3340628586
3340776181
3340866755
3342082543
3342178298
3345317993
3346243649
3347531051
3349647648
3350747732
3351716862
3352196122
3352555718
3353290708
3353606729
3354431126
3356166620
3356838021
3357368923
3357384729
3357460044
3360244368
3361335844
3361850062
3362251230
3363138409
3364372842
3364501666
3364759246
3365946784
3366605379
3370509359
3370636886
3373605037
3373697086
3374788449
3375507639
3376362023
3378360797
3380229591
3380594887
3380930001
3383221896
3383468370
3384962569
3387406865
3388595975
3388900189
3389088006
3389117878
3389412609
3389843418
3392045714
3392626043
3392633234
3392696978
3393440438
3394367069
3397773959
3402229617
3402687413
3402753771
3402791963
3406772438
3409232080
3409325514
3410977649
3411736719
3411822521
3412109691
3414141907
3414261886
3414681700
3415165314
3415335730
3415440189
3415851268
3416658374
3416778015
3416815350
3416830673
3417466838
3419187110
3420206271
3421699570
3421769707
3422190360
3422247931
3423409886
3423671937
3423924347
3424583155
3425219118
3425676790
3426430997
3426954861
3429330301
3429815366
3431134399
3431801523
3433300368
3433389971
3433956399
3435219187
3437124996
3437728128
3438067537
3439467247
3439980762
3440142146
3440241600
3440715784
3441641181
3444145724
3444236237
3444425508
3445583398
3445995747
3446910903
3448230714
3453803846
3454485823
3454711299
3455661740
3456354782
3457080151
3458559693
3459898438
3459963133
3460651448
3460671396
3461174405
3462105222
3462304253
3462824041
3465421486
3465706172
3466302974
3466864989
3467019287
3467986116
3468033082
3469253323
3471508534
3472202633
3473321947
3474015256
3474681337
3475106388
3475226672
3477463756
3477774179
3481925863
3482574627
3483092767
3483692171
3484525412
3488198979
3490400976
3490682578
3491688053
3492683734
3492916258
3494085361
3494750746
3494812602
3496747002
3497893144
3499946921
3500413054
3501358097
3503310267
3504081636
3505071007
3506327297
3506798205
3509577759
3510164412
3512224126
3513364363
3513455585
3513618360
3514412441
3514566757
3515319645
3516457649
3518900750
3520570199
3521124650
3522066797
3523755057
3524798409
3525485018
3525575430
3527236260
3527556508
3527574367
3529603834
3530952226
3534037077
3534154065
3534296179
3534778596
3534824930
3535267402
3537120209
3539910990
3540283480
3540304066
3541929493
3544078157
3544345750
3544463443
3545691756
3547455658
3547853040
3548151828
3548976532
3549651983
3550042340
3550698944
3551123937
3551205651
3551325639
3552205141
3552580258
3553949242
3557891295
3558383126
3558824882
3563279483
3565174640
3565549796
3567977599
3569064242
3570016341
3570636776
3570914862
3572673244
3575598990
3576305268
3576462130
3576584221
3576951151
3577125526
3577313852
3579292021
3579941281
3581460284
3582440879
3584568068
3585514415
3588936287
3588965243
3589671665
3589729921
3590720452
3592918993
3593897269
3595193146
3595264614
3595332609
3596561931
3596743122
3597686600
3598895688
3599326068
3599575829
3601087338
3602230396
3603206130
3603217819
3604774567
3604923533
3605372852
3605788388
3609372436
3609527846
3610122082
3611030271
3611594134
3612563929
3615118309
3616160680
3616269181
3617290355
3617671176
3618124385
3618953824
3620114517
3622721365
3624068257
3624221877
3629838753
3630161007
3630406855
3630950430
3634840496
3635600129
3637663750
3637999933
3638144623
3640131953
3643213064
3643479094
3647923879
3648503531
3648822092
3649134682
3651128635
3652507763
3655921193
3657302048
3657464846
3658510459
3658964349
3659158603
3659881186
3659983227
3660838160
3662014241
3664470990
3665799151
3666595203
3667452684
3667471863
3668999583
3669574585
3669651594
3670233584
3670482995
3671500941
3673010964
3673596609
3675668757
3676100390
3676733280
3677511447
3677604696
3677879746
3678360266
3681365619
3683787829
3685866086
3685877278
3686115613
3686490837
3687355975
3692840601
3694690674
3695354853
3697429215
3699151194
3701613063
3702145502
3702465256
3702845725
3703034634
3703345749
3703699251
3704818183
3704969125
3705164002
3707857561
3708968457
3709015452
3712313147
3715476065
3716181577
3717214998
3718391793
3719396344
3720528216
3723079950
3724242120
3724937894
3726029475
3727244954
3727928406
3728135361
3729451211
3732087492
3735331272
3737592537
3737944217
3738122135
3741430504
3742094434
3744564422
3750210322
3751227620
3751469255
3751540967
3754649822
3755862969
3756023020
3758993483
3760474645
3762516599
3763600154
3764831237
3766844433
3767974156
3772894172
3773849802
3776774877
3776801554
3777048911
3777951261
3778700509
3781103076
3781652787
3783708194
3784237086
3784788885
3785165211
3785288713
3785872520
3786514631
3787994572
3791480056
3793207982
3795345026
3795797809
3796443364
3799278430
3799457285
3799680095
3800305932
3800669556
3803159777
3803472624
3803940462
3807643694
3808071217
3808073344
3808617351
3809193417
3809665266
3809781668
3812630757
3813584424
3814940333
3816019129
3816953619
3818908453
3819015026
3821350780
3822166036
3822348160
3823366749
3823442898
3824025853
3824537037
3824741611
3825868061
3827750101
3828101658
3828929463
3829922845
3830794665
3831293780
3831338903
3832776584
3833822974
3834957475
3835795241
3836151950
3836379948
3836761601
3837390867
3837460546
3837716195
3837994691
3839601128
3839612877
3839834907
3840234445
3841635269
3843106352
3843671918
3846628115
3846852441
3848304988
3849053022
3849460884
3849925834
3850064516
3852014131
3853572369
3853585663
3853845828
3854173772
3854274659
3855897657
3856020799
3856539936
3856958608
3858302100
3860048888
3860888406
3861349778
3861813578
3861825452
3862626689
3864487453
3865447051
3867097152
3868421785
3868827923
3870864103
3872663828
3872951379
3874254011
3875414108
3876047602
3876726954
3879293294
3879921068
3881810902
3882536907
3882940134
3883436476
3885433396
3886668098
3887931838
3888036666
3888370530
3888815681
3889876809
3890350969
3890834051
3892222363
3893397089
3895254505
3896338468
3897238128
3899016552
3902335578
3903501684
3906038460
3907358648
3911703903
3913434474
3914109443
3915608398
3916117914
3918670137
3919449905
3919570417
3920043404
3924327628
3925064713
3925086413
3927220806
3927490080
3929659052
3930312193
3931428207
3935760271
3936540918
3938121535
3938277508
3938596910
3938770141
3942051399
3942411839
3943704062
3943734190
3944016923
3944702465
3945072799
3946324703
3948114777
3949523205
3950895252
3952323772
3953494732
3953916280
3954403047
3956358300
3957537054
3958763154
3958987406
3959036372
3959857485
3960482563
3962072828
3962711608
3962863150
3963292397
3965567353
3965685677
3967329299
3968390221
3969112218
3970045573
3970586597
3974058428
3974462117
3976006962
3976234967
3976443906
3976499631
3978673357
3979289551
3979324659
3979790656
3980895213
3981659243
3982412273
3983528423
3983692647
3985232584
3986706660
3986823313
3986897698
3987044042
3995684933
3998359675
3999704384
3999723452
4000150635
4001463237
4001471577
4003316597
4003494039
4003901081
4004567950
4007646929
4013155121
4013174883
4013538469
4013911615
4016251407
4016968005
4024456517
4026544715
4028802697
4029290977
4031566503
4032785870
4034469102
4038412518
4038553867
4041283564
4041758222
4042337843
4044635889
4045123945
4045330342
4046477171
4049148598
4053174665
4054694532
4057621433
4058611671
4060402495
4062893745
4063235649
4063723683
4064960331
4065832437
4066887895
4067011056
4067584950
4068666093
4069244745
4069430650
4070605543
4071668759
4071859011
4075802513
4076221274
4076706801
4077928356
4081676346
4082363523
4084039405
4084329236
4084448203
4084714442
4084856119
4085645537
4088725989
4090371870
4095734172
4096091533
4096188969
4096954538
4098142297
4098352650
4099485600
4100128963
4102037613
4102306295
4102420330
4105157315
4106095644
4106216352
4106402668
4106409196
4106841347
4107606517
4110670267
4110743997
4111160853
4112304009
4112674491
4113109770
4114453720
4117744808
4118104243
4118547304
4118581275
4119071445
4119176121
4120208125
4124097723
4124256151
4124636009
4124733324
4124750940
4124764317
4126846719
4128383257
4128672301
4131576995
4134374077
4134494510
4134973678
4135736746
4136833058
4139280638
4141416887
4146309475
4148543034
4148553726
4149816364
4154070824
4155480590
4156180663
4157786239
4158270884
4160567906
4161401988
4162358121
4162756925
4162841211
4163465250
4167695545
4167893298
4168809684
4169550380
4170239266
4170369293
4171078055
4173357520
4173546528
4173714408
4174181071
4176330955
4176600883
4176952004
4178673583
4178700726
4179896733
4180184975
4183913792
4185100262
4186035272
4186797790
4187810127
4187867664
4188562964
4189724172
4194444653
4194651591
4195035216
4195166643
4197518633
4198107095
4198191705
4198510205
4198586917
4199305576
4199552103
4200852704
4201303473
4202786422
4203971962
4203973631
4204001768
4205979247
4206234085
4208301337
4208763244
4208784391
4209716223
4210307105
4211399846
4212267455
4212565560
4213536769
4214527479
4216462482
4217321285
4218811999
4219287623
4222055372
4222681224
4224822995
4224917542
4229875613
4230492057
4230823815
4232075001
4232284712
4232663198
4233035170
4234895371
4235509784
4236464459
4237057954
4237986141
4238053436
4239164976
4239973026
4242026006
4243319100
4243639035
4244103278
4245826476
4246214404
4246849500
4247731377
4248028294
4248293158
4248896135
4249886420
4250189799
4250610012
4250782026
4250865433
4252080154
4257226868
4257421106
4257594983
4257795553
4258515475
4258893854
4258896493
4259373632
4259734309
4259912918
4262673465
4262922127
4264545243
4265882399
4267537899
4268217675
4268291529
4268455047
4268627626
4268998666
4269128146
4270392948
4271827562
4272732308
4273413879
4274375751
4274789027
4276415458
4276511955
4278890520
4279107949
4279390249
4281292783
4281477366
4281852426
4282094380
4282303480
4284255881
4285960544
4286785318
4289251485
4289584851
4290136885
4294633764
